-2.720771763183969405e+00 2.048654547970892636e+00 -1.416586210221790765e-01 -4.392022349984354701e-01 -5.840554039455763541e-02 -4.358727448388149406e-01 7.916037383540613925e-01 -8.625659317401951354e-01
6.714567969592373231e-01 -4.603010232102855426e+00 7.427275873063579059e-01 9.875836583345054542e-02 4.021604029914076506e-01 -1.155712864672245876e-01 -1.283581892745399244e+00 -9.546966067667711497e-01
4.973009614468827166e+00 -2.539121592255243254e+00 9.745546221172836088e-01 7.303608714350406927e-01 3.865793642410977893e-01 6.007674771875848307e-01 1.713654763171391870e+00 7.854859173241022230e-01
-4.240890148647430635e+00 1.518045163852384860e+00 8.319313591453252332e-01 -1.299671638329615853e-01 7.552142418912681787e-01 -7.837558389819526683e-01 -1.485491433014480833e+00 -1.294894520317178443e+00
6.120678632589360291e-01 -5.246954849414539268e+00 -7.001889355657104907e-01 -8.728177968008772325e-01 8.148163196799552976e-02 -9.470788274693509035e-01 -1.180882024052287482e+00 -8.287301701472558069e-01
-3.569484220370256811e+00 -7.073853233850737610e-01 1.182706746208878945e+00 3.703226762003803962e-01 1.429842734702999385e+00 1.744680675826390637e+00 -1.417185089922871066e-01 -3.833958426989203527e-02
3.709650249520539234e+00 1.081606911021578021e+00 -8.869230463311947865e-01 1.955006980367477443e-01 -5.773084643223146406e-01 -3.073386224928995047e-01 9.888254812229460011e-01 -7.955480920767222797e-01
-2.454382669582996002e+00 -5.662849771761696793e+00 -2.523747804682519025e-01 -1.053341751460234343e+00 -1.297567710135362651e+00 -2.348009056883216594e+00 1.472360437793523547e+00 -7.849028129946360455e-01
3.211078109654371460e+00 4.824675334108853519e+00 -6.038432133247693123e-01 5.695109901981423306e-01 -2.900030052173745432e-01 5.571023906478088650e-01 -2.255429802873787359e-02 1.155115914836304158e+00
6.006127115775690584e+00 5.433578062009074117e+00 -8.405890172292499463e-01 -1.104061539995482955e+00 6.756729706192729501e-02 -1.160853386301481383e+00 5.895490519987823808e-01 7.085265149741658552e-01
-4.482018284819973886e+00 2.271828507541920672e+00 -7.724988196947401020e-01 8.518711556331675094e-01 -1.270482241619598218e+00 1.984211977207012145e+00 -3.090333904054955561e+00 3.789934374719402532e-01
-3.421660653303701949e+00 5.176385591172754985e+00 5.767105501366811549e-01 -1.027377200720550166e+00 -7.728317145570498536e-02 -1.079719850069272402e+00 -4.914503050309989018e-01 8.328793643783667378e-01
-1.873114796981871777e-01 -2.206742672016084761e+00 2.755244322434458049e-01 -9.588283674849527038e-01 -7.746339689960027308e-02 -9.924270234865961715e-01 3.031671073472807509e-01 8.737790325761922716e-01
-1.770507059339752054e+00 -3.968890386890452593e+00 -1.019378387608214531e+00 3.879550354952927549e-01 -4.782333610276951474e-01 1.071396220663192039e-01 2.001722234732230987e+00 -7.775792086761305066e-01
4.071016258869113003e+00 5.785876320424332420e+00 -1.023490172728791503e-01 -2.368536934459726240e-01 -6.888648431303832920e-02 -2.467434453918551929e-01 1.619371648191707092e+00 4.602410098542056849e-01
-3.233636013015113608e+00 -1.231871869951195464e+00 2.826084657076648465e-01 9.078366882369293123e-02 1.755880930641610382e-01 1.641356506958628336e-01 -1.576419044207894304e-01 9.169278052530461798e-01
2.844014694502593699e+00 -2.918323653395037631e+00 -9.018475305316016044e-01 -1.091756340682671578e+00 3.618068501408653465e-02 -1.123139395632171800e+00 -6.066320143828489719e-01 2.416397185754340371e-01
-1.363429112567907886e+00 -1.535098988927579455e+00 4.093590507832838288e-01 1.178125888012335754e-01 2.849623807363290684e-01 -1.629610955030752206e-01 1.965085578951185630e+00 9.914300481609190641e-01
5.498981048764832735e+00 4.481526149160707462e+00 -3.860688572642955174e-01 1.082666405978625068e-01 -2.569687092147530105e-01 2.433121655178365483e-01 1.465717535435783647e+00 9.202759092710555144e-01
2.196726427005639692e+00 -5.440031459193930274e+00 6.493456366760064213e-01 1.021453155378829747e+00 2.197037782186041788e-01 9.741027183547683599e-01 -1.829821760190895930e+00 -5.377598686104192449e-01
-5.509989958865299187e+00 3.810180333430677635e+00 -9.597854537474886927e-01 -6.864927540378551463e-02 -1.016971518421993848e+00 -1.080061626174382283e+00 -1.282160533760557053e+00 5.051875836671573250e-01
1.460656687800686804e+00 -3.903223026119715833e+00 9.118710846273312409e-01 9.008862645617659037e-01 2.239757791884306182e-01 7.650735155027460488e-01 -1.851620986448628603e+00 -8.263628131123912368e-01
2.211638344988482885e+00 2.923242082929013108e+00 -8.351546658894930530e-01 1.155793886038304352e+00 -1.199079899676421590e+00 2.063875716547848072e+00 -3.219319854722131780e+00 1.399514953303575782e+00
-5.158558077179763224e+00 1.498817661334348017e+00 -3.586808823400569057e-01 -6.987269064957926101e-01 2.573180322172958223e-01 -9.382395189114317580e-01 -1.892459398100277745e+00 -9.091648594715874276e-01
2.854477207353248502e+00 5.371367091345017997e+00 1.333561410953914006e-01 -7.149329779059100387e-01 -3.327373708354220416e-01 -9.848285681370013700e-01 -3.747227648893656227e-01 5.989672545768827128e-01
-8.119562078195254884e-01 -2.748226464798373847e+00 -9.822330482209369329e-01 3.188336109333183011e-01 -4.637600460651793988e-01 1.530894973292273586e-01 1.517576952585660610e+00 3.169919009770874041e-01
3.580620216949339962e+00 4.056241120413336176e+00 2.296698564458476977e-01 1.284245780900681311e-01 9.548050476480465787e-02 4.354158944446389484e-02 8.520225219641784919e-01 7.904445546177307769e-01
-4.307316006345782711e+00 -3.576294418819113918e+00 1.133557345650124448e+00 -5.438604199904828462e-01 1.064138463435053694e+00 -1.336103788795358405e+00 -2.787384017280104764e+00 5.280968116730191397e-01
6.071590092068030131e+00 5.773162228435088750e+00 -9.723776035868862966e-01 8.874494291695611548e-01 -1.675739780690404857e+00 2.489121354683479392e+00 1.646423549450903412e+00 -7.381865535623628460e-01
2.991208772198753252e+00 4.336514560854666911e+00 -4.835382289758083374e-01 2.759983600021493899e-01 -2.796125127039926217e-01 3.385153863532935348e-01 -3.918923353049799108e-01 1.022443941127645806e+00
2.166237159385996591e+00 2.804175047736201520e+00 -4.723307823840663389e-01 2.243720464046599083e-01 -4.817228546430741276e-01 6.113523164824845590e-01 -1.831190652580226397e+00 -1.556634218698920713e-01
-1.587677750898324192e-01 1.953241505785404897e+00 1.040402111928766749e+00 -5.438493756848431504e-01 4.382720709356494049e-01 -3.180621344752850854e-01 1.967275588134278774e-01 -8.082792523217320335e-01
-1.533172093821367099e+00 -1.522025883436493032e-01 -9.022664119248344772e-01 6.045798629391068157e-01 -5.173822421807291461e-01 7.022041128506997243e-01 1.641802772817615885e+00 5.083974351291097316e-01
5.122157740706638762e-01 -4.705580720949334328e+00 -1.010643248192754973e+00 -2.153081859135985709e-02 -5.665083811969618965e-01 2.527521716525200635e-01 -1.105504390309581808e+00 -8.746921367026776473e-01
-2.773465892613959038e+00 -2.772844325376691899e+00 -4.123379600174192916e-02 -2.796612868125293305e-01 2.384273446724044787e-01 -5.180885854272300195e-01 7.196598731100177782e-01 3.605249611783391539e-01
-8.928013334435789261e-01 1.862466837397681374e+00 -2.569799172423496980e-01 5.003100791764458766e-01 1.807908966653175020e-01 6.677767226085229435e-01 1.603152421116963655e+00 -1.003253495269216033e+00
3.029530867418458229e+00 2.059032884324549784e-01 -1.041839094810972588e+00 -3.289626151203570714e-01 -1.233727244305236725e+00 -1.500847519258188045e+00 -8.025398315593419429e-01 3.744335983785126443e-01
-3.011592635645745197e+00 -2.750815344681141195e+00 -5.065075034391118836e-01 4.002058684735416705e-01 -8.375072559304116426e-01 1.209396886685158101e+00 -1.883847598351112707e-03 6.420594086690406543e-01
5.817264667312018744e+00 -2.675167723618145477e+00 8.238382534132722146e-01 7.086266847909472588e-03 5.034293720025597718e-01 3.071060501919848917e-01 7.743391232360897769e-01 5.738478537934197377e-01
4.937917060116303603e+00 -4.077641120645996153e+00 8.309035658545440572e-01 5.183441347466333227e-02 7.583902370676735005e-01 7.476055415989856234e-01 1.723755859894350984e+00 -5.796247882945071428e-01
-3.730859217955931673e+00 -3.952307496376105345e+00 -6.145754803943148659e-02 -3.245444411393383355e-02 -2.842435491666697039e-02 -4.724201463987789951e-03 -1.111532357798457493e+00 -7.247503781006637835e-01
-4.500200440530020884e+00 -3.328686562162102902e+00 4.942281001005182084e-01 2.533776158308893578e-01 2.140367783937681678e-01 1.701692486240529989e-01 -1.921587207718939538e+00 -2.195617997935140897e-01
4.704141664385383947e-01 3.747746158521625404e-02 -2.677244856914897664e-01 7.831998604843140033e-01 -8.321888599432397671e-01 1.538608983417601550e+00 -3.693285243490123659e-01 -5.746511730045820165e-01
-2.012521043103404850e+00 -5.300717536117090845e+00 9.440754512883915428e-01 -6.097061014263461809e-01 3.337870036706934718e-01 -2.794996674391873603e-01 1.794403162653040562e+00 -8.182412206835705248e-01
9.822297343611756659e-01 -2.574005443002529869e+00 -1.503501869958041581e-01 3.925508867008855596e-01 1.797611434221944027e-01 5.570791414459983493e-01 -1.623131479772319530e+00 4.972559954145141514e-01
5.847048694399738622e+00 -2.617275990205655933e+00 -3.330550251656173577e-01 -4.744246233091923282e-01 -3.619327509610915095e-01 -6.818658754066894145e-01 6.426496896865803166e-01 7.028536685125665873e-01
-9.531938012348071254e-01 3.023382618479477202e+00 -1.807445224370751724e-01 3.311686080799589593e-01 2.680369462315372250e-02 3.491589722802299622e-01 1.623600759367911150e+00 -1.109974167562788050e-01
-1.948372247236846988e+00 6.145563834546653226e+00 -6.605216896630273782e-01 2.895592107428863748e-01 -3.044506746299326383e-01 2.172039567398978133e-01 1.794888846025873841e+00 2.014207141340290386e-01
-6.893276409868711596e-01 4.733242885616716578e+00 -6.293649730833058564e-01 -3.433767384846940773e-01 -2.574668790909842575e-01 -1.755156870837934480e-01 1.237772340606138055e+00 1.034047192938068793e+00
-3.973834250375356536e+00 4.887810380119089970e+00 1.161712071993766360e+00 7.201866555011284809e-01 1.377988470361827034e+00 1.885395203610936932e+00 -9.194447032894736971e-02 -4.022870777509687246e-01
5.154684179188402382e-01 2.486720447700855985e+00 -2.569763478517428368e-02 -1.184185535122063593e+00 -2.637073894160291143e-01 -1.286988704863842425e+00 -6.733477252734827445e-01 -9.215950776112344922e-01
-6.256474751734485196e+00 -2.933856714814953470e+00 -4.030092399294107341e-01 8.081924624143359548e-01 3.796704773404749322e-01 1.181658972920238027e+00 -1.341873247832792160e-01 2.870176115024435370e-01
1.876308899484683934e+00 -9.632719277113679368e-01 -3.747688953056208527e-01 1.573185504914984545e-01 -2.063173731752779294e-01 -3.966090267342008840e-02 -1.909819695479245238e+00 8.234975810563632814e-01
-5.401874256134492569e+00 3.136679570006055684e+00 -7.081133107873505139e-03 -8.556561461395233437e-01 -3.425617575020898364e-01 -1.072272213480617742e+00 -1.258588532798908144e+00 -2.894716388974327703e-01
4.979965827446783067e+00 -3.201941585959454439e+00 -2.984402248455761963e-01 7.187315101334323941e-01 -3.530686703187411318e-02 7.073598732616916962e-01 1.952472617012491085e+00 -8.395612966063015215e-02
-4.545514931735972652e+00 -5.597478582313045514e+00 -3.756811818070030506e-01 8.889985043376971152e-01 -4.654800112195114914e-01 1.119814575663003797e+00 -1.519563708411843406e+00 -1.085874059236624278e+00
-2.477838994526680771e+00 -5.103870611409673685e+00 -2.532099420399380740e-01 -3.800354984109932666e-02 -2.302953599143730545e-01 -2.383642564672521502e-01 1.205091677764490665e+00 -8.972806494434552027e-01
1.893025423718356137e+00 -2.645458601223567463e+00 1.109088366963368211e+00 8.820917608396732223e-01 6.404454646857000721e-01 9.929078564164754983e-01 -1.270751969895449918e+00 -1.502824759058955795e-01
2.911699392563393829e+00 -8.429308406644580032e-01 1.654812941596945919e-01 9.291774893431636873e-01 6.952941597116126804e-01 1.497861439250760318e+00 1.434582980523827489e-01 1.473906599642477167e-01
5.426090321234706693e-01 1.259804492847661272e+00 -4.915028010915366563e-01 1.056261981406698025e+00 -8.991264413530779542e-01 1.733890458408785529e+00 -2.057424916042416729e+00 7.265032455385544985e-02
-6.796633398675213655e-01 2.006756562947217049e+00 -7.344942564867661394e-01 -2.106254695354436990e-02 -6.313880402186909935e-01 -5.881658753042401377e-01 1.420319164987146277e+00 -1.069721714444625382e+00
7.395822818635284790e-01 -6.013514098611411285e+00 -3.496257831822807693e-01 -6.457327883667812740e-01 1.876420613943652893e-01 -8.130360562133663871e-01 -1.278878634336380049e+00 -3.354946705262477069e-01
3.753804497593668188e+00 3.405510904671151806e+00 -1.489451307756264331e-01 6.336274599663926921e-01 -6.668512956209995401e-01 1.260438648589371935e+00 1.436224470736382042e+00 -2.600136165332256333e-02
-5.755010056357433790e+00 4.740476454243855997e-01 2.791301652258892929e-02 1.905181340205497342e-02 8.863163360835323717e-03 1.020163050924100152e-02 -1.007921079652488228e+00 -4.564864261570439341e-01
-3.600010523658622397e+00 2.429616684001265625e+00 4.220757628761351299e-02 1.015477695914919209e-01 -5.277255724129523151e-02 1.526329772150173403e-01 -8.830392071853342406e-01 -6.553515512370330365e-01
5.283774620390856214e+00 -3.458842195945493803e+00 -5.413770601967928808e-01 8.760916505504903196e-01 9.921737828339272092e-02 9.531053693314897046e-01 1.622684520163462540e+00 -2.523341995652302328e-01
-4.367275464906653859e+00 -4.161836842055913976e+00 6.407612786346827960e-02 4.711441235993125698e-01 -3.812932226466039243e-01 8.444193602750490468e-01 -1.947755171798044804e+00 -7.865547366458917056e-01
3.955672508965378142e+00 2.649854055796037500e+00 -1.022795341681566716e+00 9.759907057103778261e-01 -6.618959140311266864e-01 1.149333245978940488e+00 2.188376277508288226e+00 -1.206347090576414649e+00
-5.666064362723361114e+00 8.163718253990595031e-01 1.427043125796794154e-01 8.728365291934416792e-01 -6.859874380346365763e-01 1.545251794816334234e+00 -1.367194918507263157e+00 -5.188499955339047620e-01
8.532838858146458705e-01 -3.845001501931422538e+00 -5.384226555413038628e-01 4.143621459483328717e-01 -2.663159120531523594e-01 4.106062593291727181e-01 -1.616227424395267231e+00 -5.374810651752468527e-01
4.193245624177563968e+00 7.991505799699725188e-01 -3.048593951311536765e-01 -5.264590987549921941e-02 -3.349315288878335628e-01 -3.769568562305948833e-01 1.768030961370631760e+00 -7.483059759322001625e-01
-1.982874716920628444e+00 -3.093793017751190089e+00 -5.237989291751398158e-01 -5.530777153982538996e-01 -1.543652119238981268e-01 -4.845644436603893657e-01 1.765552072856874766e+00 1.148101166714426968e-01
-5.583973080769992769e+00 -1.353584061181451581e+00 -1.781967250944005432e-01 1.218248170473263947e-01 -6.818847280671246069e-02 9.021590006020911712e-02 -1.281779109219908230e+00 9.710512020591206550e-01
6.011816448827817183e+00 5.324577139426814654e+00 5.823038818575376752e-04 1.107916814738332034e+00 -6.102358795064372066e-01 1.579629366834460757e+00 1.147633960363211969e+00 2.068594755577585209e-01
5.483758674192914739e+00 -2.711317844124772947e+00 -1.585683737349086186e-01 1.182405178673720192e+00 1.255066584078444458e-01 1.224389553009241016e+00 1.289096998975350017e+00 5.619365888230111183e-01
4.322171657690921265e+00 -2.292680002918810800e+00 1.903006705211982563e-01 3.016903324582360657e-01 -8.584581991288167679e-02 3.828576461921223695e-01 1.860354860788981046e+00 7.398602970240131249e-01
4.300920567905379244e+00 -4.822514655555201202e+00 1.185856033625971806e+00 -2.805795111770947869e-02 1.065224788610009021e+00 9.891665537137680486e-01 1.520332542844399448e+00 -6.812058138421718256e-01
1.514407018264257054e+00 -1.690199441920845480e+00 8.703947575487609445e-01 4.211632314883004824e-01 1.285623975698228616e+00 1.704235612506092012e+00 -1.858848800709653748e+00 8.549076257464928164e-01
4.961823729534337701e+00 4.191512127747225591e-01 -6.816990734295120813e-01 1.168373144784901063e+00 -2.456831824288503718e-01 1.126876544477262820e+00 1.665227263024887883e+00 -1.341083266387017858e-01
4.120045473323619589e+00 -1.936386003613725926e+00 -2.447584195955132547e-01 1.027383537346719278e+00 -1.185904233884535586e+00 2.182930185142406554e+00 1.077278498909663096e+00 1.515903740207233064e+00
-1.398229318892427742e-01 2.111344596023609910e+00 -5.453375462574294730e-02 -6.777667921070703594e-01 -2.997677976649001930e-01 -8.663452028528040305e-01 4.806124190233617144e-01 -1.059303532980652829e+00
-4.954379052643226089e+00 2.988168746240001283e+00 4.846776929722780292e-01 -6.924376364686753993e-01 2.125470734083291791e-01 -6.736377574252683242e-01 -2.084344565044508713e+00 -1.020415808373885402e-02
-5.645065271247606375e+00 -7.450612529223006320e-01 6.453866883499370655e-01 -2.893871977418484009e-01 3.558711439336975646e-01 -3.557629729186624346e-01 -1.066988870791148569e+00 5.536327548100500318e-01
-2.570749296837706588e+00 -3.291521879968318132e+00 6.633408202181709790e-01 -5.932727091532253860e-01 7.725687213183198843e-01 -1.173700557415351176e+00 1.679116764995758349e+00 -7.478011589551749605e-01
6.065629923499951559e+00 3.673684595386106366e-02 1.102833679008915935e+00 3.149814789293028383e-01 7.504885865263546396e-01 -4.113725842755183715e-01 3.540221876156324221e-01 4.093578626753152649e-02
-2.426341424213722675e-01 6.200267565293533067e+00 -3.003099015702113128e-01 -3.025524402149947223e-01 -1.568546367997243661e-03 -3.010038576366039775e-01 4.805959707880247955e-01 8.274767169843046111e-02
9.358108330098131589e-01 -4.499555171237554774e-01 -7.417149619331833144e-01 -1.073592868791965582e+00 -2.767839981584379605e-01 -1.022671256336347367e+00 -1.888388031986756754e+00 7.131529088921153559e-01
3.073794114127062826e+00 2.918245581642308295e+00 -6.717690562721045922e-02 3.701566610168345317e-01 -4.227189459396394899e-01 7.877719941537234538e-01 -8.390323181212044901e-02 -2.730847826739671302e-01
-4.838904208471678459e+00 5.885542965385923253e+00 3.763680438783438831e-01 -1.212447707471437930e-01 1.783442650457914835e-01 -7.348104726443234480e-02 -1.971389039385285091e+00 3.746195191085816001e-01
-6.273816800899923329e+00 9.668687355933984762e-01 -1.095741606207452090e-01 5.681192950429585498e-01 -2.616156738557023353e-01 7.186963775570393009e-01 -1.724929272563294758e-01 -6.693553812230448319e-01
4.251962314029134049e-01 5.620722996251823034e+00 -9.448056469268539814e-02 8.842658240174132711e-01 -2.831968030877809461e-01 1.015827758215887444e+00 -5.702472221455038293e-01 3.603083235778452575e-01
-4.453584212278742349e+00 1.679422608661091942e-01 3.396102691068692003e-01 4.239619854613518868e-03 1.707001938047322254e-01 1.972853416997543199e-02 -1.936746889764684010e+00 -1.638001435135471862e-01
-5.754524083832884607e+00 -5.803302220794361865e+00 8.912023482407016584e-01 -6.426916963267637062e-01 1.529493367397374959e+00 -2.170365857604557913e+00 -8.468978064824796981e-01 -6.235332292168752621e-01
-1.764128693303643303e+00 4.245115759646731490e+00 6.340220036864405717e-01 8.532956860893710083e-01 -1.746727759608074915e-01 1.021455309963633651e+00 2.011006496356279261e+00 8.445322703233593131e-01
-4.705033752171660311e+00 -5.446642154224341503e+00 2.108040119174652283e-01 -2.148854295758153565e-01 2.535641439081003923e-01 -4.018593384667453194e-01 -1.931116965381298067e+00 -8.111602939891412456e-01
2.456804521967384858e+00 3.112018412218265695e+00 -1.037708422277243914e+00 -9.529947289610314343e-01 -2.056923261493350807e-01 -7.898976599292653056e-01 -1.166016598638059509e+00 -1.285711766286887769e-01
-5.424497004829387237e-01 2.433910846063636058e+00 2.832326762051948776e-01 -1.038325745994765015e+00 -7.214335559259428265e-01 -1.749933524532400364e+00 1.240122316645841050e+00 -8.577251564668023631e-01
-5.516032569192773849e+00 1.972189871173586795e+00 -1.362192196351961204e-01 -1.184961421389361114e+00 1.536216820522636473e-01 -1.239905502146639860e+00 -1.566053512633241773e+00 -7.426405951949175410e-01
4.298995422078947470e+00 5.940318000435715007e+00 1.169813851924513370e+00 2.733638248785290603e-01 5.960184272848187970e-01 3.153639324472891636e-01 2.019021131054017371e+00 1.486934343835726313e-01
2.447488885855706897e+00 2.715628598849479047e+00 -1.101766091653175961e+00 -6.795090531182027549e-01 -4.172512282602695577e-01 -2.771681199758670999e-01 -1.248753900457500121e+00 -4.438386366025980356e-01
6.187287285698541695e-01 -1.067933860246926159e+00 -5.842619007525273744e-02 -7.309785458009132597e-01 -7.194706822434643323e-02 -7.392961438566083565e-01 -1.212833612199315292e+00 9.290401793251297224e-01
3.388581091096874331e+00 3.295934921771179305e+00 -2.182805884266606489e-01 -2.244188241912212778e-01 5.131873408345259853e-03 -2.295286891113929861e-01 4.890787758866326773e-01 1.536212463206674816e-01
-6.098273881084518955e+00 -2.984194284674307696e+00 -3.597514975405259330e-01 -8.890072290141890488e-01 -1.247478209393115156e+00 -2.136013317450837778e+00 -2.944160699807900627e-01 8.344639852425052295e-02
