-2.593521101096486259e+00 -4.645337579395234506e+00 9.527641668181978662e-01 -3.094465319611461318e-01 4.533162695779332507e-01 -9.970443580172459741e-02 1.082153185491171898e+00 -1.037821663891863810e+00
1.901346315755064964e+00 1.823199926334323706e+00 1.134528846846779571e+00 -6.662803355251781801e-01 1.787879657697497349e+00 -2.448703607096321289e+00 -1.549952165800847270e+00 -1.310090758328788851e+00
-3.111851805349556965e+00 -2.572476878483791474e+00 -2.546783811470965109e-01 -5.971123599614720501e-01 2.038811407945054222e-01 -7.720484720320379690e-01 -2.137081910925683892e-02 6.197311552789462885e-01
-2.110351364157094345e+00 -3.120994583256452515e+00 4.806946503202793597e-01 -1.099493831280008882e+00 6.199401006644834622e-01 -1.428877871852470616e+00 2.466317098218445913e+00 -7.298457489067603499e-01
-4.087012534142903775e+00 -4.589325030620659440e+00 -1.164522991818977005e+00 9.679948243605014380e-01 -1.634150664471211156e+00 2.400281384483833325e+00 2.669785454722768403e-01 -2.880901338334696860e+00
1.336175422361041143e+00 2.875824942328288003e+00 9.086108716914489403e-01 -1.121654721689778311e+00 4.719994679836122531e-01 -1.136353621048000528e+00 -2.481303241074458654e+00 2.734480554140069630e-01
3.889174738957162702e+00 5.059338983100687415e-01 7.851264055974920275e-01 -8.389079319176077076e-01 -2.781414721795328129e-02 -8.659139356755575223e-01 1.365498752826391993e+00 -4.903880900351944572e-01
5.338294395971962203e+00 -2.637122452103654702e+00 -3.112663349426695314e-01 -6.852843092800324776e-01 -1.985969243151413099e-01 -7.093417402257651272e-01 1.481030391554829073e+00 6.231793767198371414e-01
2.399449723103094456e+00 -3.402909987553179416e+00 5.048509879670624034e-01 -3.381135865821341957e-01 6.628354351483046747e-01 -9.257923502990247355e-01 -1.635556831858132831e+00 2.546574707973667251e-02
2.953926013506768200e+00 -5.358277597998508668e-01 -2.065923702494186776e-01 7.276996663872201676e-01 4.276673930512967514e-01 1.129707731032667306e+00 -2.083015197707546173e-01 3.457204530227461770e-01
5.315883092644265062e+00 1.220537685600731947e+00 -4.392892074917509326e-02 8.294759093547490192e-01 2.618484427823287719e-01 9.809883449786199749e-01 1.856216826779977236e+00 -1.148785507603018008e+00
3.752363393195107477e+00 -6.170853233822823469e+00 -2.801677036673118071e-01 -1.094828376654847224e+00 -1.010786820424099064e+00 -1.982632800209560786e+00 2.105028913070654983e+00 -1.070126841672940587e+00
-4.117490607445128070e+00 -3.911344845168859941e+00 4.700307214375833986e-01 -4.100495956936806019e-01 8.363571041536091988e-01 -1.228698596487691974e+00 -1.866755427247571042e+00 -4.856128005376659784e-01
2.676498464263190158e+00 -3.900526696208026056e+00 -9.215500586010705319e-02 -7.854540880250879820e-01 6.085824443110924298e-01 -1.367951958003160495e+00 -6.558939698031734933e-01 -9.292684155743200503e-01
-1.057476193923604590e+00 -4.147647309856628439e+00 2.714696048808293849e-01 -1.109798756434312361e+00 -8.346571892670650028e-01 -1.943352699188896526e+00 1.658867080044569065e+00 -7.613561918719216060e-01
1.871021002434298808e-01 -1.854423958398636607e+00 1.112561009252020616e+00 8.239757134068537159e-01 8.283233854405769314e-01 1.199650826579338636e+00 -1.257646441716362862e+00 1.845668329893555448e+00
-4.841244884542240001e+00 -5.271221423885197765e+00 -8.958342980591793570e-01 -8.302099876023421032e-01 -1.202914697731948951e-01 -7.208679851724031362e-01 -2.019565915123234578e+00 -8.117279253851221732e-01
3.441606492388801897e+00 -1.494374053313375583e+00 1.161903705323800162e+00 -7.792017797487880149e-01 6.841578278905968702e-01 -9.309022893428523515e-01 -2.996351415550727038e-02 1.618111607865970081e+00
5.530474637979274632e-01 -4.253581107041657816e+00 4.387579278434960983e-02 -8.256594406957862287e-01 6.105555794336524345e-02 -8.314047784980592715e-01 -1.101102309558023906e+00 -8.460444643383180363e-01
6.067258790091974774e+00 -6.110177641941472615e+00 8.702800668125327821e-01 1.325407644752267800e-01 6.536473939762342811e-01 -4.722881541948612538e-01 3.114414962097190598e-01 -5.508234078996993022e-02
2.058304216479340809e+00 2.158020121539854230e+00 2.452407693425058266e-01 3.768967896593502509e-01 -1.285101997653377015e-01 5.047686133743416459e-01 -1.773463587005792652e+00 -8.260243985745631123e-01
-3.956768110547029149e+00 1.320936421555845008e+00 1.235252059506635192e-01 1.076300170333904793e+00 -2.644588350154246648e-01 1.217966087524488872e+00 -1.183702701999601814e+00 -1.240936225758748179e+00
3.141866144343358869e+00 3.491546934847596262e+00 4.281047334031677920e-01 8.640617957234919544e-02 3.104850088156193011e-01 -2.052889351177481780e-01 -2.128991504794861683e-02 3.646917567064787979e-01
5.147631823348840285e+00 -3.426880168297296247e+00 -3.859099562757600799e-01 8.993942877704721450e-01 1.326115149234421697e-01 9.868891513880350130e-01 1.715190169349522842e+00 -1.830881678413597280e-01
-3.446838107111396710e+00 3.608009705234911380e+00 -6.358136719531911618e-01 -9.473699360093114086e-01 2.907686349147728389e-02 -9.682108462354855893e-01 -6.206861277067352578e-01 4.693204873150290113e-01
6.062236458648943227e+00 -3.516966806509080445e+00 1.234357768160938562e-01 2.605570487365409527e-01 3.720892528242505382e-01 6.282184726340336312e-01 4.742651388158113379e-01 -4.025747872690820794e-01
4.849891455623005498e+00 -4.697182368188422608e+00 1.708661651569087780e-02 -4.862983908202789252e-02 -3.072280234958156206e-02 -7.912317825029568930e-02 1.981419386646113390e+00 -1.000180928475662423e+00
-5.444694257601192078e+00 5.855087576522139514e+00 -6.944923717948741082e-01 -7.809625909111339581e-02 -3.513100317887297153e-01 2.713416475976071496e-02 -1.478175392839133684e+00 4.060461358017902200e-01
1.385326908545682301e+00 1.748319543422208966e+00 -8.648415991581516193e-01 9.495403262386716836e-01 -1.556295106193577027e+00 2.404424762914350033e+00 -3.294382479688645837e+00 3.443987986005782043e-01
-5.259353269110629725e+00 -4.388372674371438187e+00 8.446698510895094270e-01 7.723571645201920965e-02 5.014771623986926663e-01 -2.457540596926911236e-01 -1.802488454121439876e+00 -8.536905536782438686e-01
-9.913908228335168715e-01 -5.352656107699287347e-01 4.833127071200311597e-01 5.806548610945843070e-01 -3.180816670117540823e-02 6.092111507696368333e-01 1.665041167478185091e+00 5.186049508601037195e-01
-9.239450571906004939e-01 -3.835378386262444650e-01 -1.060858047905359092e+00 -4.821303728139946232e-01 -5.119270607493012770e-01 -4.315330496516465997e-02 1.607336506052247538e+00 3.628379365451198102e-01
2.411198926315273994e+00 3.245620342785928258e+00 -5.917462980005261386e-01 1.092629408491648357e+00 -8.557847421995683490e-01 1.667379980202775780e+00 -2.391541254795338745e+00 1.161055460785443305e+00
7.669283538428510738e-01 -7.393718334312371354e-02 -4.306448304116154979e-01 6.010885121359776928e-01 -5.345803458534327257e-01 9.575563410554553956e-01 -1.006382035063343450e+00 -3.076017097229876707e-01
1.002107979766011958e+00 -1.572355266287828179e+00 -3.735859309198706901e-01 -5.778764984382311898e-01 -6.681633494353508285e-01 -1.141436582363407837e+00 -2.094930316182299190e+00 1.409712979592135484e+00
-3.925336166495387413e+00 2.508538893250991109e+00 2.173116533845609322e-01 6.281516704625802472e-01 -3.948238870767935560e-01 1.018501321415220762e+00 -1.472239193280769909e+00 -5.312419344749577110e-01
-5.530237414413033292e+00 6.103597089444363633e+00 2.391264202169203212e-01 9.670461650921036156e-01 -2.048838732131156026e-01 1.089115785211863363e+00 -1.188372438661954966e+00 -5.886034243882121153e-04
-3.355544238482120356e+00 -5.325768496212802461e+00 6.240042056393972913e-01 7.923756627895182092e-01 5.042030845396123784e-01 9.884558901441116152e-01 -8.837977093818527585e-01 -3.585556857001782061e-01
-3.266762933375675360e-01 3.364987438595113289e+00 -6.128782422739005309e-01 4.348900418808456791e-01 -1.901724467630123150e-01 2.727704332425514577e-01 6.689104719524107123e-01 1.944246034728678019e-01
-4.438996393331313683e+00 2.389619034665990682e-01 7.752072975563302215e-01 -9.883472506283758063e-01 3.708119813636200912e-01 -9.755824630263705277e-01 -1.564177623820049323e+00 -5.982374164380410697e-01
6.206694118514381131e+00 2.557499341852926378e+00 6.504128590912374719e-01 8.275483656148885370e-01 1.111092436056783095e+00 1.798546030164553722e+00 1.124197858650715975e+00 -1.522807856992752118e+00
-6.152944158096988581e+00 -4.365507048777533150e+00 -6.627607912139391599e-01 -6.390375357203744722e-01 -4.095216823764014635e-01 -7.270642812162311230e-01 3.104221493654660269e-02 -1.231226044593328961e+00
3.160791769942235874e+00 4.329453255253914890e+00 8.359735804754753197e-02 -6.456241231927105639e-01 1.820883421566186489e-01 -7.168905454992823278e-01 -8.172824798288558235e-02 1.047695836521186363e+00
2.442904429496724816e+00 2.182758769840267732e+00 -6.253290314287670570e-01 6.388520764867722246e-01 -1.165568093225464841e+00 1.765201742492631842e+00 -7.572043726330897062e-01 -1.347745511266143614e+00
-1.951096765207703143e+00 5.640243143702594608e+00 -1.001664699549031923e-02 -2.511588628927431399e-01 2.855874885940030278e-02 -2.585736447835690899e-01 1.849975004581644100e+00 6.066840552805272679e-01
1.630078268403717168e+00 4.981517944157824118e+00 -7.252013168449935598e-01 8.075778260095423100e-02 -6.193400064510848901e-01 -5.249956339402713779e-01 -2.064218934661205207e+00 1.031735117634435150e+00
5.965763445763281325e+00 -2.706496132749086847e+00 -1.130481153173043651e+00 -7.474137516012770988e-01 -1.142403754546573946e+00 -1.581334132861303532e+00 -6.104838552791249651e-01 1.656218301423787898e+00
3.320780792873403442e-01 -1.525801264988555950e+00 7.117406100881065178e-01 -9.082056794074300221e-02 3.573372738360859335e-01 1.036156509494913329e-02 -6.555675981964728116e-01 1.002538934569276785e+00
4.510875404577934233e-01 7.606422943597683783e-01 8.276940437657736016e-01 -5.738611679494831641e-02 8.074219969601911240e-01 -8.264307823776994022e-01 -1.075165173859039980e+00 -4.861107858877053989e-01
-1.382203828821637615e+00 3.574597348543283815e+00 -1.146548372321269937e+00 1.175296689088180413e+00 -7.370568866254673113e-01 1.353654161376346199e+00 2.932605776252956709e+00 -5.484675317227447611e-01
4.974852938968837179e+00 -1.544625613314365431e+00 9.107604562303606155e-01 1.026194262234104260e+00 -8.240243184988936542e-02 1.106306928689712921e+00 1.952848376964406496e+00 9.783164083049973314e-01
-5.225465361434977751e-03 -5.558673631686519734e+00 4.710481994426469754e-01 9.811392775201366323e-01 -1.801674958373457036e-01 1.115427060975773710e+00 -1.235263377734107382e-01 -5.287926320657430068e-01
4.326977747299983079e+00 2.436058944923482628e+00 1.074633758643856352e+00 7.231936876876621234e-01 6.850224613397931650e-01 9.387584851305930123e-01 1.242887168425599542e+00 -3.803956039572101155e-02
-4.722777408969173862e+00 -5.276573231552154297e+00 9.698471661931316046e-01 1.061997298142898005e+00 5.215606321951764962e-02 1.017636774441401215e+00 -2.027805746343468662e+00 -8.171114193662644132e-01
-5.122824303305746341e+00 -4.087587147114398967e+00 1.084261663281244070e+00 4.409048059719309354e-01 4.939482293497487464e-01 1.888321593403749499e-01 -1.753680924758964199e+00 -8.912925499255496264e-01
-5.848750545682131374e+00 -3.937566968392021138e-01 -1.023680029535704028e+00 5.423012300371559125e-01 -9.012459423729859420e-01 1.151732059522823759e+00 -7.709541687560866885e-02 -3.810397284052464695e-01
3.585135625437537499e+00 1.344795941741484313e+00 1.177282652412472430e-01 6.404697031837007781e-01 3.190581049361387311e-01 8.384860953140852446e-01 6.485162431152775575e-01 -7.648020807788062925e-01
-4.260358573828746387e+00 -1.986079233571675928e+00 3.854360542286370261e-01 5.804547496478695834e-02 2.674493962033900329e-01 2.310525332344598726e-01 -1.751999806644325641e+00 8.678778453184027297e-01
4.830587331786269090e-01 2.156368851293670730e+00 -5.356644897585921550e-01 6.170781921938317538e-02 -2.660680046975249513e-01 3.447992784750013306e-02 -9.381060265265250830e-01 -8.242699589526863990e-01
-4.161979086954321616e-01 -4.466116757136416204e+00 -9.848863225740911442e-01 3.780513784874641736e-01 -4.639345827102053788e-01 9.270082130895067329e-02 7.746616820418338323e-01 -9.359179029228850144e-01
4.502704464820217467e+00 -1.175170927225519080e+00 7.633657302928975597e-03 9.618794752965984518e-01 -5.917482268885512209e-01 1.448489303548871954e+00 1.468465515229071539e+00 1.410483473580770308e+00
7.375181355424746954e-01 -1.565332052052180067e+00 -3.254221639105248087e-02 7.386692695561833943e-01 2.969164025185506706e-01 9.371278105354213794e-01 -1.551868321343964574e+00 1.206947276326521434e+00
-4.695681746367212028e+00 -2.443373902461676295e-02 2.001751550597470342e-01 1.113398132842922328e+00 1.230883681387695966e-01 1.118460679668955571e+00 -2.137273882846648210e+00 1.619843159315433878e-01
9.783826222674223416e-01 -1.062467783759988293e-01 3.320527697788151489e-01 -2.002398503646061201e-01 2.388820570042803904e-01 -3.118551963512096181e-01 -1.593326025482861619e+00 4.018228681812971437e-02
-8.345034271224864852e-01 -1.432515846040467444e+00 1.113402641817594629e+00 2.375610754346157982e-02 8.305194588363774555e-01 -6.626318954683089180e-01 1.791761828135880474e+00 6.806189145449639266e-01
5.222505576013061201e-01 -5.680092960608149610e+00 -5.248769459116526814e-01 9.724866382392967079e-01 -1.484506800983584451e+00 2.452145161490264513e+00 -1.291625868352876738e+00 -2.732300347998101731e-01
-7.300523392230733322e-01 -1.476957491181654980e+00 2.525109482957108575e-01 -1.782614112357210345e-01 2.622692204332627841e-01 -3.707132354326565515e-01 1.399870256006039426e+00 9.295473822581182821e-01
-2.692736324779148926e+00 4.055544856506186235e+00 -4.858206832466993585e-01 5.115935355835548037e-01 -7.851344737347950575e-01 1.213329902276413241e+00 4.406095078417102684e-01 1.219184576221394423e+00
-4.721550342434429837e+00 2.910452754304719392e+00 4.139343612598316291e-01 -1.040230072482289714e+00 3.294602729817351916e-01 -1.112764060717978065e+00 -2.357532353718039264e+00 1.285290268768258526e-01
2.929755378730469317e+00 -3.966142068864279668e+00 -3.973934575265457569e-01 -9.384119185688550857e-01 2.782789292728718999e-01 -1.166069491866714047e+00 -2.339010204357285794e-01 -9.208538570709409177e-01
-6.049749866010992072e+00 -6.235512613694318418e+00 4.393784792077539691e-01 1.042669182071003009e+00 -5.660430172209811595e-01 1.598973802725639048e+00 -2.954759732792191507e-01 -2.148209552500053576e-01
1.345784929980148981e+00 -3.852643154263347913e+00 -5.627711580662739799e-01 -1.911130348733158790e-01 -2.657420303444963383e-01 -6.697765734746606581e-02 -1.933845625930175949e+00 -6.683675735477890845e-01
1.752517115342325127e+00 -2.680260458770893361e+00 -7.865287164548988574e-01 1.034051922623923092e+00 -2.604948588598010595e-01 9.621599868292589619e-01 -2.207971979778802663e+00 6.860450804097849575e-01
3.143759262991213888e+00 4.889965483293853055e+00 6.444450214040253755e-02 4.895987958717324950e-01 7.610143382845814541e-02 5.028793907210707959e-01 4.201581081261077100e-02 9.465920853919096434e-01
4.751878843135589392e+00 2.891411433665000530e+00 -1.044212195186089653e+00 -7.716124008540281576e-01 -6.591981304934724228e-01 -9.599037948087990602e-01 1.392036373271148486e+00 3.588248386877651575e-01
2.169910423851497683e-01 3.163052507567194027e+00 7.714721765431133971e-01 4.301110804697245715e-01 1.149978304191159983e+00 1.558176093385154726e+00 -8.244649004170123696e-02 -3.266797141666107351e-01
1.544745270181602237e-01 8.990244517133749724e-01 3.478600140293082177e-01 -3.749085517515734489e-01 4.273343810836771617e-01 -6.891672498534193725e-01 -5.072903468616291045e-01 -5.831515888506522138e-01
5.355553756949646527e+00 -8.421792214603813775e-01 -3.474974655848549476e-01 5.354241591984232329e-01 -8.745970872877820712e-01 1.406829991190228002e+00 1.495390070597115484e+00 8.511093375507505776e-01
5.669868327365580996e+00 1.907440297628053116e+00 -2.353125061384386818e-02 -8.374211556685633440e-01 -5.265150206002483513e-01 -1.265684677157265847e+00 1.538822056685161144e+00 -1.331524484230654171e+00
-3.269169474707463330e+00 -1.216167415400610352e+00 9.466378042261738290e-01 7.455098482725637243e-01 7.240293835690978508e-01 1.081267269938145592e+00 4.391399180348078413e-01 2.441734279708774324e-01
5.396467434829293808e+00 -1.203834356178800746e+00 -3.080290158619620744e-01 8.501711349993186229e-01 -1.016926692794738019e+00 1.816392366285632276e+00 2.125993045230992529e+00 3.574321048316523308e-01
-5.183851439766130831e+00 3.365135539692950317e+00 -7.668106832046528432e-02 3.071086247565664173e-01 7.546889196417774781e-02 3.554381141538188738e-01 -1.761207433845711545e+00 2.010831591979918842e-01
-5.042339124182500854e+00 5.633493567508224942e+00 9.505043797800045713e-01 1.152798924329586638e+00 6.905386674846151207e-01 1.369849910973755858e+00 -2.790108227672477348e+00 1.502932207790570462e+00
4.517476037901232644e+00 -2.017948960462641494e+00 -1.746575720152021560e-02 2.370934029821050171e-01 -2.325704599635396719e-01 4.623043762326420336e-01 1.988962787526748821e+00 8.748482385175669895e-01
3.918931974867710721e+00 5.510125960757079611e+00 -5.684663425827017891e-01 1.943617744200467623e-01 -2.823097675298725240e-01 1.886037153296413749e-01 1.349537244350581977e+00 7.515619096740396854e-01
-2.546808971879784167e+00 7.088302075337509223e-01 1.097747823184005211e+00 9.750249503080363755e-01 2.040019854589231407e+00 3.001792307042238317e+00 4.237836315326416470e-01 4.592936467983677051e-02
4.449945907518236154e+00 6.114453879147649928e+00 7.991235452089688884e-01 2.468768100921536757e-01 4.129202704009145020e-01 2.855156362811369641e-01 2.048895958675935436e+00 5.055402586824922495e-02
5.099552525666629421e+00 -5.783939654970774669e+00 4.860552815073622135e-01 -5.898423488223542011e-01 2.113634859928878174e-01 -5.662018535122675944e-01 1.733043964556943317e+00 -3.598399144083260781e-01
2.389071566954550363e-01 1.072520366382478052e+00 -6.768745678531969956e-01 1.050899799931805934e-01 -4.828480702300910199e-01 4.296628958932005582e-01 -6.268794620947486518e-01 -7.248102727520964184e-01
4.110654244422146775e+00 2.244359845237049456e-01 -7.117588215117824912e-01 -4.784825075430044761e-01 -7.288610375508451922e-01 -1.014444406817531119e+00 2.149791112768177026e+00 -7.236379045763263740e-01
-4.309023740245399026e-01 5.301353477161315553e+00 2.371701374962125186e-01 9.932253005918594280e-01 -4.780857423217066970e-01 1.400572682431178606e+00 1.185900287356366878e+00 4.809977791284901771e-01
-4.466772479320386680e+00 -2.992299092576604647e+00 -5.347197485217636270e-01 2.832271784319471131e-01 -2.822849181818545827e-01 3.103756650944577422e-01 -2.027183444336961848e+00 2.359478243652677054e-01
-2.694527912720860563e+00 3.667131335476746301e+00 4.137866374414218562e-01 7.401872558547404335e-01 -3.221429533951490898e-01 1.061338814339231273e+00 8.378383045903577964e-01 5.284819987787300333e-01
3.809662913694417341e+00 -2.635193087494000164e+00 3.110590961253913989e-01 -1.075282347587133591e+00 1.337660056156149579e+00 -2.395498960449611747e+00 1.754742346447812240e+00 -3.076599625368242608e-02
-3.942570460298894464e+00 8.886415988402616151e-01 -1.077810279559470619e+00 -9.110378955414638602e-01 -4.883374590229846990e-01 -8.531485823797241297e-01 -1.849760710239469086e+00 -3.625293112792008499e-01
-5.980985865587244987e-01 -1.266456356173059739e+00 4.584656197360901242e-01 2.557064358011222893e-01 1.862515322870102741e-01 1.095287067396523151e-01 1.113502529463334945e+00 9.666867164665391421e-01
2.327536886992126242e+00 5.046184263814675219e+00 -1.004102441483836428e+00 -3.877166781161999198e-01 -1.161910819653689142e+00 -1.447244580596686925e+00 -7.639586530347647342e-01 2.546090420321576175e-01
-1.321347832453406035e+00 -4.478566549076782977e+00 -8.032356228474244464e-01 1.704210286489753479e-01 -6.326809283918090054e-01 -4.621826592467629391e-01 1.942666534125226496e+00 -9.773569516557660819e-01
-6.294226939736198290e-01 -3.674084291901257959e+00 -1.113436045032336175e+00 -4.535686370763803987e-01 -1.550354574764509108e+00 -1.996645634008340275e+00 8.777750764146169393e-01 -2.081002880217480144e-01
5.530553733153624307e+00 1.562461083359307779e+00 -3.276271601162273894e-01 1.092935974217219330e+00 2.678599773326270639e-01 1.274398890100158832e+00 1.618216514889631252e+00 -1.251057994972135656e+00
1.681214017143910056e+00 2.851230994610769898e+00 -2.835782477861732431e-01 4.038935730019241888e-01 -2.387450793372139779e-01 4.970366357460899720e-01 -2.097082018498606093e+00 -1.770370612311750746e-01
1.936947027548445277e+00 -1.979949297260787944e+00 -1.187240320893352186e+00 9.523006838705860844e-02 -7.512058140131530060e-01 -4.412875223651890888e-01 -1.635398588204591164e+00 6.854319138740936346e-01
3.719230282045080216e+00 -2.249049666391392144e+00 -5.320124859674352225e-01 1.064422521386593656e+00 -1.408933118357988956e+00 2.404072334374033115e+00 4.299427998661264905e-02 1.827768287689784721e+00
