-2.759022166327868231e+00 -4.714618969411436211e+00 -6.041022504069634147e-01 -9.412466380929782606e-01 -5.149937876560797267e-01 -1.134562024809604441e+00 2.050476765717351157e-01 -4.584324661664538891e-01
1.122246474640999914e+00 -1.956779247080433493e-01 1.624567922859583291e-01 2.541512669228591648e-01 5.103305650425790652e-02 2.413835320149738117e-01 -1.814080623366515654e+00 2.063583508549018120e-01
2.912889849842173362e+00 -1.895418189503955908e+00 -3.518535671960894007e-01 -1.250426025113284823e-01 -1.707219459386952465e-01 -1.086922129176970259e-01 -4.349577424284779559e-01 9.293005522887959335e-01
3.151797842575806641e+00 -2.404676206115189618e+00 -1.182434473613126924e+00 3.597627674152559241e-01 -1.006840547735566860e+00 1.112238673730838956e+00 -7.236335064563689246e-01 1.416051133139571760e+00
1.612378918665091199e+00 2.121160708472714873e+00 -2.605671288377553463e-01 4.396100252499515193e-01 -5.208971645144993001e-01 8.945296060675783645e-01 -2.225245630509463002e+00 -6.253595144995983679e-01
-1.632570117673076915e+00 3.454453143385860514e+00 2.158155049818475391e-01 6.647620608657127672e-01 -1.470576719483236879e-02 6.701433746076960185e-01 2.005356658566567862e+00 2.986100786606392665e-01
3.202683830477216276e+00 3.482119045662159351e+00 -9.989401107708947292e-01 9.067234047232790584e-01 -1.738258891019635044e+00 2.577557608685304924e+00 -1.113662587582463503e+00 1.569752259925560001e+00
3.400221410903467856e-01 -2.760667260209697105e-01 1.029478708543477561e+00 9.617813161721591175e-01 1.833154874374696708e-01 8.121693468666778548e-01 -7.530477332789620171e-01 3.586052281941156106e-01
-4.312886532914641080e+00 -2.788665523996757489e+00 -4.083730495634824154e-01 -5.810568373751042737e-01 -1.908668332715470484e-01 -5.721703676008492723e-01 -1.733419355230713110e+00 2.365560833019427212e-01
-1.002875794473916393e+00 7.215631936100130872e-02 6.332945233594315937e-01 1.308443958676008823e-01 3.219538160989426911e-01 -2.231032097283408913e-02 1.679724491332970526e+00 -6.577560995201973959e-02
-3.419305800531422079e+00 -8.737173461823264375e-01 -1.568284942279836169e-01 -6.429599475687958199e-01 -5.238622355010584819e-01 -1.076500590414310787e+00 -2.317532552087168130e-01 4.501596786543259343e-01
4.358379259257789684e+00 7.402071216465770931e-01 7.091186514814773467e-02 7.175348168678230554e-01 5.853148459100335765e-01 1.237627592773477891e+00 2.208294375099739248e+00 -1.006754744275861757e+00
5.146155584818155049e-01 -4.015351138926151364e+00 -4.947300348706940021e-01 -1.190888580678715059e-01 -2.624863664900520810e-01 -1.667070856292816039e-01 -9.413682104824795394e-01 -8.097793654129150642e-01
4.854047486799544231e-01 -6.074886619386228759e+00 -1.085909773853374727e+00 1.114138379638305976e+00 -2.007313091794286741e+00 3.044874824039799144e+00 7.389516536360831722e-01 -1.878880101200029129e+00
5.652428791908908678e+00 -4.715514235887148686e+00 6.360123559155430595e-01 -7.651310833107320963e-01 1.128017200131686687e-01 -6.988906308294960956e-01 1.115700200164967404e+00 -9.361835676682845886e-01
-4.519031007376595355e+00 5.973424702188754765e+00 -6.254134940693857336e-01 9.539958775267687319e-01 -9.359705611489639587e-02 9.088671197798605661e-01 -1.888203015052957401e+00 2.303046254309388530e-01
6.143209622138201098e+00 3.203060515856671842e+00 2.840300863869251735e-01 1.635661030778523539e-01 4.271868679867101282e-01 5.821147263927007875e-01 2.292828592174583902e-01 1.111843781274106380e-01
-1.481540512384958319e+00 -1.169652717815987231e+00 -3.663133911052491865e-01 7.409168356446951265e-01 -9.792762399728084377e-01 1.672948858245141501e+00 1.489323086178665267e+00 1.423330650390884911e+00
-3.338104475023453865e+00 2.198758033020405733e+00 -9.220869369027329121e-02 8.491414015325204900e-02 -1.057875493752550300e-01 1.625823474688053161e-01 -3.788216851778395400e-01 -8.209039575733588778e-01
-4.103797505356992836e+00 4.966988244945673259e+00 7.316060304379070622e-01 -1.259804664232468951e-01 5.476317828442942570e-01 3.876961254172429094e-01 -1.567310318378253076e+00 8.941664147709652566e-01
3.118541586692028744e+00 -4.541764823331435608e-01 7.509074515453928456e-02 3.988514165363885589e-01 3.724098787219093931e-01 7.371843096512551430e-01 6.862822421105155279e-02 3.239961556717804170e-01
7.119249593453735869e-01 1.594114511285883218e+00 -1.920154751754221678e-01 -1.591446254280550754e-01 -5.693884844213452368e-02 -1.229621483317607650e-01 -1.301178810081791593e+00 -1.005134089824738508e+00
3.404027612833624872e+00 5.003992188759294635e+00 1.021859523927455493e+00 3.045984400328030084e-01 5.155907003502157027e-01 3.196351856411327463e-01 6.835966442853282921e-01 7.930533742637473349e-01
-4.364656845201357882e+00 -8.930626292777210651e-01 -1.109750691240959597e+00 -7.273247066063599497e-01 -1.626988610723162143e+00 -2.266524001102246721e+00 -3.075245237387120856e+00 1.973945108536258708e+00
-5.426041355611329386e+00 1.367612869315118829e+00 1.007305482514595507e-01 -6.439327406523362995e-01 5.348856918283136919e-01 -1.110628795750752129e+00 -1.802201554967110875e+00 -6.891797654997897649e-01
2.536855291258504508e+00 1.515633418555504264e-01 -4.280444505533336219e-01 -1.025962732690888002e+00 -7.983504271142815023e-01 -1.606666522705169964e+00 -2.017314431045176715e+00 7.292386213822021901e-01
-1.506190446214964673e+00 3.396973038705741743e+00 -8.366986320172824509e-01 -4.156063563206996436e-01 -3.858831147951665153e-01 -3.424354296972591527e-01 1.866084810156972029e+00 3.823561967274694551e-01
4.816766400833564887e+00 3.072140246835743937e+00 1.002255234346543622e+00 -4.521266076943087908e-01 4.690440936310725784e-01 -3.710027494981117946e-01 2.160509389714525774e+00 -2.407907327844147904e-01
5.134562523228378694e+00 3.394804472470688950e+00 -1.045367386608943683e+00 -9.905939427072436576e-01 -6.146628550413240077e-01 -1.093955002408942390e+00 1.161562733474239106e+00 9.133529142555487645e-01
-5.605741414750483820e+00 -1.281887431333851524e+00 -9.610384542177996536e-02 -5.298276188025741185e-02 -6.257816811727527628e-02 -7.668943785891958742e-02 -1.258048209987043586e+00 9.629966938044920433e-01
9.850729467054000210e-01 5.244368223494813464e+00 -7.195629206136313627e-01 1.163738151986495328e-01 -3.697353330541362504e-01 -4.547751796118497392e-02 -1.681742834973388057e+00 8.769228072751029668e-01
1.174106787379812111e+00 6.221010956012470672e+00 -1.109129789470966854e+00 7.203352425287703475e-01 -7.111381674212561288e-01 9.538099174470809904e-01 -1.203997488879312128e+00 -5.785584069986282607e-01
1.554110788556546829e+00 -3.501032310770701539e+00 2.120815989453042061e-01 -4.236499272262191917e-01 1.878397911076464255e-01 -4.867795529779029295e-01 -2.085839543873273527e+00 -2.656318103333030756e-01
-1.945625386644611154e+00 2.724022388939733474e+00 -6.941497389911549520e-01 7.519052287801335499e-01 -3.313135330651886812e-01 7.377488003146337459e-01 2.105343373379110705e+00 -6.497436225197239512e-01
-8.334475790958846275e-01 -2.781942569637498863e-01 5.859262112868846017e-01 1.052926016085434346e+00 -2.416592994642721426e-01 1.258280096275736781e+00 1.320211545793582353e+00 4.349155712210944214e-01
3.928380507193280025e+00 4.737953869929807382e+00 -7.550867408452743845e-01 7.889588436679242367e-01 -8.524770653557385280e-01 1.377003813002300125e+00 5.663081404411911546e-01 1.849542610452925118e+00
4.606935443467000013e+00 1.677283909998996236e+00 1.006170010214813670e+00 3.805632997400685280e-01 1.319815517336008215e+00 1.670847188209844347e+00 1.525006319216298811e+00 -5.304520191835286891e-01
6.154401467517409685e+00 6.025365532039490546e+00 6.573989998955243053e-01 -1.790316826184699117e-01 8.213424430286431210e-01 -9.935458201633895481e-01 3.618629913510167384e-01 1.499663013588609095e-01
3.103120654756464702e+00 -5.237630141634589620e+00 -7.267287684799936809e-01 1.113686720013796316e+00 -1.155276031788616126e-01 1.059646053906461161e+00 3.127430597590219463e-02 -9.734023676197519626e-01
3.105422149464722281e+00 -4.925196336207564585e+00 -3.038228838307311941e-01 5.817202312970439770e-01 -1.023822237624702758e-01 5.637296520274510669e-01 -1.550738590478666773e-02 -1.034259689685861794e+00
-6.084369705989980837e+00 -8.647955696844897844e-01 -4.673080815661601051e-01 -7.140887143811145421e-01 -6.828603926256135437e-02 -6.809209097725794635e-01 -4.356608807391855187e-01 8.016067227025294173e-01
2.557469899444381412e+00 -4.376554346375957749e+00 1.196449217015534083e+00 -8.096046200022355421e-02 9.223151837372836059e-01 -8.147321060268949422e-01 -6.476727514779783146e-01 -1.399398426266503570e+00
8.652950309555542674e-01 -6.771109953456946329e-01 4.551345577909384765e-01 -6.169268981500772853e-01 2.364187247669610192e-01 -6.236379951694730472e-01 -1.375192914184493409e+00 4.791637072282283194e-01
6.226375448477758923e-01 -4.626422752825521734e+00 4.458165580141133510e-01 3.379382977100990892e-01 1.570441374471487073e-01 2.576450681615591320e-01 -1.131586196091659557e+00 -1.031080538735284380e+00
-3.346850001472715608e+00 1.781288504209159740e-01 2.325324598703355505e-01 1.014332867252810688e+00 1.029216882136588795e+00 1.968832003790781382e+00 -1.165622664647292694e+00 5.807960974026250556e-01
-5.567788885238432073e+00 -3.197906579207611344e+00 7.215831795101752544e-01 4.384753029678032377e-01 6.969232803360032591e-01 9.379734504234373826e-01 -8.559709133257079605e-01 -5.121466540829935354e-01
-3.304616427843310777e+00 6.771339928826662913e-01 -1.170967775963141166e+00 -6.324728368172271020e-01 -1.024697114388695374e+00 -1.316299678272391693e+00 -1.329128230633848773e+00 3.779610626254941153e-01
-5.927475487919362962e+00 3.546001290936654726e+00 4.359488102462949488e-01 3.010449079474390999e-01 7.348953314948086790e-01 1.035068981995440840e+00 -7.335406356109041015e-01 4.305041299823820777e-01
1.507408014492114923e+00 2.726010232270525080e+00 8.902694619865278991e-01 -9.947805383399743739e-02 4.915381638607836945e-01 -2.690381084830770764e-01 -2.120108468793343359e+00 -2.795976435287430562e-01
2.416797266023561264e+00 1.666499502958265211e+00 -3.723327750809976022e-01 4.389764823116997228e-01 -4.733595568799900399e-01 7.852323094064073139e-01 -1.072520351777820569e+00 -1.248868146558482772e+00
4.751563841439999436e+00 -5.875704085616341388e+00 -8.986965364590633332e-01 7.220624523120795502e-01 -3.414975218780729738e-01 5.991110888834153547e-01 1.807591028063283867e+00 -2.054235433820862933e-01
-1.080004309144303676e+00 1.874326919602578911e+00 2.303577254712330102e-01 -5.889581864146152812e-01 -3.366367064514700913e-01 -9.197097279377824952e-01 1.821559065885290707e+00 -1.011926565695581592e+00
-6.052810521994031134e+00 4.410180142969366557e-02 3.167878811115292237e-01 -5.414890657867910129e-02 3.577305781370978544e-01 -4.056912083764164789e-01 -4.298074546633522397e-01 -7.096489856297363841e-02
3.143406168673445578e+00 3.002876970316172844e-01 8.218699438953926961e-01 6.364414961604194509e-01 1.316344317392101004e+00 1.894585343625166729e+00 -7.297425133677686304e-01 4.375744996473319159e-01
5.085436273379949412e+00 -6.073131019800589669e+00 3.887630658496554759e-02 -8.874187978253638143e-01 9.265985564773089600e-02 -9.024549225142647346e-01 1.779929113289398179e+00 -1.259999668658750016e-01
-6.087988409752820296e+00 -3.069396418973140861e+00 -9.163376895671077049e-01 5.254547714156247995e-01 -3.889971727278359048e-01 1.393964914606736216e-01 -3.945722802348582969e-01 7.878641923342533104e-02
-5.901171536972824150e+00 3.225717511790753278e-01 1.084644402163019938e+00 -8.370529743116448262e-01 1.913466016875167597e+00 -2.747139510393133754e+00 -4.333032130838270213e-01 -6.292831683571363799e-01
-3.262787446079430165e+00 1.476058609745280137e+00 6.724856090874207215e-01 -7.855173884825401576e-01 3.467541703480446214e-01 -7.946904194876369676e-01 3.366913540916093017e-02 -1.270981517065383537e+00
-6.247115713921629343e+00 -8.129693129685078290e-01 1.193963982547990854e+00 7.004733014032118454e-01 4.676509890760366939e-01 3.914940052282571137e-01 -2.095536902700527726e-01 8.637614601520291480e-01
9.388524573184531263e-01 3.701780735954447010e+00 5.800915205557328758e-01 8.823053030764167470e-01 1.231581782383397661e+00 2.026640868626244707e+00 -6.910503865579579186e-01 -3.913655949802758993e-01
-6.278133313398591042e+00 -2.585961928143524435e+00 -1.708916151628854241e-01 3.340434140837902355e-01 8.933492721884221666e-02 4.101765940346657757e-01 -2.927489885103824740e-02 5.466502034584375114e-01
3.553133937171070400e+00 -5.617236243475159263e+00 -5.907866823667506928e-01 -9.182953912484885794e-01 -1.391394962837355198e+00 -2.264904843653539501e+00 6.930464466564534298e-03 1.753086411214277440e-01
-3.720824110325180900e+00 -1.704275431187356027e+00 -3.977366280148169064e-01 7.457309606576880689e-01 -4.201733915772743605e-02 7.276157378423532274e-01 -1.122346969673322814e+00 1.018690018029637212e+00
-3.912705354868047269e+00 -8.308459982939266908e-01 -1.064557808590704813e-01 -1.019253905674037286e+00 -1.119900713884969257e+00 -2.137157273290931858e+00 -1.250986349377393836e+00 5.956211448106123463e-01
-3.858344101868142584e+00 -1.818254407547156504e+00 -2.625348030314260672e-01 1.577571519102318742e-01 -1.064839619580768421e-01 1.095991240396755328e-01 -1.324286658017593821e+00 9.799469952917632121e-01
4.009792877740405714e+00 -2.156874383892763980e+00 -5.194931673512291903e-01 1.847468315460039090e-01 -6.936130458809784960e-01 8.736567988378830529e-01 1.455886394852542898e+00 9.035642172154325635e-01
4.298086954950793626e+00 -2.512255669737021524e+00 6.745099732654968872e-01 9.882316168747171670e-01 -1.432939677867281214e-01 1.112072089202240210e+00 1.910962226106344586e+00 5.084416948597502151e-01
3.153435628856895434e+00 -3.592572842858939186e+00 8.524566813699248069e-01 2.578605444349286735e-01 5.183882481066514059e-01 -2.059909737524958651e-01 7.136158157307413707e-02 -4.835241183239554763e-01
-2.369461886693219999e+00 4.898714848238052255e+00 -7.741691115161714043e-01 7.580031815016430308e-02 -4.816503844507610266e-01 3.420904901991668190e-01 1.258030906607291888e+00 1.119987306283851014e+00
3.829658794416225476e+00 4.813278194478385785e+00 1.182482096795563153e+00 -1.132217711609009525e+00 1.068913787302331553e+00 -1.724409848417118418e+00 -2.644275949643200008e-01 2.529431617009876732e+00
-5.792408426811726407e+00 -1.847180007136839386e+00 1.057987111683358572e+00 7.796605497245565619e-01 1.053293012470637668e+00 1.510744879735489654e+00 -2.088143545919649569e+00 2.107569661880561718e+00
1.529273522329183344e+00 3.767103064141672064e+00 -1.431669916050282154e-01 1.119869982341140657e+00 3.398640238370446709e-01 1.330129520872080473e+00 -1.643107906716462896e+00 2.303429231403033572e-01
9.645435258994403682e-01 -2.188936516866066384e+00 1.175720288009076908e+00 -2.013581457164590471e-01 9.742387058792151278e-01 7.728117261271446603e-01 -1.634627972109522487e+00 8.060078221153393896e-01
3.862792857549356640e+00 -9.080795011462461375e-01 6.007612429792461572e-01 -9.950636661043904541e-01 3.300251299906578062e-01 -1.014353649971144300e+00 9.863831702489855857e-01 1.122513450286962033e+00
5.260305081895284118e+00 5.843223151949874961e+00 2.193292374420403590e-01 1.078234641053495979e+00 -5.225180263907536204e-01 1.514463998060701089e+00 1.271623729932053859e+00 8.615052893062685735e-01
6.140131684509780641e+00 3.525238379995100146e+00 4.010850928780893554e-01 -1.818228624403306348e-02 3.076316129891079609e-01 2.477563085605975490e-01 2.468191000070310559e-01 4.126169648146195690e-01
-7.829207953249284202e-02 3.251509830554709879e+00 -4.680144579954814699e-01 8.639966197928277136e-01 3.678476857329555649e-01 1.225348431100628410e+00 7.209045594669113988e-02 1.940297624640094643e-01
1.087682717488911877e+00 -3.832271974301278750e+00 2.295002355238793257e-01 8.547821711696921287e-01 2.725270309401018123e-02 8.491659756749462273e-01 -1.748460316758430944e+00 -6.597062932485299180e-01
-1.976829484408630933e+00 -2.777282379667208367e+00 5.919779330952121832e-01 2.935500688598826624e-01 2.558030386085083929e-01 1.154135009906629983e-01 1.816201740034072643e+00 3.774928265206390354e-01
5.648448612086628629e+00 -3.371528201411804204e+00 2.155767554637340044e-01 9.482083407567560851e-01 9.411697738612612163e-01 1.813313461206640831e+00 5.137964269760253444e-01 4.442198338174898620e-01
2.421259607326215146e+00 -1.876705739282032326e+00 -3.054028749660344655e-01 8.345304336864256545e-01 1.666673225512401574e-02 8.412415004515596539e-01 -1.306436172624297232e+00 9.407395974629050306e-01
5.232710275463665184e+00 3.300332246589011476e+00 -6.456274577240800339e-01 3.090034221597925956e-02 -3.385303436025910995e-01 -8.885615546927402852e-02 1.707183526404380647e+00 1.862092253006043807e-01
-2.988621171379740371e+00 6.630971746749292350e-01 -7.562265833318199126e-01 8.877858558440505643e-01 1.496188982495728556e-02 9.008428448450630510e-01 2.981698847086697302e-01 -6.089793679050232722e-01
4.879655458672367274e-01 -3.867300345175692655e+00 -8.376462401288500281e-01 -3.092467572894490591e-01 -5.036510930457982482e-01 -4.853132512585771607e-01 -7.086530244709424720e-01 -8.926716582689651069e-01
1.407825291109527477e+00 2.305487930216145287e+00 9.132926341543841087e-01 8.726230918034463269e-01 2.291688697550730291e-01 7.297502381220797307e-01 -1.842742024781120813e+00 -8.727946738137359883e-01
5.953972509087337883e+00 4.492282704373016244e+00 6.894322740582274900e-01 5.711891913692181966e-01 3.154880725565210042e-01 5.368356385781286599e-01 4.782382445870312360e-01 1.144232410121566401e+00
2.510237585339609723e+00 4.515320719760888224e+00 -9.237527016794317980e-01 2.276331201790022796e-01 -4.541920118999788758e-01 3.652568983766591587e-02 -1.195527961088023172e+00 9.956944746501712462e-01
-6.033364177485651680e+00 5.595910894741493280e+00 -1.230305788216274898e-01 5.134272774407071527e-01 -2.589134108388000399e-01 6.667379479133906939e-01 -3.553509399151659753e-01 4.953223705606946137e-01
-3.713962564113822751e+00 1.201444727323887740e+00 -6.453131307389159410e-02 -1.134818809617930579e+00 8.384340837906813226e-02 -1.151723868225877911e+00 -9.886702637598608900e-01 -1.027142880347118314e+00
5.515210132258378195e+00 3.242371169907309891e-01 -3.764214472227456199e-02 6.473408278972456742e-01 -1.877922706035985156e-01 7.338234425060112809e-01 1.267036803189590000e+00 -1.962622114719264621e-01
-6.173363218544292153e-01 -3.249427846989302093e+00 9.929750996199160351e-01 1.090081217831013527e+00 1.570898555850068545e+00 2.461456706980497788e+00 -7.282202381194282648e-01 1.778324298692983474e+00
2.771041454839195950e-01 -2.716826268201973260e+00 -1.587844148334576211e-01 -7.232441653906523937e-01 -8.556368188619228876e-01 -1.569569710154503639e+00 -7.447306407578773157e-01 6.096957453557296791e-01
-1.897677820688450367e+00 4.369332946657861427e+00 -6.122864669714793706e-01 -6.037818088075224132e-01 -8.581391022934002633e-03 -5.952015402735926219e-01 1.894013933374251391e+00 9.418137273648623520e-01
5.231449873699213882e+00 2.417268579742961165e+00 9.117052833523420219e-02 -2.209200262863181274e-01 -1.069525351195554086e-01 -3.221910292325097513e-01 1.725489020828373299e+00 -6.515475409213637992e-01
1.022386432902451681e+00 -6.034684077721369277e+00 1.944855778034164651e-01 1.076574644102418210e+00 -3.866213666716014075e-01 1.353086489517259405e+00 -1.341082038480240657e+00 -6.115786102235926114e-01
4.101751303330559040e+00 -3.696036067711938600e-01 2.393768267330367294e-01 6.913189228135370179e-01 2.081294340556990030e-01 7.410008612458346411e-01 1.788330820164096613e+00 2.114801087304568894e-01
-3.852418422212153359e+00 5.424453604707766274e-01 4.513020176019399976e-02 1.038633379115659894e+00 1.941679626091002420e-01 1.099255807166676036e+00 -1.507690155686447264e+00 -3.134612638723801026e-01
-1.238044067202790366e+00 -2.257933943958271072e+00 1.114910176834336131e-01 -1.172184985416251601e+00 4.200967442705895727e-01 -1.392088736842115315e+00 2.388583064113178001e+00 2.747756240428588792e-01
-8.765386462230173592e-01 -1.569652555924286652e+00 2.158831159185690129e-01 -4.897558754702128203e-01 4.208326003447537267e-01 -8.134856288303937699e-01 1.755791776060093845e+00 7.812652912105370051e-01
3.345310876358533747e+00 4.850593562054529073e+00 -6.580633861650356797e-01 -8.822844154494301483e-01 -3.007961213552009516e-01 -8.625922599451277817e-01 6.635318996820974702e-01 7.315571485579324129e-01
-4.585730544888763305e+00 4.309006475467885622e+00 -4.578086768189288946e-01 -5.257067112231180728e-01 -7.258533766805068677e-01 -1.151963113453969623e+00 -1.561244643880333793e+00 4.970040861631195295e-01
-3.143469061222033734e+00 4.982454119625723266e-01 1.048992923517514386e+00 7.115732811148693937e-01 1.360554339202929119e+00 1.905492573811244927e+00 -1.246953227196794245e+00 7.653154085797638784e-01
-8.970022538979298687e-01 -1.641168937023663510e+00 8.261996629666279457e-01 -5.166090993284846444e-01 8.268658487630370368e-01 -1.124895121106054274e+00 2.192956852180873550e+00 3.674879451738894409e-01
-5.204511463731877896e-01 -4.908639068544354167e+00 -3.717218045278051219e-01 8.156177044744017390e-01 -5.894339722179247482e-02 7.968411929684454664e-01 9.500214748948647703e-01 -9.362829512245558483e-01
2.053866435352594166e+00 2.193636218544817496e+00 5.311280260477699855e-01 -2.430826952903798466e-01 7.571449943468522292e-01 -9.928440836887564291e-01 -1.875873012375367965e+00 -7.074981527821949667e-01
1.992651520647275021e-01 -3.971558184910337630e+00 -1.415841110187092688e-01 -3.060029606271371660e-01 -1.725912743676980277e-01 -3.949700047189934615e-01 -3.374844903785293448e-01 -7.963217728525443517e-01
5.901114212312364771e+00 3.857553888026581390e-01 -2.613621045437701795e-01 1.054605290174782661e+00 -6.881047027756188594e-01 1.549642975024591696e+00 5.051098778217077978e-03 3.643758286896903176e-01
4.524244634676655608e+00 4.213147213359016874e+00 2.846417821476874277e-01 3.624182623403882086e-01 -5.520690462129715370e-02 4.149751371964126578e-01 1.971718679380594974e+00 8.709331484444338134e-01
6.402342035770711703e-01 3.149438079726698092e+00 3.248903075722882061e-01 -6.012907039166693890e-01 -1.186641184457396941e-01 -6.970073022093530302e-01 -1.145879030530139397e+00 -4.104218117032873425e-02
-3.166303687813013745e+00 1.427397632723854670e+00 1.475790211184981882e-01 7.684859191568396142e-01 1.201295654016965447e-01 7.827103651254873062e-01 -1.427822063585216794e-01 -8.963708461544823702e-01
-5.454293795516789167e+00 -2.209940410094731078e+00 3.228449191004199026e-01 -7.728663948715932541e-01 -4.413007666449919042e-01 -1.211839194306321144e+00 -1.529223940517217661e+00 8.574649021079011613e-01
-5.939022660819143873e+00 -5.107260840121723433e+00 6.549254452010826455e-01 7.343638374951981795e-01 1.036518754501942335e-01 6.645465658539893017e-01 -6.239054516029919339e-01 -9.739575062434623343e-01
-4.398043536264646391e-01 2.619596551661645734e+00 7.212468122291371131e-03 3.443100533779317463e-01 3.480144689218592213e-01 6.911496809090367233e-01 8.712722282752205505e-01 -5.183587395498422401e-01
-4.301090792157697962e+00 4.203281500655604574e+00 -5.528287172182765330e-01 -5.187179616638336599e-01 -5.307490070506827307e-01 -8.400850825150072421e-01 -1.478357276722252145e+00 5.183319843543823247e-01
-3.189205782322670490e+00 -5.577696196112521321e+00 4.731564690066150103e-01 -5.804888417235095632e-01 3.382700495424206810e-02 -5.558096485338007708e-01 -8.233192026491992221e-02 -6.612646261105935563e-01
4.568401678225241014e+00 -1.796216797799061737e+00 -9.239159710794089264e-01 5.057749677590070991e-01 -1.418628217668915337e+00 1.919702066281411268e+00 2.200828918547971913e+00 7.531747438411483531e-01
-4.559886652865140277e+00 1.808245996212358264e+00 -1.027326671606397346e+00 6.720335193030280152e-02 -1.086466539863455649e+00 1.149752249545510141e+00 -2.082773950875689728e+00 -8.659551637387332690e-01
2.247313585939107128e+00 -6.124801699545119327e+00 -3.179821243598857095e-02 1.079631333312209618e+00 2.865985406816196623e-01 1.221572017773922658e+00 -1.863664132826843289e+00 1.464260368782426824e-01
-4.858888699537970979e+00 2.174498018785490316e+00 -8.161949073857202031e-01 8.882456767381625706e-01 -1.000791976749846546e+00 1.620376612959848250e+00 -3.084201404957798598e+00 2.823853821556819299e-01
5.436154914615311640e+00 3.195702824378676254e+00 1.130599967101112879e+00 3.609555179618875176e-01 8.389429884783620173e-01 8.817009632087048354e-01 9.186859112021718010e-01 6.340322676091278975e-01
4.877854655251807614e-01 1.185921366909571617e+00 -1.880210735221177210e-01 9.770617325288897259e-01 -6.626835324478831390e-01 1.484704980800662932e+00 -1.569776730894386407e+00 -2.944102129350181229e-01
-3.793768576082571009e+00 -4.172244987812664618e+00 1.085937076063822060e+00 -1.108081188239704584e-01 1.046077909296937891e+00 -1.082853721575810502e+00 -7.952776704011113029e-01 -1.276191346994580922e+00
-1.039178501482360240e+00 -6.065391419310888210e-01 -1.096101748353219385e+00 4.071518397012794388e-01 -1.246604002382303067e+00 1.538896632690377464e+00 9.196538098226689772e-01 1.374349693913176518e+00
1.532083962354920281e+00 1.712873294513775235e+00 -3.905531714662591192e-02 -6.347473041363136392e-01 5.670151885590496432e-01 -1.192521320268510543e+00 -2.120082413363002072e+00 -8.683431607119700413e-01
-1.042732241744007915e+00 -5.567349551453900425e+00 -1.102582654580368526e-01 -4.984469711057190056e-01 -1.034542006801528607e-01 -5.177587873411230168e-01 1.780191047255368586e+00 -7.088710630951465808e-01
-1.944049432628603746e+00 5.336990146649807087e+00 -2.986279804099645219e-02 1.126891229039751474e+00 -3.755643514682329154e-01 1.330487153375429221e+00 1.442403149168272947e+00 1.231085344651718039e+00
1.550188934070054536e+00 -3.737211914412500668e+00 -5.660696538946329293e-01 -9.964756280151529921e-01 -1.416567830037760399e-02 -9.887716982375964747e-01 -1.987821191607881843e+00 -5.727756456989522293e-01
-4.267600036579003664e+00 3.710863912472229131e+00 1.144598788670040390e+00 -7.354585014628547412e-01 5.307326162042278472e-01 -6.695621714581511119e-01 -2.158011738402540569e+00 8.916271238553921119e-01
-2.927059327100417718e+00 3.585624124924606804e-01 6.193479795194605231e-01 -3.965967750872069209e-01 2.222784431300246777e-01 -1.766198631543305919e-01 4.314178302868993953e-01 -3.565633142646504328e-01
-1.617370296147586650e+00 -5.761994085961262613e+00 1.044367477301732849e+00 -5.161628502668526020e-01 4.482053742396038265e-01 -2.751407623342935760e-01 1.893859931692954301e+00 -3.939422239285009231e-01
5.094432203324036124e+00 -1.223250072338315952e+00 -1.090842850391294139e+00 5.522047616271419379e-02 -1.144668810148701255e+00 1.199208252540572506e+00 1.903154117651323141e+00 8.928667992343874982e-01
-5.041594486955780496e-01 -2.235186453273132479e+00 -5.893485544453869185e-01 -7.243218496315395605e-01 -3.569992714155078017e-01 -7.812796317461986328e-01 6.907997977681702428e-01 1.062636449924446280e+00
-2.755490072276067792e-01 -3.874516934256762468e+00 8.959755216881568618e-01 -4.336854310209147245e-01 4.241540666057040943e-01 -5.312818774012677270e-02 5.341994170159369837e-01 -6.590947478824020767e-01
5.069297974049867150e+00 3.107924963274578900e+00 2.375646935362074608e-01 -3.255228483431329423e-01 6.125495911304135177e-02 -3.022017542090944531e-01 1.891079725340736095e+00 -5.077858974301298345e-02
-2.872548286108704829e-01 -4.669774066682128577e-01 5.750687100181119948e-01 2.856951233411300084e-01 2.848723931679068566e-01 5.411078177984789822e-03 5.663656671473517035e-01 4.504649197243930092e-01
1.609452974808325720e+00 8.896893990968912647e-02 2.760377399305171675e-01 8.396925154567973504e-01 1.170523770253826673e-01 8.338058263526112457e-01 -2.095981302229432686e+00 8.623838096702984152e-03
4.459779078209162861e+00 5.544456581519021654e-01 4.534921157526035085e-01 3.738258429680785255e-01 4.893899120874167785e-01 7.272895916531485483e-01 2.182696768188074010e+00 -7.726420072766748692e-01
-6.053368036174283873e+00 -2.026854728918989323e+00 -8.867743887857616469e-01 -6.612156507937014815e-01 -8.165508600060772393e-01 -1.178378878436871613e+00 -1.200216718767328494e+00 1.642412910766468670e+00
-5.378729833899951629e+00 -4.399090700948145916e+00 5.505544758147662421e-01 -1.105412370757333784e+00 6.905593089959435327e-01 -1.490276410724202583e+00 -2.426655445332888572e+00 -9.684416185387911824e-02
3.395920092773309307e+00 -9.043078290088546467e-01 -1.164614901840127281e+00 -2.071916059167353552e-01 -6.782252209083607930e-01 -4.788820828425240372e-01 8.007801894094135342e-01 4.884063115831482338e-01
-2.380230793038252912e+00 5.977102508652851753e-01 -5.408778037827288721e-01 9.009329722816488140e-01 3.390189565578367037e-01 1.235422274456895897e+00 1.448052784171137475e+00 -6.309881044798054672e-01
4.134095908792811969e+00 6.123921322720672578e+00 9.809886548601316481e-01 1.033546541197076118e+00 7.639939570975956551e-01 1.344395613140084045e+00 2.613042822776599827e+00 -7.796575368196047018e-01
-1.715923966632182385e-01 4.497467657429220722e+00 -1.018327483780071985e+00 1.165067795867593459e+00 -4.843854777483432295e-01 1.144086459689013013e+00 8.951618927855167218e-01 4.233344355382077095e-01
-6.165707611735117055e+00 3.449183049961542125e+00 4.474641964136738537e-01 1.158913886210377386e+00 1.530832604173811617e+00 2.662165394100063587e+00 -1.004528591693771178e+00 1.072876271531514103e+00
1.310804187335166127e+00 1.963235683191131287e+00 -7.476758408005956813e-01 5.630040337208896961e-01 -8.731906820521176948e-01 1.256850027859196084e+00 -2.599080139632960140e+00 -2.576827520796359239e-01
3.618225462959767214e+00 -1.023178704401140671e+00 -1.038025576637898517e+00 1.044681048016321556e+00 -4.831809680232049820e-01 1.010411334227392821e+00 4.305977325598341343e-01 1.340749372075720647e+00
3.100162476196439698e-01 -4.544568999006724397e+00 -1.021022228996448344e+00 -2.617950923965006726e-01 -4.969509826590121082e-01 -1.913684145214248344e-01 -5.160073362662368490e-01 -1.080092128150657471e+00
-4.704329147302804159e+00 2.002387523752368281e+00 -1.176304859138595615e+00 -3.812476241962866608e-01 -7.089900012855000488e-01 2.650983598351984161e-01 -2.077180030226279506e+00 -8.310562849099116800e-01
7.353406659663805911e-01 6.869696878481752478e-01 -8.367853555661408649e-02 8.954003934586454161e-01 -9.757503925617870832e-01 1.870009501839176469e+00 -1.253453370291439661e+00 -7.224234431673338674e-01
-4.932374241964649464e+00 -5.719642212408164283e+00 -9.883831650187654416e-01 -8.904576380585373929e-01 -2.396432444360563074e-01 -7.213214159796418334e-01 -2.074260004407515012e+00 -4.117260894305034280e-01
-9.211022821910681557e-01 3.680132985976992899e+00 -3.216399679928297894e-01 -3.233412931029749915e-01 -1.798598240570382645e-01 -3.432922381179411842e-01 1.531174399654691154e+00 5.742469178080407133e-01
-1.226571770201394962e+00 -3.557646490750074886e+00 -1.117364963262970523e+00 -8.770885895713385061e-01 -1.128959855221560282e+00 -1.655081026963463264e+00 5.286626533462952526e-01 9.498581007949407073e-01
6.156958355684571060e+00 -5.399349213255502988e+00 -9.302517000333354602e-03 -9.981927499681692018e-01 3.037208757301789741e-01 -1.159713738395540483e+00 -4.650673917024661375e-02 -4.748865991298407696e-01
2.911987478839760612e+00 1.247460540395684880e+00 1.132368175147022482e+00 4.423430923951676697e-01 5.894660725106083410e-01 4.975132428155093489e-01 -7.471660367575840844e-01 -6.562009305225555700e-01
3.819685214843012488e+00 6.043465146701706203e+00 1.088824844337412445e+00 -3.535696145958288072e-01 5.359159900809522536e-01 -2.796908076865183002e-02 1.242711973485759902e+00 2.493362423031184327e-01
3.807148323364462073e+00 -2.888632316555099777e-01 -1.348675239203553922e-01 4.352634117391351865e-01 7.008612071375497354e-02 4.757790079956043527e-01 1.262201803596520344e+00 2.576535423070370756e-01
-3.455249794248045792e+00 2.504573465641401597e+00 6.778520444170821335e-03 7.380294519432768485e-01 -6.294461552398390447e-01 1.334852966210733793e+00 -3.500943537271853923e-01 -8.617863543041632823e-01
3.482725169615914496e-01 -1.517830104444009010e-01 -2.303961382694904581e-01 1.104953155728043201e+00 -9.757367768682932985e-01 1.961216759443654478e+00 2.349878833110520260e-01 -7.663360925479340002e-01
5.773421951418463038e+00 1.645681846826651196e+00 -3.455604335251523107e-01 1.045008273616948147e+00 1.363611336011818498e-01 1.120266884844158151e+00 1.103329594745618536e+00 -1.124585577761894495e+00
3.082963383233998655e+00 1.422654041965785154e+00 8.346913049153796837e-01 -6.737570152198540940e-01 3.887843225584590723e-01 -6.390022145529762332e-01 1.302480336964587648e-01 -1.236486393789979044e+00
1.589597610565641972e+00 -1.028731683532020824e+00 1.014010793424944046e+00 -5.725902854259889985e-01 4.145259583074313303e-01 -2.135307758574468140e-01 -1.955415211346090754e+00 8.124140358124596339e-01
1.716621517976006928e+00 -5.516175751159339669e+00 9.232365463423064522e-01 -1.419067204265018756e-01 6.054533633138017290e-01 -4.942797797813807126e-01 -1.735414783780637071e+00 -9.373431439452034608e-01
5.094310121107298528e+00 -5.306595214247135317e+00 -1.708590376483143380e-02 -3.522182256406584111e-01 -1.271609007372417055e-01 -4.234581578120795164e-01 1.900504230764642921e+00 -8.731967178380406480e-01
-2.887648143451774452e+00 3.873935772480303186e+00 3.481881578050234349e-01 6.521243577971000960e-01 -1.903776647935145894e-01 8.211289455111048241e-01 4.304825089787583381e-01 7.405791450560921252e-01
4.332060804334224358e+00 6.149228502241307126e+00 -2.712258377848988378e-01 6.629162029523816280e-02 -1.314381138217101674e-01 3.423563683083510889e-02 1.852721728179258731e+00 1.379205231171458657e-01
-2.178444412220478910e+00 2.589323339042756800e+00 -4.958969316334640443e-01 -9.144639907847643689e-01 -2.229820325124184099e-01 -9.021218306605486292e-01 1.441137586696467743e+00 -3.237719444212315278e-01
-4.913215114596609645e+00 -4.495980331828381082e+00 9.372163977890146658e-01 -9.065730474479932743e-01 1.516917289983585659e+00 -2.293358545039952290e+00 -3.369546575003816713e+00 4.330674497823034930e-01
-2.946227570103197912e+00 2.347501409982969633e+00 6.544189556500068505e-02 5.521981385766245864e-01 -1.400075906927303326e-01 6.290825095421853641e-01 4.618571850130566148e-01 -7.868347343196062660e-01
4.760543116692369736e+00 -6.183497844881381766e+00 1.019377952492092065e+00 3.541271659594251719e-01 5.194988152562910466e-01 3.808868198909345359e-01 2.195289196620721750e+00 -2.971300048823273809e-01
2.725377665542746186e+00 4.701405163168695722e+00 -8.563445238989690900e-01 -1.810562152746801878e-01 -5.029446586877036607e-01 -3.793327014130074004e-01 -6.332709182522322511e-01 8.246076209193780038e-01
9.326645770342922859e-01 -8.500446661791505321e-01 -8.501149650845349903e-01 -4.263420260814944074e-01 -4.805227225653850853e-01 -5.274105667066096848e-01 -1.854183697498674510e+00 9.990734448931676281e-01
-3.112366485364775670e+00 2.801234937798991353e+00 -1.717380577174236755e-01 2.530128185449154188e-01 -3.606122881146684445e-01 5.892757495660371214e-01 1.352048749611461376e-01 -4.105851685448679844e-01
5.991132160510792559e+00 -4.983074181423797100e+00 -2.829584578820650842e-01 5.964487682154087089e-01 -1.351381180368991797e-01 5.935613639946191178e-01 4.956436182520472244e-01 -8.833934512480402512e-01
2.234311897326993090e+00 1.502771287468275041e+00 -9.594368565524823422e-01 5.378036276737778731e-01 -9.401172722837629614e-01 1.237388259930310985e+00 -7.985664062939643593e-01 -1.774784579893410097e+00
5.906445379040787813e+00 4.526871618622815063e+00 -7.182540287157815895e-01 -4.528894021051989016e-01 -3.219030676837408289e-01 -3.917087243105106809e-01 6.119880730903053401e-01 1.106634859586517861e+00
-2.294821015220135596e+00 6.063160032626912610e+00 7.594617541342505440e-01 -2.885653607184125446e-01 3.509805673328375009e-01 -1.190657850592961031e-01 1.461698101393430260e+00 2.548478460651592004e-01
-4.986009051484659338e+00 5.678956133188162170e-02 8.944467958067086055e-01 3.002905639331752141e-01 4.206494488584719416e-01 1.638190399496859129e-01 -1.990780986541501374e+00 8.423951893437003902e-03
-3.174315022710444190e+00 -3.634640456806815578e+00 -8.668403566903832846e-01 -9.470767854479057446e-01 -1.532277882855678786e-02 -9.333489857080731200e-01 -7.178635362390101138e-02 -4.669595811341704650e-01
2.473289960918879871e+00 -3.635043967810128951e+00 6.073695740866915660e-01 2.262980486079946285e-01 3.732271640774973975e-01 -1.412382985489223364e-01 -1.248479630068433099e+00 -4.644980709212737646e-01
-5.001826934704507011e+00 4.716570143068992138e+00 1.151016418462620594e+00 -1.094028489523530157e+00 9.578606049040973291e-02 -1.002341813064535403e+00 -1.889021721649530861e+00 9.722040958721533954e-01
5.821528624131090623e+00 3.352388333714117152e+00 -7.498322577186250504e-01 1.024418922965379730e+00 3.715169219778683557e-02 1.053482559038294575e+00 8.664842250383849587e-01 2.336177525769686514e-01
2.398881414656420574e+00 -4.439051811689465055e+00 -6.133248015081338433e-01 4.942256802353259815e-01 -8.089853489032762246e-01 1.181890121983369513e+00 -8.489528100621243079e-01 -1.466497784750897981e+00
8.652126757599587492e-01 2.097174312946394892e-01 -7.419855281556464455e-01 5.403999811985000790e-01 -8.533283561989258859e-01 1.216872748653323955e+00 -8.895125407284548702e-01 -8.411373827643540135e-01
2.839974442012287881e+00 2.931043965021594033e+00 -4.121853512381259410e-01 -1.111259835937541185e+00 6.887727931035638740e-01 -1.797178379540049775e+00 -7.067059395462970128e-01 -9.642207453164478026e-02
2.390473892512545717e+00 5.961529811098410292e+00 7.361923458596724146e-01 -8.922457467708329037e-01 -6.394206477545828771e-02 -9.503811922253875277e-01 -1.390217146951225224e+00 3.414408947007380180e-01
-2.891171380107639521e+00 -4.492247055471560557e+00 7.741875660572903328e-01 8.305310381675263809e-01 3.998490737244311255e-01 8.426363576765467656e-01 1.588513039601522070e-01 -6.390935424445900459e-01
-1.297258178273785312e+00 3.981467400716329763e+00 -1.047975735704784528e+00 1.374437521797930994e-01 -6.551644653372148408e-01 4.889684548565925160e-01 2.195980737078239819e+00 4.742210362596844808e-01
5.754009536305995098e+00 -4.553264284668619766e+00 2.518244951382762054e-01 -5.764999360694050834e-01 -7.164659430422594399e-02 -6.220116801315731525e-01 1.044062792122266270e+00 -1.021785111504176946e+00
1.472086400145108165e+00 5.321307738136333398e+00 1.968719432243082323e-01 4.617947092009813126e-01 3.850793846002385501e-01 7.544186306799178787e-01 -2.179106218035556264e+00 1.009108905771292308e+00
-6.245260545799680152e+00 -4.853178117497751742e+00 -1.175586104971738433e+00 2.193456603928245485e-02 -5.992101854925622195e-01 1.284526270856159169e-01 -1.515755711414583651e-01 -9.143613399399893593e-01
4.071628114311685920e+00 -5.378255384541989592e+00 9.373254873079466254e-01 -7.081868501264787508e-01 2.292173636982784424e-01 -4.790417191158671817e-01 1.600525864011506316e+00 -7.836254512482710988e-01
-4.637030405973911584e+00 2.522397766390952256e+00 -7.080557723469826925e-02 -1.081448676880045534e+00 3.907121799619648894e-01 -1.331521042250487730e+00 -2.394045900465151977e+00 -1.806575801236271483e-01
-4.149033313339097973e+00 -9.962868073615371856e-02 4.421233223597460515e-01 -5.235717884562168800e-01 7.394528194569921498e-02 -4.780605578718362669e-01 -1.663074046482116097e+00 7.160227187067755295e-02
3.797068166838293735e+00 4.465540380862547565e+00 -8.733284298045069782e-01 -1.191468574885377496e+00 4.457633588265511038e-02 -1.226450723013486455e+00 1.185188341069469686e+00 1.003571495502680655e+00
4.553377303887156557e+00 1.812473016257532876e+00 4.327814782658090387e-02 1.408233865527157569e-01 1.501095171965186326e-01 2.790431362100156965e-01 1.958430386642356691e+00 -9.545999245884648765e-01
-5.612611788312891647e+00 5.212388364242475092e+00 8.521001312336433653e-01 5.849980712429270202e-01 4.826549618497867344e-01 6.669278725226188698e-01 -1.560095363936495838e+00 1.194807378427291233e+00
-2.637720754816607283e+00 -2.186960572007222048e+00 -6.235867026686946479e-01 5.807141656281125108e-01 -9.634440604740582836e-01 1.447925761549367696e+00 3.579100375780722154e-01 1.423830829293495359e+00
3.139812133662431393e+00 -5.892407931982480029e+00 -4.495652252268566018e-01 -1.708783370061870421e-01 -5.298967640793336153e-01 -6.604677370000767711e-01 -1.374468247114584152e-01 -2.470215147989146542e-01
-8.951179726718114793e-01 -2.904188500810979345e+00 9.777507413783934620e-01 3.517198458027646080e-01 6.192704757445148811e-01 6.145242478328792890e-01 1.215977182421927427e+00 5.797689407180001142e-01
-2.666893748830831967e+00 -5.995225274305826524e+00 -7.118860012222774092e-01 4.131465831764367103e-01 -2.957288441318786099e-01 1.225590130064453803e-01 9.074123893123938744e-01 -2.772679054863367298e-01
-4.480878122948015019e+00 -5.959557502648080707e+00 -8.252410453420926384e-01 -1.956076379059783488e-01 -4.053387683073205183e-01 -1.583218519016150461e-01 -2.010543586348244371e+00 -2.541062218887366608e-01
-2.510153396250649038e+00 -9.707186827472495949e-01 5.415421091876855275e-01 -1.005080193737440064e+00 2.866698703406653226e-01 -1.014069149668505698e+00 8.900540909827435732e-01 1.115851894046145931e+00
4.167672625017697641e-01 -6.146353442683968105e+00 5.576997580303932889e-01 1.949648214988120021e-01 3.440594220177114471e-01 -1.357014989795556625e-01 -7.967131264434543780e-01 -1.493052560461256839e-01
-2.318298953334005041e+00 -2.262539364779430073e+00 2.411734926589064187e-01 -1.006190621251010775e+00 1.241942965462550008e+00 -2.246203404758923217e+00 1.311308275993242622e+00 9.256048433440938750e-01
-1.078455105519969592e+00 9.864548127025525304e-01 -8.846024147100945978e-01 1.058431840365362975e+00 -2.155612018543480446e-01 9.562016271875153350e-01 1.580991358291090609e+00 -6.526096747073750759e-01
-3.500579501519700987e+00 -6.480371538895646211e-02 -9.330103858381559867e-01 -8.746298171589161896e-02 -9.378642644600447831e-01 -9.850359586829612324e-01 -9.705237595338668255e-01 3.326304333482615339e-01
-3.052141535780827031e+00 -9.468871353263974555e-01 1.341605067037812127e-01 4.870361570744912161e-01 2.196128874499683747e-01 5.989014194294838278e-01 2.918481696718064899e-01 6.984164462729030021e-01
-1.224778469424565586e-01 4.539119317937016618e+00 5.222279092674104728e-01 3.692164780710118777e-01 2.708355627675372301e-01 3.829667940303793650e-01 1.407564644812394627e-01 1.088613596182325338e+00
-3.426726916773940701e+00 4.524960901625600940e-01 3.116472518002144643e-01 -4.703868239464724654e-01 -2.511129003396238984e-02 -4.889707934283108459e-01 -5.708304526549012881e-01 -4.289539132380646436e-01
-6.547892614809809331e-01 2.184651065678657744e+00 -1.880017563606977138e-01 -2.166449732783508608e-01 -3.627135664994811104e-01 -5.629269698985094328e-01 1.278743589572800099e+00 -8.781930607247190324e-01
8.732925461856364535e-01 -4.087384040403781782e+00 -6.326781632150986212e-01 5.179846868596320597e-01 -3.918159566152004669e-01 6.142712788061837070e-01 -1.766196536498125580e+00 -5.776595154079160466e-01
-2.954107962596627779e+00 2.479445695260826810e+00 3.077750331135786777e-01 5.748014155820158066e-03 1.943534411380757887e-01 -1.225757569676935305e-01 3.906684876269961304e-01 -6.327034935400608351e-01
-6.094451228924153696e+00 -3.839455872830810357e+00 9.511741363296108975e-01 7.664601231744483378e-01 8.969750516351554515e-01 1.333395466434006638e+00 5.515971627931279819e-01 -1.569410287441535878e+00
1.070182357493267844e-01 5.165020095161576563e+00 1.039685611648035968e+00 -1.167796054664329120e+00 7.613404462710517961e-01 -1.425717930295437696e+00 8.076433517327225031e-01 -1.219719580032653239e-01
-1.534050005615146262e+00 2.292780936894526889e+00 4.812793742868062274e-01 6.483172502395380121e-01 7.020669569570194835e-01 1.191905415715736050e+00 1.469076319765787453e+00 -2.209220879129616399e-01
5.884348504953759829e+00 3.361188332159740000e+00 2.734416057232820219e-01 1.471470918776329739e-02 2.136267336045686027e-01 1.887752595136598377e-01 7.533132215410939247e-01 2.412152134706173068e-01
2.250245365763300143e+00 -3.901208358785579922e+00 -5.906673097374247616e-01 9.009692694703723692e-01 -1.458664098110279417e+00 2.346995407107143272e+00 -2.005515054975160361e+00 -2.389658708932839715e-01
-2.359086794931509079e+00 -3.098916825615806836e+00 -2.667038335326614718e-01 -1.173540909101402629e-01 -1.237736041817248389e-01 -2.593699166487797858e-02 1.407953042665321952e+00 4.482714900639034328e-02
5.642505497656538083e+00 -4.116011157069010551e-01 6.728724558942442702e-01 -3.539218348678516701e-01 9.676510341113021552e-01 -1.296293971605616324e+00 9.106405574082095944e-01 6.849178268932230029e-01
-1.409184707145155535e+00 -2.996456704826725659e+00 -9.613426490025858140e-01 3.158897886003844135e-01 -4.781340824663884437e-01 3.080125652049893192e-01 2.121189799600043280e+00 -2.624366994906365130e-03
4.729845582976494711e+00 2.120358525205295663e+00 9.548417224024363659e-01 4.875272607195957342e-02 7.927879697317379293e-01 7.319303938060834902e-01 1.705298130899614906e+00 -5.583561297853268934e-01
-3.011969301928198117e+00 -2.486925820401736154e+00 -2.874324093185646189e-01 1.166992277847108239e+00 -1.036748098876028701e+00 2.064092634012083316e+00 -8.141270084128513496e-01 1.681543327276104893e+00
-1.760464693201688746e-01 -5.407849558728665684e-01 7.706925557255150938e-01 -8.426968581162630478e-02 7.535395300711236199e-01 -7.882391824425828419e-01 5.621489030067285952e-01 3.029372500189905226e-01
3.777861583689956504e+00 -3.688807088336237161e+00 2.724621592042359985e-01 -6.918687963636330762e-01 2.873904845119756302e-01 -8.004166938508419094e-01 1.401390272192636344e+00 -7.333034811908455408e-01
-4.000970909026695388e+00 -1.046477552145153034e+00 -7.981395419843488881e-01 -9.721054324740203700e-01 -1.694645703351833177e+00 -2.637176054690678839e+00 -6.835819170167276582e-01 3.437356284411230423e-02
3.190302274364917423e+00 1.736907543493972028e+00 -1.007853654549078382e+00 -6.045324862555804257e-01 -4.717579934607709635e-01 -5.492744874247685871e-01 -1.599601825288058943e-01 -7.288943210424381203e-01
-4.097193929204939522e+00 5.906958344586588083e-02 9.346619411147492062e-01 1.247880651700730148e-01 5.812610488424407862e-01 4.316354832641016714e-01 -1.846406841705129809e+00 1.540498135049759854e-01
-4.438537939457103398e+00 -3.096583063538163039e+00 1.039573830775741170e+00 -1.125604896412186084e+00 6.645575451572514059e-01 -1.276359330569083239e+00 -2.751574281108576603e+00 8.710955582387721607e-01
-5.817462443232633618e+00 -1.273487811422953975e+00 8.717435561132387267e-01 3.724830893393655806e-01 4.737446866417822644e-01 4.518918625327171812e-01 -1.109190092311106213e+00 1.167180917067562218e+00
-4.486121069274911832e+00 -4.932188924703516442e+00 -1.137778097317752257e+00 1.196192540618177924e+00 -1.869048122034303372e+00 2.882355208659565182e+00 3.751591143840316001e-01 -3.300121091403064533e+00
5.824112669075294235e-01 5.606516351793848330e+00 9.239196452113518365e-01 -6.705742035663941891e-01 5.926628780475615699e-01 -8.523394575826576114e-01 -6.192724524030066569e-01 1.453933105331642051e-01
5.629359698354138075e+00 5.563918617058600802e+00 -8.510312779890343293e-01 3.072557562125477482e-01 -1.152699917158509724e+00 1.457488315165642145e+00 1.326320563607586545e+00 5.489675745175759403e-01
9.313892996614994146e-01 1.814094893347290238e+00 -5.228653238283345051e-01 -5.088314897405963322e-01 -1.250865664833329949e-01 -4.293935759695686749e-01 -1.563409595560834031e+00 -1.012038493525728944e+00
-2.186676515972262536e+00 3.499331604407771579e-01 -1.057542659186502032e+00 -5.462379596894827438e-01 -1.138540984648827914e+00 -1.482701330949178553e+00 2.592643453689267297e+00 -1.302947877263450849e+00
2.631237800894387746e+00 -6.052435399548956596e-01 -5.322277381888071979e-01 1.153677687253872319e+00 6.107771981421044050e-01 1.761707270821267768e+00 -8.750257361548468005e-01 4.670142839051983352e-01
-1.677068901079600494e+00 -5.925158733350626150e+00 9.311915854235148782e-01 -1.074021686752478555e+00 2.502106543322800691e-01 -9.619782928225519836e-01 1.773500807919000888e+00 -1.352106679304707071e-01
3.086768000233160336e+00 -1.520412823545642667e-01 5.653273132054281724e-02 -9.264821724979527273e-01 -8.574960048137117985e-01 -1.779929239070538793e+00 3.855201148899678465e-02 3.309783826297540976e-03
-3.642060805083712882e+00 -3.275855433682351325e+00 -1.696062657204184809e-01 5.745306896313167044e-01 -6.258024892768786485e-01 1.158837984483483741e+00 -1.219349969192498273e+00 1.258175516016347972e-01
9.258837361996814508e-01 4.207900064259458617e+00 -1.148697693388630148e+00 2.035683223107831452e-02 -1.106858393060642154e+00 -1.075606517338406620e+00 -1.764936313732480055e+00 1.042053311452772579e+00
-5.453802676142430528e+00 1.268628496814572237e+00 7.347915910881799295e-01 -6.444889547178053180e-01 1.116236692760683713e+00 -1.654764224384927207e+00 -2.260525078442496394e+00 -1.691976951446977351e-01
-1.968569209127558395e+00 -8.427195531981173104e-01 2.503364248052932783e-01 2.032598712108617534e-01 8.973777339519881102e-02 1.646358591148795181e-01 1.857187538127456072e+00 7.331200055938558169e-01
2.658098511038243572e+00 -2.570045395654665388e+00 -1.303849046360254782e-01 1.168025867923398353e+00 -4.021293798575305556e-01 1.366352746626047665e+00 -1.407729680275047190e+00 1.018912446508134284e+00
-5.924603927788831825e-01 -2.366210921545763401e+00 -5.840136241128569550e-01 1.099652980115750411e+00 -1.849385470152113131e-01 1.062376068570079601e+00 1.309249283574838163e+00 5.075470128310616280e-01
-2.295091652571357610e+00 2.600688878752139388e+00 8.394453840430335934e-01 1.573301649129146274e-01 4.122317271138161709e-01 8.215340505913547309e-02 1.464634729165315452e+00 -4.816126251795938562e-01
1.489285404646920163e+00 -5.391998403491156111e+00 -5.931804430156436547e-01 -1.093652026000548894e+00 2.358468326632871259e-01 -1.288557685595850266e+00 -1.822240776377021643e+00 -9.489371224352023404e-01
-1.058948035914424324e-01 -6.377841043122076670e-01 2.995711060451977659e-01 -2.249077735480438101e-01 3.924614494085716387e-01 -5.631508411845336237e-01 3.234845309694355242e-01 4.833260896819195906e-01
2.126643259273075515e+00 -1.233189169317856937e+00 7.724384994336253030e-01 7.191860100596132455e-01 1.408537156373105503e+00 2.094312764405449556e+00 -1.060216709763011300e+00 3.048589574358926413e-01
1.530662251188580569e+00 -3.406509440198135508e-02 6.353439336011665883e-01 1.154591417376713336e+00 3.141741773472139787e-01 1.152684711904354620e+00 -2.360526573959201624e+00 3.961956082084843178e-01
5.124765144970119479e+00 4.123470554628619666e+00 1.031893496767962715e+00 -5.020652279215729319e-01 7.620964903001785640e-01 -9.129971765147365526e-01 2.418317073634608239e+00 2.455670115545057763e-01
1.467480113818774967e+00 -3.499959710401910229e+00 1.462770122926684291e-01 8.708135533886773860e-01 -3.791909997837397683e-02 8.803803378542766067e-01 -2.021638549933435947e+00 -3.184421997161900886e-01
5.042990541833942686e+00 1.554088218627241780e+00 -9.234899220692494026e-02 -2.649311618896675879e-01 -3.060099487828942255e-01 -5.526698137505950958e-01 1.949258582829311637e+00 -1.057424524494578577e+00
4.913689096876700191e+00 5.669137378387404169e+00 3.175916991995917371e-01 -7.101060000135939188e-01 5.676767873621875182e-01 -1.123354416860242955e+00 1.522396655765673401e+00 1.013398891338125329e+00
3.176219963119510936e+00 -4.765580111097183824e+00 -3.918096031171984794e-01 3.694486354349124646e-02 -1.950347962149564796e-01 1.983921842489077408e-02 7.309520711432028472e-02 -1.002440112503750091e+00
4.346097913251549372e+00 -1.142398298375810306e+00 -5.169024744750349010e-01 7.842449721723094846e-01 -7.064719384213892228e-01 1.279133281133738365e+00 1.222422668188434702e+00 1.554534004566956895e+00
1.662572520336191850e+00 9.972739615308165995e-01 4.444151925784791679e-01 7.376766333055690961e-01 -9.843149370640910667e-02 8.151158905562136958e-01 -1.942055641413388045e+00 -8.895223744448370606e-01
-1.793601093685019521e+00 5.982139683753111115e+00 -1.087386538742234343e-01 1.072024030175154019e+00 -9.655953937418426669e-02 1.079571225547937496e+00 1.846639062041645296e+00 4.004429618199645824e-01
-4.069037858761094029e+00 4.372335356779682769e+00 8.954265078471370654e-01 -1.032513651589899384e+00 1.909276678308758357e-01 -9.267031243643877314e-01 -1.747457284131081812e+00 1.090014098917860830e+00
1.077682788762279742e+00 -1.631690727586001977e+00 -7.759706566263806504e-01 -6.852773260063377281e-01 -1.189509966726145285e+00 -1.765398075315088411e+00 -2.641371683379538204e+00 1.877791646892031485e+00
-3.052757224607045128e+00 3.155680062377216544e+00 8.201683828460393233e-01 -7.195534422256270046e-01 1.529184531486684095e+00 -2.244467981629605813e+00 4.337490080277107696e-01 -2.422248035387044029e-01
4.331748683457927740e+00 4.519507174358263768e+00 -1.020644531964573165e+00 -1.118941763467238282e-01 -8.800549525368871473e-01 7.526938955204942605e-01 1.733209890840144762e+00 1.105099904632405039e+00
-1.813262299152137658e+00 3.103954225126713595e+00 -4.610821348376478168e-01 1.773252645416336648e-01 -2.538253860839574938e-01 2.289529195716451526e-01 1.998396959223522451e+00 -9.452879360343685589e-02
-4.997212947920365522e+00 4.151923447914127152e+00 -6.551972034848209114e-01 9.087863431579463747e-01 2.041603139985331550e-01 1.105239765482620706e+00 -1.858009440198313822e+00 7.855949137339756083e-01
-1.154386982321716992e+00 2.655456551097815421e+00 6.919228552031253532e-01 4.369590202387556577e-01 7.477988098417611695e-01 1.023911275522445319e+00 1.354668506196079258e+00 7.212710745694794756e-03
3.420289992326438266e+00 -7.022451442317949599e-01 1.178197518061080418e+00 -5.905587458934354883e-01 5.026065368608354511e-01 -3.109891020207737888e-01 4.203139487238140015e-01 7.758262639501238844e-01
7.067356237618840353e-01 3.613482987914187206e+00 -7.347653579771827870e-01 -2.633647089610057224e-01 -9.400035444250391947e-01 -1.177565487878072137e+00 -1.041138431662427255e+00 1.969998211850005621e-01
7.504257284633899516e-01 3.506517342915955737e-01 -7.233803926705769660e-01 -8.965658633047559611e-01 8.900713309279062457e-02 -9.785546932810650356e-01 -1.330000835519806301e+00 -3.774095185177076539e-01
5.222663420843993265e+00 4.742051580225520979e+00 -5.712007086735944039e-01 -4.924511716836110775e-01 -1.108458788891555913e-01 -3.941627761677204411e-01 1.725021549478268801e+00 1.019759546249410676e+00
8.557756434950460900e-01 -3.561093185872293621e+00 -4.070598087319133862e-01 9.097593632603169223e-01 -7.419862334633361978e-02 8.881499422590258819e-01 -1.573202172703396906e+00 -3.442615325014978800e-01
4.686280792231345416e+00 -2.551638174327436559e+00 1.035472835982985673e+00 4.006621036655404478e-01 4.825350348792417088e-01 1.218407398656953106e-01 1.951334382697161862e+00 6.043072158361649793e-01
-1.979779918811744643e+00 3.470677287806820388e-01 1.131169126255706425e+00 7.166887398672743270e-01 1.061155056266604113e+00 1.444698343795092432e+00 2.950421809163505493e+00 -1.455512653406675794e+00
-1.015431679681459087e+00 5.981455041029683173e+00 8.731899492034844723e-01 8.650960016085245119e-01 1.534605258256915850e-01 7.490884409105524888e-01 1.774670519151505754e+00 2.219187015390625684e-01
-1.120777631472209990e+00 5.971820079291170202e+00 6.725389912592729669e-01 9.608160108255885401e-01 6.331383088659832403e-03 9.564478382971935977e-01 1.805261507265273124e+00 3.019749375802753821e-01
5.069016553627797350e+00 -2.456499412230122470e+00 -4.719703878994342405e-01 -7.974319558793481200e-01 -1.132559580133408322e-01 -7.608965912805198961e-01 1.792590073415570195e+00 7.143141799976047146e-01
-1.321032008609958730e+00 1.325488218987097788e+00 -9.053468893213920676e-01 1.008108972983312812e+00 -1.491147098546555770e-02 9.949878581566623525e-01 1.930892543688360607e+00 -9.630136822874861835e-01
-2.321702277232448264e+00 5.376509010819383150e+00 -6.170602200843103846e-01 3.816855831981198488e-01 -3.422565315998385427e-01 4.347836599186911677e-01 1.315136243503824520e+00 9.344653056582199468e-01
-4.439339655196414824e+00 -6.217339565292192560e+00 9.210132196334421817e-01 -4.453986662622090309e-01 4.236570824565396021e-01 -3.582421915722810990e-01 -1.777380685320509857e+00 -2.143236180409525127e-01
4.711906996685575777e+00 -1.972566947907594681e+00 -1.028135329339669113e+00 -5.928477294715478463e-01 -4.185285402685214318e-01 -2.075677617576226208e-01 1.966066732777213444e+00 9.543030731307271530e-01
5.489849989225252358e+00 -5.816813810661683348e+00 -5.057748108410159427e-01 3.378784906844307656e-01 -3.195700621559777743e-01 4.356976194041309314e-01 1.292841049327159375e+00 -3.170955720523319088e-01
6.163450208902961691e+00 -3.776250338488434277e+00 9.864431368767034858e-01 6.418164425794876671e-01 1.243465333124833760e+00 1.724042681009395395e+00 1.294643935154714320e+00 -1.648647413816173746e+00
2.343639777168577965e+00 6.086941954593642734e+00 7.550860350279726685e-01 -9.995179030518213104e-01 -5.216969779483389413e-02 -1.042524991936320644e+00 -1.462643276741338649e+00 2.257727616789095004e-01
-1.245657416642648840e+00 -1.311305656250496554e-01 -8.803029269973552395e-01 5.681062984644478231e-01 -6.260761231422641293e-01 8.439568657774414451e-01 1.420883605075461187e+00 6.050842043296826844e-01
3.779267710232387500e+00 5.941224102096153814e+00 1.065342306681110740e+00 1.387807289157851898e-01 6.763912982019526510e-01 5.157502342947153373e-01 1.480305456737734282e+00 4.568793173089993886e-02
-2.332612236602308542e+00 -5.782290696417322629e+00 -8.207235960868495273e-01 -1.129131012139149570e+00 -1.736972993294590317e+00 -2.784319962794610248e+00 2.913700179333813089e+00 -1.946743026516227104e+00
-3.492833521854105783e+00 3.774086307869071177e+00 6.431109078751477970e-01 -8.085842589758063248e-02 4.062778270934153668e-01 -3.059026854532275186e-01 -7.915996145023753705e-01 6.946311179584712114e-01
-4.205283183568408134e+00 -1.840535197797046330e+00 8.322973723101290133e-02 2.628046218563917513e-01 1.814636178755453244e-01 3.922116039172754420e-01 -1.698413470254762192e+00 9.139465159053352661e-01
5.657079956192752945e+00 -2.327723023582498385e+00 -3.073461822378309449e-02 1.194922267739765731e+00 6.310755274282692229e-02 1.203154554217216177e+00 1.096707288436902017e+00 8.022291887686432421e-01
-1.913030626596299300e+00 3.358796192304723149e+00 6.070221959518613541e-01 -7.938859567351426172e-01 5.984502646192235709e-01 -1.111489388843351467e+00 2.447782575151405737e+00 -3.482684555578167140e-01
2.488860786849022233e+00 -4.023823528021248208e+00 -7.802483784433866809e-01 -1.902883223395397394e-01 -5.656747703748316036e-01 3.605547314892297850e-01 -1.168319828213059575e+00 -8.185564150020802066e-01
-1.085905135210834871e+00 -2.065109579920030747e+00 -1.162935283337373837e+00 -1.772861269806906837e-01 -6.300014041464099268e-01 1.740549945989772473e-01 1.860470819635800188e+00 7.892752516998892132e-01
-6.125402207073595839e+00 3.016903383521702509e+00 -1.138857034130831281e+00 6.679221361623062236e-01 -4.615471385164781060e-01 2.246664577064672041e-01 -3.431612310128765442e-01 -9.546365654684436930e-02
5.218491010675174735e+00 7.277435826838800637e-01 3.359389658613893825e-01 8.776464336152016710e-01 2.709843361681132379e-01 9.372172766130578703e-01 1.997040077717253226e+00 -9.129450467805546587e-01
-6.281748030835880847e+00 2.062173529351726486e+00 8.953635562730386521e-01 -9.889471589505519633e-01 2.417638765335751727e-01 -8.751796347472113879e-01 -1.895705381606407891e-01 -6.949878884211428964e-01
-3.623787969104250273e+00 2.167319987719773522e+00 2.363152634511271888e-01 1.107774101842881054e+00 -6.049829957608735542e-01 1.640977861996916642e+00 -4.584116489103159386e-01 -1.296332453564465137e+00
3.205457317406684936e+00 1.856940542552411699e+00 -6.458197188379699583e-01 6.499963933291927898e-01 -4.043833816553121241e-01 7.391441911035504519e-01 4.191865004102878212e-01 -1.250883302971443234e+00
5.953739533993136490e+00 -6.106096315550766818e+00 -6.137600082984580041e-01 1.003267965806831752e+00 -1.206964581133337600e+00 2.058675106859989334e+00 -5.584382904864892971e-01 1.029310762027396020e+00
-2.932504555810409475e+00 2.154242497919664601e+00 -7.553058255154743161e-01 -5.960169980344230956e-01 -2.879293250099456136e-01 -4.907284029480377674e-01 2.836265297748175040e-01 -7.030597427459124305e-01
1.091179940367240420e+00 2.460045669568755144e+00 -1.179880609139924097e+00 -8.863372214462685861e-01 -5.113422375968177391e-01 -7.837818733195995868e-01 -1.381706611659113904e+00 -1.022632556588394026e+00
2.431821970475569472e-01 -9.218795257838543478e-01 -1.072577770913939688e+00 -2.157953008096979985e-02 -5.769714682490039159e-01 2.061475486724674289e-01 -3.723000782784356977e-01 6.874541339439798060e-01
-4.581348085649188384e+00 -3.918266488149772186e+00 -4.208680267128080965e-01 3.035939221708217062e-02 -3.225718328961880155e-01 2.845779647477582608e-01 -2.039358235210199322e+00 -6.444055241561433833e-01
1.466307799034086479e+00 -4.405181444584220785e+00 1.045767039859679448e+00 -8.459939870473549561e-01 1.569712392940449730e+00 -2.284546607967339771e+00 -3.424113537028745657e+00 4.818397387629906881e-01
-5.447063223108378871e+00 -3.515015076154633267e+00 1.180668028577474216e+00 -2.401297824356838362e-01 5.844003550944941727e-01 -3.357608834196912362e-02 -1.502453711293497918e+00 -3.464487401596615390e-01
5.871967542101018012e+00 6.419803644738095727e-01 5.398001933258860241e-01 -6.202597983819263527e-01 4.824017848528626695e-01 -8.589494885883575126e-01 4.393697935204736171e-01 -2.387007650148314508e-01
-2.961925186791160680e+00 -2.842391086920752041e+00 1.045807698461119317e+00 1.072147847059085946e+00 -1.842757644542928827e-02 1.090443929884751029e+00 3.550085748358381421e-01 2.971535708962087519e-01
2.367670758138556764e+00 3.515370494287152425e+00 1.148814732380032622e+00 3.587203390913911161e-01 5.468596233720685040e-01 1.341874577042138639e-01 -1.330979853291167414e+00 2.982239839962818606e-01
-2.974500507674683547e+00 1.430946315949532810e+00 -9.037947364446482501e-01 2.861119150397735122e-01 -4.282201769604647157e-01 1.567272748584324360e-01 3.966084155617134455e-01 -1.054213928298804115e+00
-1.285830788873274066e+00 3.866652246352735744e+00 1.075702795650300692e+00 1.155385117809869966e+00 3.208575052404881167e-01 1.018691940491641468e+00 1.623633214540795899e+00 9.588895148089642273e-01
3.765076420693155512e+00 8.251344415487551487e-01 -1.030699092615121826e+00 2.434401832770913821e-01 -7.616386698100811037e-01 -5.027656340068019647e-01 1.091038999354853933e+00 -6.579440174247944695e-01
-3.970844916705902783e+00 4.482455770309739407e+00 -4.138333341304196722e-01 -4.283058682207818713e-02 -2.604291483667638962e-01 -1.897335474911985287e-01 -1.434052477576177820e+00 9.328810262783845397e-01
5.426926845585763104e+00 -2.238965332379029505e+00 9.325010480549471570e-01 6.452468358906189305e-01 4.131479513749281574e-01 5.679954448726651783e-01 1.280264878516849780e+00 1.015484783090113918e+00
5.841352308862804321e+00 -4.889318841213829536e+00 -9.049085482747716291e-01 1.876174041804916648e-01 -4.430796784726410142e-01 7.161215006151396001e-02 8.245712315302309303e-01 -9.537656187101408722e-01
3.862406318192364907e+00 -4.595036562994749829e+00 2.172493143530811466e-01 8.343041021745298824e-01 4.116415671012008670e-01 1.067908952737499639e+00 9.580396460951940973e-01 -6.311694072149085510e-01
-4.758338470714392088e+00 -4.056912456375005860e+00 4.532286216447960481e-01 2.098080461701845589e-01 2.068249963794991930e-01 5.180972693732405210e-02 -1.990974190992342630e+00 -7.996723838719298483e-01
-5.934049448639170166e+00 -8.498498316953373433e-04 -1.335644221292946465e-01 7.602095145042400137e-01 -7.585103835532481797e-01 1.472737188284406917e+00 -3.011403600603891340e-01 -3.821816474531765651e-01
2.146195241815073373e+00 -1.148098490839648989e+00 1.158215494332204942e+00 -3.993354507650455076e-01 7.462605896680117867e-01 3.382415217770227689e-01 -1.639555958314078632e+00 8.735909226987647047e-01
9.109175723150713111e-01 4.880607876201914053e+00 -1.184561551868772433e-01 5.360665065463348089e-01 1.582176072452909366e-01 6.430656475835692110e-01 -1.655082683299356150e+00 1.060834091414088354e+00
3.859197705740850637e+00 9.954701740823068690e-02 -1.736037607272860051e-01 -6.237716300130957681e-01 -5.105540335829965581e-01 -1.039875858711501566e+00 1.622803805020871959e+00 -4.070219975975984950e-01
-5.403261097991915562e+00 5.452580986622004744e+00 9.581302789583248103e-01 2.858871198039851791e-01 5.038610576938030716e-01 3.560638462984085928e-01 -1.719039261195622004e+00 9.159971658637640068e-01
-1.898799435150588799e+00 -3.783131968437916548e+00 2.512129256380506437e-01 3.619950160216729440e-01 1.904907793341083511e-01 4.207470146738764849e-01 1.817133971260129099e+00 -5.221883111068613692e-01
1.539328907041141115e+00 5.255992443672418801e+00 -2.867182146968638712e-01 -6.228376204725892817e-01 -6.246038244423889330e-01 -1.146976263047381206e+00 -2.388658874036384994e+00 1.245499437394609998e+00
-5.298146472291652920e+00 -2.624436984366676828e+00 9.113331444033139217e-01 1.003177746785550717e-01 8.317018075005276900e-01 8.426324097632310606e-01 -1.350519220081985772e+00 1.783418661707793507e-01
3.064006047670275734e+00 -4.064604710846559499e+00 8.752467474324825414e-01 1.142971834944932263e+00 7.499560040660346871e-02 1.093218778908675137e+00 -2.163643301512177541e-01 -7.360760195578950338e-01
3.727043247862411590e+00 -5.469638681685607295e+00 -3.679322847394123075e-01 -1.165035043768003709e+00 -1.429688917556948047e+00 -2.557693148345823175e+00 2.782837279113788975e-01 1.001382496629525942e-01
1.025131934446909199e+00 -3.796421188903451593e-01 1.176974872535872185e+00 2.448188123328032262e-01 5.761252811907197069e-01 1.496079829314073406e-01 -1.794573120305290148e+00 4.555958763224609021e-01
3.740239519757940556e+00 -1.790567479733081946e+00 1.101126037528801005e+00 8.089861112226315321e-02 7.103352413369246054e-01 -4.376927516565527476e-01 9.145825538219106710e-01 1.188415145703358711e+00
6.637805607491147342e-01 -1.318251624135307942e+00 6.259258951338144694e-01 -4.924298891112871557e-01 2.331699655240170310e-01 -3.992219547824309434e-01 -1.146872444678502800e+00 8.829540065400953708e-01
5.428321116579063244e+00 -9.255363902991451397e-01 -8.418335224565999253e-01 9.981978960238968579e-01 -1.828422703334712018e+00 2.822056416231800924e+00 1.873322431040109981e+00 4.345846125616651956e-01
-2.228256310718170319e+00 -4.114171681003597314e+00 8.262240121802364445e-01 -5.981444239847945044e-01 3.365862907611056887e-01 -4.938263509603795232e-01 1.741124675811263511e+00 -9.843715510159535276e-01
5.161923634840032804e+00 4.651966681193567155e+00 1.073702203089502261e+00 1.108987710833024165e+00 8.545396539223197585e-02 1.034406436198479051e+00 1.758150145218074778e+00 1.041323811207458316e+00
5.133804115451354733e+00 -4.274656420309812077e+00 2.108916151108475301e-01 1.282408949958377953e-01 3.390251776042330634e-01 4.672209394578000774e-01 1.822437420311051159e+00 -9.031305688409494437e-01
-3.728527177037691764e+00 3.257153617496957310e+00 8.243859025527731088e-01 1.136445266007104715e+00 -3.032549720044771038e-02 1.159590661052373184e+00 -1.130343434990125795e+00 1.380249966532750561e-01
2.044797468606533997e+00 -2.907228284580430255e+00 6.975287846150370896e-01 -2.504441465578828296e-01 3.894558074846663498e-01 -3.428814023859117488e-01 -1.909219417573588817e+00 3.619460074989948595e-01
3.752371606677618487e+00 5.664334632707440420e+00 8.641602501029186367e-01 -7.870144036106496710e-01 3.182305026342205356e-01 -6.805386856874041657e-01 9.429252574819599886e-01 7.841856153986711542e-01
1.030620580847751988e+00 4.247156330577585237e+00 -5.385525533739389248e-01 -9.340909447297052193e-01 -1.461826637245351224e+00 -2.391814351970424468e+00 -1.977023792891887233e+00 1.155504387228615704e+00
5.789427993618838642e-01 2.116882634204030111e+00 -4.086358098137737871e-01 2.286474736158148335e-01 -2.081858390163101591e-01 2.354864992945058522e-01 -1.143277138098454548e+00 -8.055651305348661140e-01
4.958773580485065224e+00 -2.905051647118321867e-01 -1.569720638195772899e-01 7.883235554051311045e-01 -3.222340990068993105e-01 9.531352874264771291e-01 1.675680872252291786e+00 5.503564906066263918e-01
-6.107864670514956629e+00 -1.939005799341147807e+00 -2.522825699116788556e-01 9.670004003385817004e-01 1.430334769779315618e-01 1.040971677279943330e+00 -4.762842087783228373e-01 1.060409805739316758e+00
-5.655451628593879398e+00 -2.838494619708112232e+00 -8.115654861027956635e-01 -1.197520961621436841e+00 -1.766787444476522806e+00 -2.872023806975010807e+00 4.438782481690822790e-01 -1.320023792560645726e+00
2.142157910608846194e+00 -5.461700108262690812e+00 8.194131763100240828e-01 8.843714791266530373e-01 3.097438162918797477e-01 8.077025345059991590e-01 -1.924726576568642100e+00 -4.897625620412302538e-01
-5.282574504255586945e+00 -3.415467485575777840e+00 1.033343566199628194e+00 -9.467830080063965870e-01 3.952959873766963561e-01 -8.313590807952955242e-01 -1.997912860870596718e+00 4.384729352873137365e-02
-5.953713073555842783e+00 -2.005852989968001765e+00 1.027461788401742959e+00 -1.432339017945762905e-01 6.103873745233875381e-01 2.792744541916491463e-01 -7.701138667582989594e-01 1.029872641252124854e+00
6.249543253762825046e+00 2.881706529576220532e+00 2.029134386799114065e-01 9.478548483670181657e-01 1.072638874565864597e+00 1.993158371522706807e+00 5.468515785731103973e-01 -7.365506645229347171e-01
-2.207126424875175630e+00 1.208042179627177859e-01 3.589993317083493007e-01 -7.787987264318507741e-02 1.999073751208661487e-01 5.942480240218906556e-02 1.617198075658279111e+00 -1.291446781218771600e-01
1.162538429137960350e+00 2.368727157158810215e+00 -9.481111960081727297e-01 2.872367809292706298e-01 -5.609288299114179033e-01 4.872543064112342392e-01 -2.090975985417597549e+00 -4.428412608815298634e-01
-5.214488228501059197e+00 -6.118108977561757200e+00 -6.340448708459670568e-01 1.387052829567947398e-02 -3.973891272192351942e-01 2.597628672880422651e-01 -1.672056150684565257e+00 -2.454198643380300360e-01
5.372231262075125358e+00 -3.597836885343946189e+00 -7.378655497078357994e-01 -1.976823676459602552e-01 -7.674261020606076844e-01 -8.871291649633198384e-01 1.281166702750772490e+00 -1.415684781447510421e-01
3.635191252394340822e+00 -2.356177167550361773e+00 -4.918114194012098705e-01 -9.977206765522637077e-01 4.282807986128623345e-01 -1.407894941299578040e+00 7.741246233737019145e-01 8.805903986831847829e-01
4.775199326910286146e+00 -2.132802917430239198e+00 -2.572249320072901302e-01 1.213909416188689860e-01 -2.650057788806248760e-01 3.363292358000911086e-01 2.048192171112685589e+00 7.940515188790254753e-01
-2.483962150695224746e+00 -3.455634598645129785e-02 3.748837145858372466e-01 8.879428326518581382e-01 7.521122914326221487e-01 1.466958105762592002e+00 1.926648104663581496e+00 -6.696121393063823035e-01
-2.331476298628368138e+00 -5.100686382904185301e+00 -7.552376497495574270e-01 7.901414167596776394e-02 -6.019543180876407718e-01 -4.816841093692443843e-01 1.343239954155919680e+00 -8.200601888963590103e-01
-4.649198079485379331e+00 2.397955330984773425e-01 7.829460851817391376e-01 -7.449902395401942767e-01 4.640781635700948482e-01 -8.265232209622874748e-01 -1.618402970811245511e+00 -6.151092827797455254e-01
5.624065865634937822e+00 3.486775146443049422e+00 3.440590191579253609e-01 -1.090804281502550932e+00 -1.409778814186528895e-01 -1.166463919351860223e+00 1.086084802153312490e+00 4.771255690543869665e-01
2.653043061866005914e+00 -3.266465936522839897e-01 3.197022379355460853e-01 8.739458274336644461e-01 1.152277693044529316e+00 2.011154394331020612e+00 -1.312249667568499589e+00 6.944271140942692710e-01
-5.406639810045357208e-01 -1.822716229010599598e+00 -1.989541965435408510e-01 -7.128258052277924861e-02 -9.310275953213896505e-02 -4.477170743652547635e-02 1.025414952693228132e+00 9.724314532814638534e-01
5.280470793332948887e+00 2.140681635477813316e+00 8.398332845554052906e-01 4.108927672902384920e-02 8.809196291877032792e-01 9.220074732789034222e-01 1.684404257188792720e+00 -8.404980361764428087e-01
-5.047322544484680762e+00 -3.942278718390408443e-01 8.890196563753585135e-01 1.127689368827313521e+00 4.787636576286188328e-01 1.156060696932229570e+00 -2.441371465626894111e+00 9.366025689100326845e-01
5.143330098241817083e+00 5.494671464598891220e+00 -5.110945292267792261e-01 1.482870254639365726e-01 -5.814531117280578032e-01 6.942202808426760630e-01 1.678224601975223829e+00 8.482279067034426134e-01
-5.953808331906060403e+00 -9.354231579910470273e-01 4.903521561213830537e-01 -4.077226747222216785e-01 3.211601680129539393e-01 -5.044700050029815586e-01 -4.924175046323774341e-01 6.503606741714608175e-01
-6.272284357567103896e-01 3.731737716854141240e+00 1.771268859968471165e-01 2.494745785912353409e-01 1.401296735536157190e-01 2.979750145433181507e-01 1.134631592057936844e+00 5.956559597346950952e-01
3.210243397278125244e+00 3.128126219769452376e+00 6.039369697950971450e-01 -1.756287613242346612e-01 7.737679328696691616e-01 -9.467893119749867248e-01 1.972847271774744449e-01 -7.355708979531561109e-02
-5.894268624230179832e+00 -5.327841062568710484e+00 1.122468590306873848e+00 7.268795674378174532e-01 3.952838474624768561e-01 3.933298069179754219e-01 -6.749402692843327056e-01 -8.999447064399574980e-01
-6.012696626702101810e+00 9.207665200493027058e-01 -6.537654280265926543e-01 -2.484895438737025897e-01 -3.336865016023566333e-01 1.709675596672824427e-02 -5.378585856279891608e-01 -7.926119356162524276e-01
4.580183599376502102e+00 -2.239076376147685288e+00 -7.560408826780083968e-01 1.146912944063917861e+00 -1.381625182998083012e+00 2.334724053922989206e+00 3.630129561307114727e+00 -8.626938101869274789e-01
5.261959540795805523e+00 5.143566146338311995e+00 1.138110306948219241e+00 -1.077333830817320814e+00 2.177522481898986229e+00 -3.239612968895515976e+00 2.538734128644286159e+00 7.523807730391784965e-02
2.872492220899628634e+00 1.654320303327650343e+00 4.283578895950177490e-01 -8.383440186041490882e-01 3.817091477139292754e-01 -9.701718235719845040e-01 -1.841914042428489384e-01 -1.344051199978120392e+00
-3.170081850263202661e+00 3.448339435836388134e+00 -9.864042700262928287e-01 1.060526990848092543e+00 -1.793747031676132142e+00 2.754420969723218704e+00 -1.682432897354821488e+00 1.927421090448816265e+00
2.768679240015105236e+00 -3.407827916259470236e+00 -1.163031552499389720e+00 -7.297633284024187539e-01 -4.325132677866592168e-01 -2.997087773330466276e-01 -7.148580330063134536e-01 -2.769034749112710969e-01
-4.889684124121751907e+00 -1.609474086624644862e+00 8.824397266191374989e-02 -7.561559463038360906e-01 -6.482818998200636784e-01 -1.398219515927340950e+00 -2.093895084415018371e+00 1.124498508222789184e+00
-2.344580924929603238e+00 4.074492859920590959e+00 1.136369753580470876e+00 4.607613708581250744e-01 6.676039105771931492e-01 -2.006881393573313743e-01 1.412391501626420576e+00 8.215007922333562584e-01
-3.666936834286338431e+00 2.605217263808084383e+00 4.495275584985356510e-01 8.292424212736955180e-01 -3.796182160916249382e-01 1.208837540189683146e+00 -9.979595222189601156e-01 -5.160858448424984202e-01
4.419239115096955217e+00 1.863753060782904925e+00 -3.406082063689540584e-01 -1.581356885197227058e-03 -2.618226791471630621e-01 -2.197059649645014545e-01 1.882859053656928294e+00 -9.255764324506531304e-01
-1.940741141389239921e+00 6.242387645118716577e+00 -6.358275261815650170e-01 -1.174322392453982067e+00 -5.356903286398035924e-01 -1.347476834822381786e+00 2.547775872956482779e+00 -6.422949273986477969e-01
3.975390342033602309e+00 -5.625801434317133420e+00 4.187972259894179317e-01 5.790041647964616622e-01 9.592691070457046720e-01 1.523384837837073791e+00 1.737442763306434212e+00 -8.675127765079715392e-01
-4.568438369261404119e+00 -4.943812809936317443e+00 7.697915966950517053e-01 6.235809521186337356e-01 1.671619435022834443e-01 4.680584263144663137e-01 -2.007998971105847907e+00 -9.446558154473994051e-01
-9.036327585148926644e-01 -5.948569439468249342e+00 -4.296327011413122454e-01 3.850985462666391967e-01 -2.933033053201874463e-01 4.808480575381046673e-01 1.437852212470694724e+00 -1.950987899744031084e-01
-3.019719049038871006e+00 4.397851322957583520e+00 -9.725594005026501065e-01 1.070532071634151761e+00 -7.824281165896125323e-01 1.401256465528889938e+00 -7.504791205892763495e-01 1.944562892942242271e+00
-5.940283943422215884e+00 3.927082603953198969e+00 3.885320828083143052e-01 -1.038985295210747228e+00 -4.650429299827046337e-01 -1.459219502894345322e+00 -9.630726459535204897e-01 9.978024095664612680e-01
4.937185121523988585e+00 4.975905357561117626e+00 2.957931484502016595e-01 -2.908051952118435590e-01 5.855029944107268403e-01 -8.758693348189418026e-01 1.929827428475617834e+00 9.853317227249729360e-01
-1.676898669389313312e+00 -3.306605391339565880e+00 -1.482082202139456406e-02 -7.572105492235736701e-01 -2.975286693990005296e-02 -7.589622887453647548e-01 1.966210718414213243e+00 -1.417227638772191600e-01
7.115287237578815649e-02 -5.431098240027643520e+00 -1.198165474852348700e+00 2.451519051277084582e-01 -9.175881149310587404e-01 8.968745784357853301e-01 -7.215038545770429135e-01 -1.733380416631216114e-01
5.586942476981143102e+00 4.471471138015161273e+00 -3.703698880895388568e-01 -7.590254114975958366e-01 -2.025071171756709365e-02 -7.501200756732786523e-01 1.269036177230803197e+00 9.847622250492289453e-01
-6.039812936908752761e+00 3.895433024451275372e+00 9.162494953987374569e-01 9.497498604688898727e-01 1.408653393111016117e+00 2.178822406708364579e+00 -1.981523725371872047e+00 2.184013448855325557e+00
1.400079454735525530e-01 8.944207173651763654e-01 -1.066323809490948848e+00 8.384906417535715750e-01 -1.141777184572209114e+00 1.670473805388496435e+00 -1.585343218830149503e+00 5.263946559846841566e-01
2.473067971335916937e+00 -6.424074841799587432e-01 -9.562044577292011516e-01 8.811343199978123319e-01 -7.531927085011441703e-02 8.058407356274958078e-01 -1.238072839347628351e+00 5.975397297563405097e-01
-3.827346018587981735e+00 4.548605913648255950e+00 3.769570190949349531e-01 -1.095716299884055722e+00 -9.669649743200733893e-02 -1.143928113216498232e+00 -1.170628168181475859e+00 8.907331729459184722e-01
-1.550937506012157741e+00 -4.469664502541792928e+00 -8.958878787673854038e-01 -3.561002247349376315e-01 -1.185277651749490513e+00 -1.512063674821540138e+00 1.603480700843034068e+00 -5.745618157479952526e-01
4.320826262149545016e+00 -5.549778665653745335e+00 -1.061799586540383089e+00 -5.545534613158441539e-01 -1.317226664052002949e+00 -1.743026991470826292e+00 2.838655817777475665e+00 -1.659432513607045134e+00
4.229004053211236069e-01 -4.488791994236082772e+00 -1.389573344957619749e-01 -4.892881836098293968e-01 -2.146308077683019636e-02 -4.850387814989706725e-01 -8.106097751779332006e-01 -9.853105182027297460e-01
-5.877001672595132398e+00 4.711164402803548867e+00 -5.531778603173287401e-02 2.865411976722231913e-01 3.158908883690327019e-02 2.990577742234545866e-01 -7.988864677437617079e-01 1.008672986963931040e+00
-6.767464076242708515e-01 6.174442328795377577e+00 -3.512453110391878797e-01 -6.834969921733737852e-01 1.744442629698928493e-01 -8.305494430473002732e-01 1.174578919961772883e+00 1.864694614878881496e-01
1.315901334130607836e+00 2.713653692021471997e+00 -1.009580200900034530e+00 8.082049196491947196e-01 -5.830112563702812833e-01 9.085887597494890500e-01 -2.457185814127764267e+00 1.068097531798243988e-01
-3.787882496352560580e+00 -3.116044215176975829e+00 8.881708041729763359e-02 -9.168141552225250734e-02 1.157363205580679844e-01 -1.822657794689053201e-01 -1.217587232319924162e+00 3.867558913405646365e-02
-5.449597193109637416e+00 -6.244067982078414403e+00 1.095123623412556979e+00 -1.000344267127205367e+00 1.190153378309691590e+00 -1.834240051971921526e+00 7.687798169101001111e-02 -1.596681625275786054e+00
5.074827686541855343e+00 2.480210438694065544e+00 -2.568648049401205391e-01 2.771449706751787367e-01 -1.586359066739113921e-02 2.635958535050330065e-01 1.872244760732811875e+00 -6.163830693724978715e-01
-3.619615322786564615e+00 -5.736117614376242457e+00 -7.731246049167634915e-01 1.157947484404905358e+00 -9.945865371797524279e-02 1.106326289742932234e+00 -8.259962375059149986e-01 -6.142376671956353285e-01
1.174722020951135981e+00 3.803708684794377959e+00 8.087946773124292665e-01 -9.360576661312309810e-01 -5.603118086086154512e-03 -9.409406118676606479e-01 -1.842579509359610901e+00 6.122013754043318379e-01
-4.555627224778586282e+00 -2.643929867659092103e+00 2.776902892894770325e-01 9.414574302628138103e-01 3.137632508247615304e-01 1.046359908253856386e+00 -1.666059700460077009e+00 1.679567979272872658e-01
-4.782043740187789993e+00 -6.706037919977996253e-01 1.051268503575245594e+00 -7.580938651780839699e-01 3.705440256597503090e-01 -5.485788282469271637e-01 -1.827491055324295788e+00 4.538000186153761106e-01
-2.774859727245319263e+00 5.084743144956682670e+00 -6.389551377501457852e-01 2.725200637443250251e-01 -3.187166582111279345e-01 2.707284909165914022e-01 6.308507340825245668e-01 1.017757777303363698e+00
-5.723329889820194083e+00 9.098694772281490373e-01 -2.133609286968907170e-02 -9.830166823324832936e-01 8.071652920691668731e-01 -1.741241840961687881e+00 -1.544078524898650384e+00 -3.074724882462157027e-01
-4.454046628472605462e+00 6.201007062846022322e+00 -4.927391002538298315e-01 -2.590419145670714851e-01 -3.067333845452708818e-01 -3.614840682434225516e-01 -2.038142247468776258e+00 1.865984291956604979e-01
-6.002572873057289371e+00 -4.455210536930335863e+00 7.223869339160542413e-01 3.222738066572961024e-01 3.575158791642574774e-01 3.138965496615703232e-01 -4.416961710972344690e-01 -1.079303686276463115e+00
-6.048856557965983427e+00 -4.622399416707696496e+00 7.571446296135027065e-01 6.026155375747344056e-01 3.387368025831646867e-01 5.538921377650631861e-01 -2.787076784417624742e-01 -1.181626256693806498e+00
1.778973448089486098e+00 -6.573594113777208037e-01 9.859347338082200540e-01 -1.100221838521998619e+00 1.043359246677674212e-01 -1.020775961226926265e+00 -1.887779564433035295e+00 5.419896634242549194e-01
-5.936277929774863793e+00 -1.553665640677276194e+00 1.102729456439477174e+00 7.370637639986545864e-01 7.078205696194134200e-01 9.662785454024541698e-01 -1.327078962284454988e+00 1.646950141630680653e+00
4.132398298063778341e+00 8.105097961504474924e-01 -4.731400686778114428e-01 1.249341149394307404e-01 -3.393199164263561163e-01 -2.088856577818331006e-01 1.685645591070016103e+00 -7.373486625734264610e-01
-4.532987109812370186e+00 3.440663317457774539e+00 -1.057974702754266305e+00 -1.133491823706324064e+00 -6.009297341810360127e-01 -1.205232844023015781e+00 -1.248820688818486735e+00 -4.244482600225866209e-01
-1.495195482167148704e+00 2.099383084566337487e-01 -1.186086256997546329e+00 -6.740308661825805681e-01 -6.439566063250000694e-01 -7.602784044649628648e-01 2.479462502003094482e+00 -6.935748312096532420e-01
1.245456857581262788e+00 -7.561082882193117527e-01 -7.419121363864621399e-01 -1.349524974606661765e-01 -4.372527237427111801e-01 -3.175359027547334234e-01 -2.021243946298106664e+00 8.122547760688896279e-01
4.205030210141341485e+00 -3.515640399297036200e+00 -1.070127215222400174e+00 2.859235954077772313e-01 -5.590034922821135455e-01 3.602243896852761473e-01 1.947641713495259053e+00 -5.649662962815651390e-01
