3.475345215478682803e+00 -2.433814127731011023e+00 8.415753667490915024e-01 1.080676448926868316e+00 -1.450273379710761423e-01 1.215677168606227543e+00 5.907652678443404692e-01 7.145638568187377970e-01
1.816169659160490113e+00 -2.236466234384657525e+00 -1.173646943338559456e+00 9.294344861284709047e-02 -6.874723804092173207e-01 -3.284233422309772443e-01 -1.761693223812934139e+00 6.081030533196386534e-01
4.426666489323629605e+00 2.724331367257622816e+00 1.193124882651320773e+00 -3.756556232430799946e-01 5.768890636551843309e-01 -2.999909694409650385e-01 2.090483009444718210e+00 -5.768247103336422432e-01
-3.697105692533277033e+00 1.689397062580517250e+00 1.009260078938714722e+00 1.224566536883742174e-04 6.266789422935883369e-01 -3.910537910841623832e-01 -8.632987973047694386e-01 -1.184434901292275244e+00
4.296035372204642044e+00 -1.312262208104236549e+00 -1.075624206963372576e+00 5.957983542203173499e-01 -1.108187718658278031e+00 1.461045953421999721e+00 8.175018848772799274e-01 1.978403346625733805e+00
-9.378622698701972737e-01 -1.945078985658059700e+00 8.544333797000192021e-02 6.572577219221789058e-01 -1.549468651321255497e-01 7.400327593991155029e-01 1.709523392972648326e+00 8.338376288778626133e-01
3.812814836473650715e+00 4.588540975032508129e+00 2.086792910021195713e-01 -3.600651246033633734e-01 3.125044925175786137e-01 -5.831660677842973595e-01 1.116274816793465963e+00 1.119952809519420001e+00
-5.966494877323470725e+00 -3.680857692712197871e+00 4.199740417753963229e-01 5.939693136019235098e-01 5.153838408896201928e-01 9.318019994683767182e-01 -2.601737370132601312e-01 -8.761782982911274775e-01
2.679049188927296044e+00 -3.451833971063363204e+00 9.937406573866243154e-01 -1.125711428628729527e+00 2.059028374780190518e+00 -3.160905375253212135e+00 -1.879866160348216519e+00 6.821262253085986771e-01
2.035347282254226897e+00 -5.420032033156224394e+00 9.053929702059824169e-01 8.940882818792121878e-01 3.019269151412980468e-01 7.769012033727183963e-01 -2.004224002104476821e+00 -5.437177784291935545e-01
-4.062554792645165058e+00 -7.080272205131654673e-01 -1.853656440136239869e-01 -7.663945883866974951e-01 -8.945025260299761527e-01 -1.640694676940430030e+00 -1.902516523790528824e+00 9.604846767460287760e-01
-2.126895596737694127e+00 -3.100740139914775373e+00 9.024592483114954877e-01 4.939189825433831782e-01 3.710269405507941043e-01 2.853558151237761686e-01 1.611077371103097899e+00 1.284051280988530441e-01
-2.968446548136265406e+00 -5.616209550327382338e+00 -3.310769878197717953e-01 -1.845341486156515387e-02 -2.836058452380938455e-01 -2.681751850608548038e-01 3.085138421072548542e-01 -5.825620051121220833e-01
-5.890516858959044200e+00 -4.958817215351086105e+00 -1.011572315561863222e+00 8.703667150564007304e-01 -9.309690584909776634e-01 1.425662435646716908e+00 -1.830605501250606615e+00 9.550533197013333364e-02
-5.736677645005793025e+00 4.791490418596231038e+00 4.473846298504839947e-01 8.924446532166483426e-01 4.727338144260134767e-01 1.105445385050983331e+00 -1.505942804977120186e+00 1.463402429360139090e+00
-5.709166500625457275e+00 -4.755597198508671575e+00 -4.694000896422341196e-01 -2.303660309877030299e-01 -2.018414761334916541e-01 -1.135450157475867694e-01 -1.067332841664555110e+00 -1.017756066584792007e+00
-2.346662540823035936e+00 1.794210176551709779e+00 -3.805993952088371213e-01 -1.488378182680019091e-01 -2.700608781785648338e-01 -2.949158999922000812e-01 1.360641158103848447e+00 -9.081585945524035530e-01
3.979567499483849247e-01 2.121702689031625511e+00 1.189746472895414353e-01 -5.605495774534110520e-01 1.698345473287254589e-02 -5.579620807091171253e-01 -7.844366450218106523e-01 -8.426849285839195236e-01
-4.138287728529163267e+00 -1.990894452951778248e+00 -9.509427093821587462e-01 -8.672133421705170431e-01 -8.361155698935625047e-01 -1.323042015703022933e+00 -7.519953972951910481e-01 -1.431714662628491563e-02
-6.093984344195022551e+00 -3.491421848206421874e+00 -9.946150731562558578e-01 -9.765237980885383973e-01 -1.450496434734084739e+00 -2.221349859554343276e+00 1.277747661380437494e+00 -1.996633367993162267e+00
-1.801712420511583979e+00 1.857820414258194219e+00 -5.698634970341385220e-01 -6.055363718836588305e-01 -8.802220380871236260e-01 -1.370309210116619880e+00 1.349746567313610424e+00 -3.619228918668420114e-01
3.432963678325394952e+00 -5.666875867942236411e+00 -7.321934915853112180e-01 -8.585465791274379255e-01 -1.402834592290606253e+00 -2.187971383479000220e+00 -4.053636370474029138e-01 4.018675584954882196e-01
1.782059179235798041e+00 9.215643273540852221e-01 1.044280751047846900e+00 4.338774398117182240e-01 4.834636199877463403e-01 1.186290066899707146e-01 -1.999016673011155820e+00 -7.530654358569091045e-01
-2.668654050681838807e+00 -6.037654219148476109e+00 1.191851450876023621e+00 2.476222675659198735e-01 1.363779147322418783e+00 1.576289762465963307e+00 1.395666422202503920e+00 -7.277293583818512657e-01
3.755906108829487167e+00 -2.624912270967735495e+00 -1.142450202853819929e+00 5.168014260759745682e-02 -1.182646756709542890e+00 1.228694752671817270e+00 1.294441761125008306e+00 3.523500862603435868e-01
5.671124572225627603e+00 3.135356957243651266e-01 8.312477618961542358e-01 8.657593265510208358e-01 1.895888195978376600e-01 7.517485421885925501e-01 1.262983700362244388e+00 -4.222969450361347965e-01
4.635943053544595571e+00 -4.905812134623731779e+00 9.063092685512426083e-01 7.847487262729180291e-01 1.663042079010557339e+00 2.436425513124702125e+00 2.467056118195521286e+00 -1.454249242175194023e+00
5.761857692738324488e+00 -6.818099932092813731e-03 8.227808098464544084e-01 -1.158262417477750938e+00 1.474103824573424593e+00 -2.441520209350473536e+00 -7.750594709900555657e-01 1.777941175877636226e+00
4.778977627329034306e+00 1.535425087930996746e+00 1.574602897370811494e-01 -5.921028577767316614e-01 -4.271424078609953878e-01 -1.017026940978899896e+00 2.039783824674614721e+00 -1.043590737369487931e+00
4.126907635772818495e-01 2.612666414859528885e+00 9.544036095213386250e-01 9.711839383791802671e-01 9.227410747839053240e-01 1.514199926722866740e+00 3.275116186837547239e-01 -1.634269494432607051e+00
-3.748005156997512355e+00 2.515759086818412982e+00 8.165969565497188665e-01 -6.567779787995943197e-01 1.472695680098532911e+00 -2.129195933641294669e+00 -1.078952613169256392e+00 -6.466670393317305310e-01
5.196137579899474446e+00 6.075362417869776266e+00 -7.232104269979253708e-01 3.581450234022258705e-01 -5.972701895893340884e-01 7.390531313167112426e-01 1.430518211207832735e+00 5.463272539738536215e-01
6.580656455672251326e-02 2.540445958163308759e+00 1.127673597791776450e+00 -6.829066583706903115e-01 4.275144246682941462e-01 -3.470042964077419412e-01 -2.232863202593309282e-01 -4.738203480932589584e-01
-3.582365842130374567e+00 -1.967161297722829438e+00 -5.011992231692686817e-01 -7.490139093474423859e-01 -2.674889148399297589e-01 -7.608887113591366047e-01 -6.499491229219476196e-01 7.191418130258320218e-01
-5.750004357115751752e+00 2.574533385208855663e+00 -1.103789345403805022e-01 -4.996218718719128704e-01 -1.877452687200756309e-01 -5.847422017807950567e-01 -9.186996461236750511e-01 -6.350049183787302987e-01
-5.514704386571034789e+00 -3.631420864726321529e+00 -8.335463026200906622e-01 8.970043607460189694e-01 -2.927246124496274415e-01 8.070131075058192271e-01 -1.614880044673464354e+00 -2.456820066795013524e-01
4.651390477457944428e+00 -3.834637336187024292e+00 -7.605141298689366280e-02 -9.434101046684448821e-01 -3.836649847500595567e-01 -1.170078185580570418e+00 1.634084147499525574e+00 -2.766862388322250954e-01
6.219953980295640505e-01 1.123177737708426882e+00 4.163158018364969681e-01 -5.106089221543883561e-01 7.020606867964689357e-01 -1.126326748951977486e+00 -1.545241861340524325e+00 -5.215545468335103241e-01
5.544062749376683641e+00 -1.273921904600141985e+00 7.760906347261700144e-01 -7.009695867320777651e-01 1.094797744905036119e+00 -1.642901722278303778e+00 2.263991972253176499e+00 3.954289765292828829e-02
-1.000687711804611801e+00 -9.594557615169012621e-01 2.263608200205184939e-01 2.679831395393730276e-01 -4.132434161856340243e-02 3.092723589205409462e-01 1.683157901457093208e+00 8.194061300248499657e-01
-5.870330543259650646e+00 5.096789639804919503e-01 3.852097508063143660e-01 -6.049499851116472149e-01 9.781844846130678395e-01 -1.578552847326726516e+00 -9.517260197490999829e-01 -3.386227467508269307e-01
3.070729498955611092e+00 4.425666830694824583e+00 -3.311769498976416815e-01 2.809946458383558721e-01 -2.002750110223232849e-01 3.238908629808430750e-01 -2.049695809024374982e-01 1.022537891611222882e+00
-5.492741241053132661e+00 -6.491329582045857194e-01 -4.647722622842588303e-01 -2.338779399945472015e-01 -2.189597638161086268e-01 -2.052285745200915223e-01 -1.465881995195758902e+00 6.490464231517442117e-01
3.329583804364718347e+00 6.261565245687204850e+00 -1.181868536935416492e+00 -1.567468672933765017e-01 -1.279773964267181707e+00 -1.408508995000250064e+00 7.488503994882570458e-01 -3.534603886788154625e-01
-5.741209852123060564e+00 -4.016330478534797521e+00 9.961163297394646232e-01 2.359590782185683189e-01 5.223163613062035138e-01 3.161210981965605349e-01 -8.684996566286614650e-01 -9.305344704740415862e-01
-2.112737238240207205e+00 -2.686436091727339992e+00 -4.446766092418222849e-01 9.456382887121914660e-01 -9.570112782311779309e-01 1.749431296257742741e+00 2.622091534695699888e+00 -4.690702448427224724e-01
-2.433293300833121009e+00 -2.892165039925053804e+00 -6.161900587022574038e-01 -9.967193021583642398e-02 -4.404213099934352060e-01 2.951890356562651974e-01 1.358671376185974555e+00 1.892641963254617643e-01
-8.979893071688032080e-01 1.959691150178482388e+00 -8.610020656181629484e-01 -5.884866816231376641e-01 -1.322186447894085237e+00 -1.857741945490306801e+00 2.252188111318894403e+00 -1.613365860962639342e+00
3.024332745539437539e-01 2.508080228939199685e+00 1.059175916940309214e-01 -1.035339605231782700e+00 -3.082589823836934251e-01 -1.218154830302400793e+00 -2.933443896720874799e-01 -8.943227149510513119e-01
-1.032500208929649332e+00 5.509486766075561093e+00 -1.139581376226173282e+00 -7.374493458738233809e-01 -4.004622770789217912e-01 -3.503235230098581399e-01 1.753070614057931076e+00 6.628820053834804105e-01
-1.069324784668230777e+00 -1.462359172716571010e+00 1.165756898127874086e+00 6.272013705748393786e-01 5.113693145094675430e-01 1.548233708619308757e-01 1.723429927316405097e+00 1.024448757465775905e+00
-1.533066946981390899e+00 3.857155636383227559e+00 -6.341475991439523563e-01 1.116557790068830380e+00 -8.304713233101604919e-01 1.637352185634672219e+00 3.057749679509737639e+00 -4.031305994766466450e-01
2.056376691043341864e+00 -1.752723443271130499e+00 1.114789692351527917e+00 -5.097682960137482899e-01 5.165089603886994229e-01 -1.041191780029156189e-01 -1.802098976475921432e+00 1.016787372808414691e+00
-2.573940724693557947e+00 -2.313567542904253926e+00 1.012818597853011093e+00 -3.733986542787550711e-01 1.288251373593519933e+00 -1.618228192374121521e+00 5.386237665681404829e-01 1.273280800616592767e+00
-2.132075519616905446e+00 -4.514577274242104643e+00 -1.181559163093957254e+00 -1.056911091054209662e+00 -1.322047613150291179e+00 -2.016006410239599589e+00 -1.412454500041482319e-01 8.538963290828253117e-01
1.395989319096750947e+00 7.682035628495151869e-01 -1.107862067157379782e+00 9.823107921327256520e-02 -8.828080056179076207e-01 8.127141146380775227e-01 -1.548110956222589207e+00 -1.116253722614813482e+00
-5.407804510841721424e+00 -1.184578143157547281e+00 3.485824057997350955e-01 -5.454658347156874365e-01 5.186310943465788359e-02 -5.210960406108642307e-01 -1.511718800618856662e+00 9.024839740645627106e-01
5.559621382814249557e+00 -4.147699832236190431e+00 -8.341905246195679968e-01 -2.442012661143648788e-01 -9.916307568993877330e-01 -1.196513356047686605e+00 1.654914526819253995e+00 -1.175549806523857654e+00
-2.622127563408910955e+00 5.283487304051631028e+00 -6.271399253199483326e-02 1.114274346030848184e+00 -2.606454130343726066e-03 1.114139826166215208e+00 9.899316393055017649e-01 8.442078610858982923e-01
-1.617654165573434000e+00 5.590851067585370870e+00 -6.316295632306586638e-01 -6.159121786767084439e-01 -1.593976392913303841e-01 -5.200218963377133408e-01 2.064018585994332078e+00 5.721218780948043037e-01
-5.185146162528652347e+00 5.158770230180346417e+00 5.059959780614065039e-02 7.523266786551590091e-01 3.105654594176849304e-01 9.406863058060895844e-01 -2.012910625643200113e+00 1.134293438495140416e+00
-7.242203736951591253e-02 -6.108464686951585954e+00 -7.527659276727083348e-01 5.497176514139856529e-01 -1.213176828159406639e+00 1.726032566633424414e+00 -3.675427943858008972e-01 3.384272675080893245e-01
-1.927304072751052644e+00 4.649881049024608970e+00 7.967851775731353836e-01 -5.696855550708224136e-01 1.238061882400195435e+00 -1.754625244570567011e+00 1.244737640230857423e+00 1.627552065601809872e+00
3.539436729947526672e+00 -3.910657527667549260e-02 -3.136978043895882751e-01 1.168314150035840049e+00 6.317203470160844825e-01 1.740682028405831305e+00 1.240200840740640853e+00 -4.262408291443717800e-01
-8.152732173372454483e-01 -5.580304961258192975e+00 -2.105595631770261766e-01 -6.779371911875547996e-01 -8.756499933803885138e-02 -6.733296564348167923e-01 1.514704358014127061e+00 -7.052964547970048681e-01
-2.101600354146552441e+00 -3.344419335603250332e-01 1.084574198377212584e+00 8.760603418549328669e-01 6.399273689037859869e-01 1.000911856931308019e+00 2.353002743385737006e+00 -2.999600102993055240e-01
-2.179155675769786527e+00 -2.195745658977041437e+00 6.541713220333631451e-01 -4.099924791823421621e-01 1.063814617675594931e+00 -1.473660704673962485e+00 1.667180533255114838e+00 7.849858105547654619e-01
-3.410384156402881839e+00 -3.951788529386996984e-01 -7.514282970433144859e-01 1.163110525022307717e+00 3.961111947296726554e-01 1.556062235821383588e+00 -4.534384525375698693e-01 3.072786602796871991e-01
-1.348853236552409740e-01 -5.621822644112143053e+00 -5.861813472030523720e-01 8.461854146890217532e-01 -7.796926118789897497e-01 1.391497225823218331e+00 -5.064934769388550473e-01 1.612540556541444126e-01
-4.212516058419225828e+00 -1.071370001458048726e+00 1.238276411613543626e-01 1.101108090292362229e+00 1.224935377334946063e+00 2.326043345471518808e+00 -1.754014491874091641e+00 8.765849851075951937e-01
5.700859220192507237e+00 4.724866570006213351e+00 -3.721311863612066784e-01 -4.095585950753323212e-01 -8.459998231959983683e-02 -3.621533199500179823e-01 1.074559953790370281e+00 1.025298476761914213e+00
5.328332044693427250e+00 -4.218474414120914062e+00 -6.131392329766452987e-01 2.333989111797483140e-01 -3.759060621379038958e-01 -1.397118222988309455e-01 1.638850812222682807e+00 -8.868766693939850176e-01
2.711157820109713512e+00 -5.082875675684503491e+00 -3.454360097836827181e-01 -4.039840161725847256e-01 -1.609049939762285386e-01 -3.943438378938021183e-01 -8.978699344457650167e-01 -8.688133277067981997e-01
2.440880756566984999e+00 -4.295245290176367803e+00 -4.423661722824403508e-01 -7.059769032822906798e-01 1.614958218025531467e-01 -8.511881469860740346e-01 -1.229368474053732729e+00 -9.744054557792004578e-01
-1.887138559183689779e+00 -6.238280217891774448e+00 9.165808740871261850e-01 -8.627510921649821363e-01 3.261990086962436863e-01 -7.474588828619461722e-01 1.672675977740194497e+00 1.831933767863445361e-01
3.405209645356094939e+00 -4.364665415370330592e+00 6.779787736389726316e-01 -2.500419997169189834e-02 3.412437778784923603e-01 -5.367121884498015499e-02 5.393988028283542846e-01 -9.584010911367317753e-01
5.185854042571982347e+00 -4.096180286894915312e+00 -4.714293207167867816e-01 -9.218836066905099491e-01 -1.356484662227692706e+00 -2.264572026232527069e+00 1.342986835621594377e+00 -3.790750004110153282e-01
4.301883930878725337e+00 -5.690936316184403765e+00 -2.314103604103068257e-01 1.046675836510023272e+00 5.047915592898641890e-01 1.472192812330719303e+00 2.233640977346615930e+00 -9.580305929360226624e-01
8.056025234095374188e-01 8.531303809096071333e-01 -1.775888655881316947e-01 9.189829609366408913e-01 -1.093066810864298466e+00 2.010815441379012025e+00 -1.546921052821236486e+00 -6.489179223334539115e-01
4.728303681864339580e+00 2.530137465736748581e+00 -9.392319700058122667e-01 -1.134683193489594011e-01 -6.076075414461770130e-01 -4.701445920242496856e-01 1.768481001446370326e+00 -3.427938687988208444e-01
5.258506439828066092e+00 5.981077002394696862e-01 -1.459027384192954635e-01 5.166989836834290362e-01 -5.960625187841960687e-02 5.136014361729724920e-01 1.678522400121133185e+00 -5.325071895168553837e-01
-2.933118568713912744e+00 5.318955492608187896e+00 -1.099748903626379670e+00 -2.961747001084144015e-01 -6.566208331556437905e-01 -5.507207552169455234e-01 7.472717627187215328e-01 4.882728844794579359e-01
2.378209197916911322e+00 1.817227229000476285e+00 5.359284210541512827e-01 -2.420108240769198726e-01 5.774139730704285212e-01 -7.309263441717271936e-01 -1.158203283344767298e+00 -1.194325869476767110e+00
3.297799656165173232e+00 6.157776477715342978e+00 -9.417760914604091926e-01 -8.760405113432989666e-02 -9.523745073545687445e-01 -1.002462278638388771e+00 5.764694126631757509e-01 -1.402440120496489528e-01
-5.916884175951999225e+00 2.478457673422338914e+00 -8.338144168124670408e-01 1.012358743792426408e+00 -1.799655722435156702e-01 9.196220913297136201e-01 -8.581640053329955276e-01 -4.737552588428757816e-01
9.149861933388425683e-01 6.228610028387775444e+00 -1.104622076768942307e+00 -1.052161285118405232e+00 -3.032422274427345465e-01 -8.806289191627315605e-01 -1.805322791326699816e+00 2.747626471741398402e-01
-4.811600027808481173e+00 -6.255425692505668600e+00 -8.133977759481583192e-01 1.769734710195676186e-01 -4.212815897687046118e-01 2.303202645200427001e-01 -1.893916635898956313e+00 -1.240046525357547808e-01
-8.280063670594142167e-01 -1.240944432501259520e+00 8.858867826090197628e-01 -6.981499337375884906e-02 8.180861327003725592e-01 -8.191374899689899403e-01 1.742091523598403358e+00 6.771677041252408547e-01
4.940672013435749577e+00 -2.775910280443684375e+00 1.416612848208036457e-01 -1.180431746622145450e+00 1.531071450036921300e-01 -1.201402438881886914e+00 2.130322512286548786e+00 1.753768990351084467e-01
8.688455502850951362e-01 3.700435195724589121e+00 2.480776612783592849e-01 -7.002513009598789750e-01 -3.831386676488312548e-01 -1.065126764489611855e+00 -1.402675086894392686e+00 4.057122510527921833e-01
-4.593101934047165713e-01 -3.166371872412773847e+00 4.947323265425400685e-01 -1.132754452821405522e+00 -4.525481547102476743e-01 -1.543246219015297349e+00 5.926467166288139632e-01 2.692363971892541841e-01
-3.736622223295786416e+00 7.271028809066288900e-01 -1.044033725968916304e+00 -3.418274531143683515e-01 -5.816969029690837178e-01 -4.849883845318757047e-01 -1.394505428223991483e+00 -3.912690369172449056e-01
-3.783745604390641226e+00 -5.090486350176393060e-01 6.116978722145125502e-01 -1.127139296858010953e+00 -4.967230554849576540e-01 -1.619468683588644931e+00 -1.304598736615191878e+00 5.941036067890694827e-01
1.801118539097027238e+00 -5.222959136821032189e+00 9.346688656160349051e-01 2.267693836838369226e-01 5.271833781438038935e-01 -1.622215974640667524e-01 -1.889463981302476281e+00 -9.301878217049106556e-01
-3.711494726137698041e+00 -2.438917011722137484e+00 1.115754987924541863e+00 5.885643516369831740e-01 4.926783242199341273e-01 4.438066341057380071e-01 -8.700963685215594712e-01 4.372589892425420843e-01
7.970350762528983779e-01 2.684872062842185159e-01 -1.134789773310469707e+00 -9.705084221627232610e-01 -2.365599130452760435e-01 -7.662294131778786266e-01 -1.521979870083466135e+00 -1.738677926002305529e-01
3.662103571638679611e-01 2.427486690016781523e+00 1.038560332936944386e+00 3.701753598233006315e-01 6.821453636985904678e-01 6.914994961756874003e-01 -3.000667084006232166e-01 -1.071034677761455889e+00
-5.044769364967241820e+00 -2.263505719935035465e+00 9.455587322325811339e-01 -1.332206834058182743e-01 7.301281031442776737e-01 5.500192294720531727e-01 -1.748945115829653840e+00 6.279270387136736131e-01
2.995819721204002306e+00 -9.445357193483285840e-01 1.674782575205824298e-01 4.301245633923684863e-01 3.089347581721574865e-01 6.456355038500152244e-01 -1.476031469239322269e-01 6.673136290153842687e-01
-4.936228660414422542e+00 -3.574274946878670978e+00 5.848004327095561727e-01 -1.492751671817320602e-01 3.146369686274079203e-01 -2.145081578323455862e-01 -2.016130345396639711e+00 -3.532817183605834743e-01
-4.347133332839677955e+00 1.243124039977292483e-01 -5.416122166790225956e-01 -5.321750324409205701e-01 -3.440957907381826386e-01 -6.142827326209959748e-01 -2.073331221579428174e+00 8.127379390286590399e-02
-1.948039279349318420e+00 -3.739444728941684559e+00 -5.205453811858471447e-01 -3.526522964536026317e-01 -3.061878297689292761e-01 -4.196535494461851035e-01 1.733988798692731814e+00 -4.374897120660684591e-01
5.882811078578358277e-01 -1.300362233066608475e+00 -3.240253667783800084e-01 -2.137945302071996290e-01 -2.054537908130411317e-01 -2.780033891358004161e-01 -1.164119702863384509e+00 1.017910913377878535e+00
