2.483506852981040680e+00 2.437328142834470412e+00 -1.077418847593783591e+00 3.079531928973893162e-01 -1.382098554045500194e+00 1.688578364687774780e+00 -1.115474323576556515e+00 -7.552062275689440662e-01
-4.233513139989844021e-01 5.275146377775746132e+00 -8.617020563431350144e-01 -9.629762717026678631e-01 -4.498649569807067899e-02 -9.254627282609430017e-01 7.986573581628988450e-01 8.687662528112477522e-01
-3.349939868069089943e+00 2.888099245482637301e+00 7.931432282903030373e-01 9.004790636071640098e-01 -1.062020108360794829e-01 1.006572863481104418e+00 -4.088617893927053437e-01 -2.556117408862514928e-01
-2.561777831306783160e+00 3.014470215864966107e+00 -5.618264943917015142e-01 2.153083631830154943e-01 -5.102730655243690183e-01 6.032968936607443489e-01 1.295686623039702612e+00 -3.267288854840005863e-01
1.308382912879618942e+00 5.509247946402123119e+00 2.127891712355380882e-01 -7.664145083024775928e-01 -9.223893000928012897e-02 -8.115660821505848999e-01 -1.996809575257013636e+00 7.642326387630200557e-01
-5.883085518724707086e+00 -5.916369997747959353e+00 8.647456280242067361e-01 -7.100537387670574629e-01 1.572664440975127365e+00 -2.281847116868258141e+00 -6.595985467391192181e-01 -4.780663855905920023e-01
-5.462548437433431658e+00 3.944334191862365557e+00 -3.969840438954408413e-02 -8.008209270728671170e-01 -8.401220918740049948e-01 -1.640808500974080486e+00 -1.438493304508169146e+00 6.945964103551710567e-01
-2.890165047214886762e+00 -4.606335953294841801e+00 1.195185602245580681e+00 -9.557513602930924890e-01 5.339690162419948871e-01 -8.783989703941208482e-01 9.616641526516431782e-01 -1.458471934807830772e+00
5.975579466964113351e+00 2.844303293641921471e+00 1.027142799836058940e+00 9.616205731412763580e-01 1.988500572764447583e+00 2.950015329019792354e+00 5.450389457700518525e-01 -2.324130453961890663e-01
-3.980022959174426500e+00 -2.284145088952549418e+00 -1.114217561998839034e+00 -1.025759840285747293e+00 -6.259646915294821978e-01 -1.103852466100488261e+00 -8.016145379510914992e-01 7.060034884015116419e-02
7.371915331490708212e-02 -4.932645189719956136e+00 5.798474571655769516e-01 7.323059644988108019e-01 1.918827719012983213e-01 6.767061425204521363e-01 -2.302709923656841295e-02 -1.100119205929949162e+00
-5.414007208008625227e+00 -8.575275265723831808e-01 -1.846693436013091549e-01 4.709260806014849976e-01 -5.645291905361349977e-02 4.621601597817983631e-01 -1.501823556602647880e+00 7.304532795437089776e-01
-3.955487258502183412e+00 -5.568444589230099773e+00 -4.403013097004783161e-01 7.775762256064691069e-01 -2.039449672824177051e-01 7.689802481972795034e-01 -1.297243711283569301e+00 -8.121118984497676108e-01
5.340291714443555549e+00 -4.023811047848807831e+00 -4.323986654804297114e-01 4.754793016965588315e-01 4.205105078842835686e-02 5.174529711840296642e-01 1.617203198678875298e+00 -7.708309851957169112e-01
-3.806928191221065294e+00 2.439859517992095661e+00 5.751180028318783055e-01 -8.499812019099581839e-01 1.422652369080445567e+00 -2.271691320663209446e+00 -1.117041505950071567e+00 -7.631470646708422567e-01
3.495420821321824079e+00 -5.977656628800813721e+00 3.040955423018516512e-01 -8.940026837520276271e-01 -5.874950942072070248e-01 -1.480812644941832179e+00 7.349855041227947305e-01 -3.428001907593976605e-01
-1.765475789779202387e+00 -7.284016587107364771e-01 2.693229017684783955e-02 -5.812279336595126411e-01 1.852919131077639670e-01 -6.754935951183362874e-01 1.854463770733849159e+00 7.734334269319691479e-01
-5.479499730363368570e+00 -4.535546202206102606e+00 8.283698087897286566e-01 -1.162228224790889941e+00 9.119583132023661998e-01 -1.697174508669458737e+00 -2.693337132056260241e+00 2.690951494431425006e-01
-3.086847489088335728e+00 4.477098514207876079e+00 1.157394665492025743e+00 -1.141084520342453779e+00 7.734960679563672725e-01 -1.362293851326847660e+00 -9.002829178015426814e-01 1.982165231273202322e+00
4.796837659178907032e+00 -4.065228573191749462e+00 1.095705851251781437e+00 6.990757253579849007e-01 1.313240317555102621e+00 1.809829573504531108e+00 7.249245801958603685e-01 4.701490080517528591e-01
-7.912798054195659958e-01 2.507289334936686487e-01 -1.000101648674401877e+00 5.765879944198959439e-01 -7.396092405151305504e-01 9.497111615805302609e-01 8.160281172265841931e-01 3.583686675467363525e-01
2.467325048171348456e+00 -5.477735571902968559e-01 -6.130329383506493146e-01 7.817716525370312919e-01 1.599469362492870472e-01 9.404406591266861737e-01 -1.267627336907105162e+00 5.397644475414844489e-01
-4.562845755971888906e+00 -1.540554443732580658e+00 4.812686947628705969e-01 1.335903006537777493e-01 6.053346243485978606e-01 7.346222255661947198e-01 -1.924751842663578350e+00 9.466161228209759582e-01
2.303181189186874533e+00 -2.602639050342283600e+00 -4.898592566955033423e-01 -4.622064681536541819e-02 -2.450139899748408068e-01 8.777279036564488443e-04 -1.487374829772008633e+00 5.134492516839506138e-01
-3.464334385971067576e+00 -1.860624076486495859e+00 1.186159399729828978e+00 2.978035685961555323e-02 5.938912805034781695e-01 4.932415500830367866e-02 -6.050585291388547171e-01 9.290157967428858132e-01
-3.095819343806764934e+00 -3.319605043518333076e+00 9.010831778239112300e-01 -6.270267821503217043e-01 1.441482193304804538e+00 -2.032564617215159242e+00 7.417266682971535019e-01 -8.272857368435349024e-01
-6.050433573544526489e+00 1.335907399165143339e+00 -5.118799607030536380e-01 1.069034328939853618e+00 -5.530849697109807561e-01 1.318354809644141090e+00 -1.112187084979781915e+00 -3.216649679675271933e-01
-2.287290825782624992e+00 2.168733285234793584e+00 1.164260830409116876e+00 1.029758777445042961e+00 7.363586093646079522e-01 1.216474216300586608e+00 6.417390641019997677e-01 3.998735479737225429e-02
-3.639440073927648012e+00 1.549366555947192303e+00 -1.198405875383509178e+00 5.287662383685205469e-01 -8.051112783460956379e-01 8.979892179887764003e-01 -3.125981525102815017e-01 -1.642242964649698989e+00
8.221084508915943445e-01 -3.170683518915256460e+00 -1.680077268702886428e-01 1.150378889434485297e+00 3.769683176715269979e-01 1.398831789745983212e+00 -1.068586539705171923e+00 -4.256654894244244480e-01
2.718447820922021307e+00 -2.809023293819672418e-01 -1.115615856681133833e+00 6.672932326192773100e-01 -4.460967628160139031e-01 2.257017880265881071e-01 -8.069864705486322620e-01 2.629493072780546004e-01
-5.864667026820976403e+00 -4.773710579849010927e+00 -7.362328980610652884e-01 -1.098024940228420343e+00 -1.283479416867473744e-01 -1.038774763010620550e+00 -6.945460260288442988e-01 -1.116388522029409636e+00
-1.077402986294002218e+00 3.636698737553301086e-01 6.801519492355339036e-01 -1.071528911502436454e+00 4.128366340835969983e-01 -1.124933432821083379e+00 1.300949985424943556e+00 1.048051137605168770e-01
-4.618296586990918051e+00 3.081688262620064123e+00 -4.678879239291321435e-01 -7.793387530485835768e-01 -1.762464055189175427e-01 -7.523045225585522910e-01 -1.860131276916825893e+00 -1.908904437403900201e-01
-2.794400090694913796e+00 -2.508201290691509211e+00 -9.629950225314987122e-02 -7.723177081457563986e-01 5.970220949449563941e-01 -1.345055279585633645e+00 4.538175576175055292e-01 8.185825812132625501e-01
-1.519815867141989685e+00 7.932174647876255591e-02 1.114081006691475695e+00 -4.774126285155855243e-02 5.565875431538893636e-01 -3.196896730486880472e-02 1.979615172275480672e+00 -6.145220805967802763e-02
-1.622911588835067143e+00 -6.218431248412489509e+00 1.040463367602468825e-01 -1.093335868177065073e+00 -1.180042586775793649e-02 -1.094711838667076442e+00 2.010114560092060021e+00 -7.753876097151182756e-02
5.678422147049820623e+00 1.522657669477373688e+00 -9.159613583532741909e-01 -5.550014710158348574e-01 -7.026552689251440720e-01 -9.262306003401200583e-01 1.689709566511070404e+00 -1.551416607042788165e+00
-2.659062905087758999e+00 -3.426064508283333865e+00 9.994056256826528983e-01 -2.069563006385357617e-01 7.751128428888620636e-01 -7.650334619100686018e-01 1.339564161226244776e+00 -6.921715932971759244e-01
-8.618213576492861350e-01 1.018905578386550381e+00 9.424971941975555101e-01 7.633853404172670221e-01 6.163275542962562970e-01 9.513606544149982858e-01 2.076472249375786561e+00 -1.409947723721238333e+00
1.156633020423304181e+00 -1.291109793211191459e+00 -1.195044874621387754e+00 4.796397588794354405e-02 -8.220025702375490795e-01 -5.839831658370883138e-01 -2.137890283010841941e+00 1.268125609148460953e+00
2.366894607935705608e-01 -4.519922222822833291e+00 1.925708900723042127e-01 -9.483979025921978057e-01 1.173636562735307781e-01 -9.535863492190825852e-01 -5.807783184214481143e-01 -8.697284149321571345e-01
4.047850816776154659e+00 3.887594886833925401e+00 9.193862335659244156e-01 -9.569178072846188376e-01 1.817757253572051868e+00 -2.751383186015893045e+00 2.372472576255765464e+00 -1.193610137726737186e-01
-5.818626119230172478e-01 3.537176976930416217e+00 -9.486333439648960697e-01 6.286236274790377720e-01 -3.538922431358856868e-01 4.307479496702958932e-01 1.225544439534063335e+00 2.589649931063024990e-01
-5.587331074248535145e+00 3.919935575119490423e+00 -7.945773219250424901e-01 1.071737006577604179e+00 2.716711311199387358e-01 1.342484384358957339e+00 -1.312133298947927740e+00 7.321511084645889733e-01
1.619785556861718767e+00 3.906113238964556089e+00 3.461356270315678607e-01 1.026607390376889972e+00 6.495816444753635954e-01 1.452744996896045304e+00 -1.285365645437068327e+00 -2.004381210154526638e-02
-3.981134758848920097e+00 -3.287195659702545569e+00 7.592743332476545870e-01 9.016614485638150267e-01 4.693781564311032273e-02 8.655788169293827661e-01 -1.462690125909189343e+00 -1.710737840053049297e-01
5.731315985076042452e+00 3.431669148939903380e+00 -5.360406474979449998e-01 6.315365526115030992e-01 -7.416301404311259615e-02 5.821430490545125291e-01 1.080764763715199361e+00 2.538206771650496352e-01
2.790432959938090818e+00 4.051482562744332938e+00 4.964923426082930025e-01 -1.914395124656314007e-01 2.909393404851596254e-01 -2.801228926019139753e-01 -7.655942310620931224e-01 8.670564757730152561e-01
3.525233597356498549e+00 -4.829215595911653836e+00 8.477903427804307501e-01 1.105839536268241607e+00 7.788703675382130376e-01 1.479569428456170455e+00 -2.624629431881183583e-01 1.787785230878324860e-02
5.348205089010944491e+00 -1.599961995594317621e+00 -5.632720211110862074e-01 8.371992614505840979e-01 -8.850933564657380570e-01 1.533704032292459774e+00 2.446795228560399771e+00 1.619541457468844925e-01
-4.896170376696716176e+00 -1.393174735827099830e+00 2.823767581661837944e-01 5.129226216027256147e-01 6.774660996389637591e-01 1.146625540185173930e+00 -2.240985666493998885e+00 1.258933024375810339e+00
-1.142859943400270417e+00 -3.067562017355820458e-01 9.789562980255073210e-01 -4.854649258665088007e-01 8.412075169842364586e-01 -1.049376018120485643e+00 1.164620304407086859e+00 9.569957048334516436e-01
2.284821263748009201e+00 -5.061194664057970805e+00 -1.172747691570737771e+00 -1.101900335774355977e+00 -3.611077023225960358e-01 -9.262572535398222451e-01 -1.803710252096225819e+00 -6.475356200961488451e-01
6.872272717265524022e-01 2.862258234516836808e+00 1.160241547762982828e+00 -9.407269849634269931e-02 6.598968040522422696e-01 2.808360540582116038e-01 -1.116283533032094377e+00 -4.282249591493733076e-01
-1.581226661532224576e+00 5.860829231908956771e+00 -5.774942780603514736e-01 -7.347754765163294621e-02 -2.979158022165176445e-01 4.580040959059925032e-02 1.987387899100142130e+00 4.224139355877021829e-01
-3.267001596930349194e+00 3.403887448374721458e+00 9.294795629644461155e-01 -1.035992694146765869e+00 1.652399601080829505e+00 -2.565750590099216133e+00 -1.853016418170539525e+00 1.862153006739885708e+00
-6.768811108769261509e-01 1.514246405911648274e+00 -1.022816924245803394e+00 1.065186213775556334e+00 -2.428391010158424124e-01 9.240227085802171780e-01 1.070147557050062481e+00 -8.158194231830657728e-01
4.133582317043519083e+00 -5.463871607461090463e-01 1.109748177145921000e+00 -5.430416894676858286e-01 5.463600779562187704e-01 -5.253320700892504247e-01 1.387362411206642054e+00 8.064734416151524421e-01
6.558699203237550179e-01 5.857781562687875976e+00 -6.401711892205641519e-02 -1.058344211354124598e+00 2.437570513187605481e-01 -1.172959913657527720e+00 -9.673594162256190510e-01 1.603501887057069974e-01
-1.814423848170092057e+00 -6.963366781100122083e-01 6.868523987161456734e-01 -3.153625921354189510e-01 4.560197771430181679e-01 -5.148271873055121350e-01 1.729816848543971108e+00 8.525332881943981089e-01
-1.348677224444572609e+00 5.013492945634411058e+00 8.959666269645685244e-01 -9.293963762312199561e-01 1.811189614690940086e+00 -2.734939275951584037e+00 1.560021284695766841e+00 1.345853993485104816e+00
9.519171767242449178e-01 -2.287625130192072476e-02 -1.139543305702785281e+00 -8.885697058358847933e-01 -3.802926142644076357e-01 -6.750966218276224229e-01 -1.841528062526328391e+00 2.353439215923570638e-01
1.143340741495550539e+00 -1.707713357478066740e-01 -3.084449539830091958e-02 -4.446413471988580612e-01 4.238529464985953815e-02 -4.554019069508035700e-01 -1.801377053931714878e+00 1.512725725845997515e-01
2.162016510597158714e+00 -3.576411641734985380e+00 -6.299444688327606734e-01 -9.310274859002036774e-01 1.311109346919070717e-01 -1.043160527221982603e+00 -1.731397905342724197e+00 -3.503707308684357313e-01
-3.294811362655223785e+00 4.386693583628815674e-01 -3.014064386886239344e-01 7.476443294925196881e-01 2.433149644890840457e-01 9.495686816011447151e-01 -4.341461146109515390e-01 -2.958289121204598082e-01
-2.493484392889774970e+00 3.083763145271602113e+00 3.215686111341780062e-01 -1.708565516151769881e-01 3.178263209766848951e-01 -4.127234977407063243e-01 1.292457773758062700e+00 -1.428963732371672513e-01
-5.477084094077509846e+00 -2.457399460596206175e+00 4.557580892743628986e-02 -7.641062528503480555e-01 -7.024713558420921933e-01 -1.461364158176152284e+00 -1.318350002081596140e+00 5.072110631311242956e-01
5.891730505957459840e-01 -6.156721177815001056e+00 2.430652141770632824e-01 -3.595153153042165428e-01 4.709413939824977913e-01 -7.809356161832976539e-01 -9.471822866789328943e-01 -2.902923920145573655e-01
1.432138440087186382e+00 -6.042879890618967131e+00 7.225797126127313508e-01 1.024849365087350028e+00 1.843289051155661551e-01 9.566554992567523064e-01 -2.144632529413097899e+00 -7.417152263317974836e-02
5.587874412330807061e+00 5.640553940713447290e+00 -1.167579104095874731e+00 3.475281861491485991e-02 -1.198959516980389051e+00 1.232049084406774409e+00 1.203467385732404082e+00 6.770849785948056532e-01
5.394695122077866500e+00 -2.161566530705884226e+00 -8.071577732360436519e-01 9.362676993259368974e-01 -5.652202002202344477e-01 1.102070102354419712e+00 2.147750133377039905e+00 2.350029209662640450e-01
5.878481217242487844e+00 1.167167905398061478e+00 -2.285432905028448314e-01 8.465667789454618397e-01 -1.138163985598902028e-01 8.464443502497746019e-01 6.911543511602898926e-01 -8.233027683853948453e-01
1.317527658371360211e+00 -3.174280855543336610e+00 1.120931803385327052e+00 7.855517466620391964e-01 6.622553667074104755e-01 9.304506129566876282e-01 -1.334931270454395635e+00 -6.339482417291671945e-01
-1.500892038791299399e-01 -5.214645819651977376e-01 5.053393737871392233e-03 -5.607110601381676274e-01 4.661507779733462531e-01 -9.950839228367941436e-01 4.673859421468233299e-01 3.298173228474893803e-01
-5.600354007269798373e+00 2.981424742296415076e+00 1.450814129034725397e-01 -6.449881128487476856e-01 -1.823348658398978861e-01 -7.662820947809431127e-01 -1.157663358805356202e+00 -2.638046968988488339e-01
-5.837998672162747482e-01 -5.403009187180566109e+00 -3.180592265953745557e-01 1.580282290049059846e-01 -1.684110709181913246e-01 1.759837640836089401e-01 1.072928155743762657e+00 -7.413823983626461889e-01
-5.075577098134187004e+00 2.024662362074057143e+00 9.240524429083347702e-01 -7.226586773581245016e-01 9.262128468821939631e-01 -1.356532897070465316e+00 -2.785648432430186006e+00 1.735169197113084483e-02
1.422385296562289625e-01 5.709327106860410339e+00 6.593942740619966880e-01 -4.471318703464391975e-01 6.965439381032523247e-01 -9.725863343405404260e-01 1.611894079528236878e-01 9.816805685473223297e-02
2.103740879314313972e+00 -5.488894949485388253e+00 -5.692801048212262627e-01 3.908555485370874827e-01 -3.467080896968444681e-01 4.804382937814916654e-01 -1.561713942091514484e+00 -8.742820569577735013e-01
5.770057707476942355e+00 4.598606382651677649e+00 -3.227063325166167340e-01 -5.155801724818265264e-01 -6.611830909409896484e-02 -4.898723844005667960e-01 9.519679092307414825e-01 1.023374732291705724e+00
1.159001624078786818e+00 2.623486105869870855e+00 -2.085932978306729302e-01 -1.051465994777050161e+00 -4.878487904175658751e-02 -1.046289348407096309e+00 -1.782053000900830630e+00 -5.459909949301514631e-01
5.137681688927171919e+00 1.605162286684755024e+00 8.920830707689786365e-02 1.818068280733253772e-01 2.246768662482916679e-01 3.895332455345786871e-01 1.855184762957718059e+00 -1.032758303247631071e+00
1.336976559584371671e+00 -4.938531624233554851e+00 4.953853864008264107e-01 -1.050659952922725626e-01 6.004128989325900889e-01 -7.054612006770674126e-01 -1.948828697608078864e+00 -9.712867877685829043e-01
-1.306152296290183479e+00 -6.265801618402790041e+00 3.326620263393911259e-01 1.054115995271633910e-01 1.581686425341038982e-01 6.670005437521575598e-02 1.940600342785115506e+00 -2.761181315031044706e-02
-3.371536796992616658e+00 -2.460511808138279299e+00 1.190571050424449107e+00 4.913572666000083355e-01 5.475560845021713030e-01 1.557403237828281772e-01 -3.884664998348358322e-01 5.622533173635949622e-01
-3.211642730453301287e+00 -5.830371002722027463e+00 1.121610724888757238e+00 5.966544139909868427e-01 1.311505058993711170e+00 1.732932386845587258e+00 -1.274914614697809423e+00 6.974310712173299454e-01
2.830628762684169075e+00 -8.509760049312573571e-01 -9.541289237473670193e-01 1.103269533670184765e+00 -6.210274111344845673e-03 1.097942966330806680e+00 -6.154586013850085191e-01 7.554299148872527514e-01
8.550731729977583129e-01 -6.184110740530554651e+00 -5.894822373177015518e-01 -3.632035254759174991e-01 -2.211453052455884249e-01 -2.023011102007971906e-01 -1.539928787716773995e+00 -6.822163945256135009e-02
5.531838104463927763e+00 4.697713700527279101e+00 -1.098326286980536137e+00 -1.756331637347019470e-01 -6.330234785048377555e-01 2.496487852592225165e-01 1.482304544389977607e+00 8.828355243921750528e-01
1.085862173145748066e+00 4.325784105294982140e+00 1.072337210266853136e+00 -6.571288779791847334e-01 4.143888635534121456e-01 -2.447416906798119129e-01 -1.759454971265491885e+00 9.162381945325164256e-01
-6.054265911480039009e-01 -2.226389693088138166e+00 -1.453138641071705095e-02 -5.482793039844583438e-01 -2.103908000816781185e-02 -5.493343241213894945e-01 1.126682844771851766e+00 8.042292824005659035e-01
-1.904106878779299628e+00 5.636523659461282421e+00 5.221428005100621217e-01 -5.098190811418285007e-01 3.565877779937673409e-01 -6.197366498621691422e-01 1.679699209642667501e+00 8.127550206006997069e-01
3.400217966796597935e+00 -9.374295663801355261e-01 3.980913559436156657e-01 -2.268226849456134175e-02 2.088877883493438503e-01 5.377733214223202884e-02 5.219575055352225768e-01 7.955855694720458393e-01
8.683454911569397083e-01 1.749074160329744387e+00 1.020948060701857729e+00 -9.204881900114012527e-01 1.007629430620808009e+00 -1.561934365814884318e+00 -2.740280596600665142e+00 2.296080039049638311e-01
-5.044658427079271590e-01 5.271685550647321250e+00 1.096489365853551279e+00 2.404426175554559286e-01 7.171883050887332134e-01 -3.865152531082298171e-01 1.101286398703270386e+00 7.130219358262509521e-01
4.477750088400842543e-01 2.280772866815032884e-01 -1.101168500812508055e+00 -9.226528473592464641e-01 -1.915932985737862637e-01 -7.356648058750059338e-01 -8.966394908359974769e-01 -1.953874756205981333e-01
6.000380892583942583e+00 4.308441587484898250e+00 -1.140554260705803236e+00 6.022552727531271799e-03 -5.741053355936650560e-01 -6.335629022021263546e-02 5.219929014231108333e-01 9.556232458317404088e-01
5.800261626495508693e+00 -4.318014187390136982e+00 -8.343252392368566417e-01 8.982786598829524127e-01 -1.018983456500805740e-01 8.199173252167910597e-01 8.753343657132051092e-01 -8.698303581481789948e-01
-3.503995279529781737e+00 2.834640630310103049e+00 9.234355735185115766e-01 3.463167059174696583e-01 5.758822621582250223e-01 -2.286804305118413094e-01 -7.163423634183420097e-01 -2.948558186010976079e-01
-6.023677194336306329e+00 2.397472204760505932e+00 -9.940929587523956723e-01 2.788391774783027799e-01 -4.933411199093489241e-01 1.379391721413933403e-02 -5.189499355304751926e-01 -6.715853973245184960e-01
2.899176043740794739e+00 2.950756917364239840e+00 -1.108692764315861057e+00 -2.053467043447338991e-01 -9.012235133617039207e-01 6.946781832390208633e-01 -5.123769701189133663e-01 -1.574011052550881862e-01
-5.867557732779857815e+00 2.177259867584018238e-01 -4.892933438047359918e-01 -7.557206666898466096e-01 2.423098198841291684e-01 -9.933009162998692743e-01 -7.602063670396906891e-01 -2.633317990349722248e-01
1.743731670167591119e+00 -2.536052433136307904e+00 2.766634239242331539e-01 -8.996120208927769202e-01 -5.508448709476955474e-02 -9.227054831416257041e-01 -1.924023393513223379e+00 5.230618925717578360e-01
9.543718100207305710e-01 -4.088363305400366521e+00 -3.413810782071871053e-01 5.571413259352835379e-01 -2.755466193692587273e-01 6.465205116444183719e-01 -1.800415642710476272e+00 -6.430186294227764332e-01
-2.989311499083881607e+00 5.213323315931731372e+00 -2.069274723401614002e-01 1.002903880783472479e+00 7.205322071536665596e-02 1.027519590594778709e+00 3.729681791727709195e-01 8.075526180112007069e-01
-8.951189032577548943e-01 -1.259129070438234521e+00 1.093364145553010092e+00 4.688315235348716747e-01 5.815398677173578834e-01 -7.460388855055280488e-02 1.576013074640173262e+00 9.363774646689456693e-01
-9.568656802302966113e-01 -4.808892670009395687e+00 -3.602455667906905301e-01 1.489586658113259965e-01 -1.735215594739463740e-01 1.741566941025760040e-02 1.632809071697294945e+00 -9.933762985944808444e-01
3.690714188975467991e+00 2.553706375929259309e+00 -1.153290078457679169e+00 -4.939658883087562069e-01 -5.186478935520851818e-01 -2.759722495720737800e-01 9.140007417571615056e-01 -4.247279157957755680e-01
4.530819675774859334e+00 1.328415633427624698e+00 4.876536384375942390e-01 1.032303269384872602e+00 1.512462521201178189e+00 2.541970090183419018e+00 2.200776550133094922e+00 -1.204422816819218367e+00
-3.646210986451648761e+00 -5.211136629816857990e+00 5.887378350953209605e-03 -7.998202077327296600e-01 5.291512494560546113e-03 -7.998512723490087684e-01 -9.627144094473765179e-01 -8.824146324532651242e-01
-5.390519872881752050e+00 3.837419557261219083e-01 -8.944943389918206256e-01 7.317082765301732294e-01 -1.239269831952287904e+00 1.813924866542931280e+00 -4.622116091213545053e-01 -1.469674560431187160e+00
4.643129812603950413e+00 -1.659797799756213443e+00 8.154701670910990963e-02 2.754306014795679936e-01 -1.937544031521789278e-01 4.691472471343307027e-01 1.996999530873267537e+00 9.942475366134262416e-01
5.088730989851965703e+00 1.544331954739149637e+00 9.554106123047605426e-01 -3.786568049976946071e-01 5.262009624587875578e-01 1.054294066254734957e-01 1.881777583293793077e+00 -1.021396936354689089e+00
1.809434208355037654e+00 5.764708455102372398e+00 1.522300637712992177e-02 8.884372284171562217e-01 4.092382679192452244e-01 1.169513216633122132e+00 -2.291185049377147731e+00 8.434210887979889382e-01
1.911386062497161475e+00 -2.793620017663656085e-02 -1.775942695930545767e-01 1.022463615908353107e+00 1.019869824107988016e-01 1.059203480831400146e+00 -1.985887767894497946e+00 1.287046697872515355e-01
4.353099762300352893e+00 3.933950867824504982e+00 -5.259372128826175219e-01 -1.012817237098021073e+00 3.424794744036804839e-01 -1.325650200717381155e+00 2.057067563517725350e+00 5.272375050027215959e-01
-7.715561369932251168e-01 4.671997332069359743e+00 -9.386310267808171126e-01 -1.117759103154649214e+00 -1.237105760373479468e-01 -1.035152982926034415e+00 1.299176070209024481e+00 1.094511423384171955e+00
-1.218266082463452804e-01 -4.386481448928793547e+00 7.019973734613997873e-01 1.114103415878507475e+00 6.533900773894738556e-01 1.396971747947190146e+00 1.065847275808922801e+00 -1.770156871223190320e+00
2.506730503523549203e+00 5.984428183029784520e+00 1.074772529067814952e+00 7.318453731819050123e-01 1.592447906583395634e+00 2.235190141761088434e+00 -2.360075779564922982e+00 1.468275334349485650e+00
-1.464717072682083732e+00 -2.730676720847999839e+00 1.115819858036254830e+00 -4.842100831067694955e-01 6.603161525944769572e-01 -6.823956481450950129e-01 2.418580283768957173e+00 -3.037336208482710465e-02
4.649709786684738333e+00 -1.977808701392754998e+00 5.461046630177994743e-01 8.175381796811469481e-01 -2.005871615045498602e-01 1.006351027125440556e+00 2.064214668181502788e+00 8.501655598735198271e-01
-6.029113431716042193e+00 -5.158563686332707121e+00 -8.596385383164539817e-01 8.335384520009634368e-01 -8.813909142467517555e-01 1.401512277748504509e+00 -1.447292521318005454e+00 4.249376386634351466e-02
-2.033754591834550318e+00 -4.996216062457062179e+00 3.852868251468963834e-01 1.421959200813776025e-01 5.090471207104101392e-01 6.430977092892197211e-01 1.731141992806644270e+00 -9.016622349764452649e-01
6.134085813362402106e-01 3.017154490502393926e+00 6.678628015114649319e-01 5.715637096585355348e-01 7.509523730568747890e-01 1.127207458241543891e+00 -5.818926106456572267e-01 -6.935405772580314210e-01
2.279445514916902837e+00 -3.054675545615641585e+00 -5.416903107773963777e-01 2.572335363124611529e-01 -4.163845804037313858e-01 4.997542331003176908e-01 -1.687633634472784916e+00 2.559579694141388417e-01
9.570212892962297602e-01 2.000270538353564831e+00 1.996627943772677494e-01 -2.036993884036947255e-01 1.730292542625840035e-01 -2.908049837686108585e-01 -1.678435965312432998e+00 -8.657080175203564210e-01
3.226775590483876854e+00 3.714498121149031107e+00 2.819934424014862717e-01 9.308023350803271700e-01 -4.429972902616500785e-01 1.322147206901589378e+00 -1.043115727844445284e-01 8.165473719589895207e-01
-3.358436320342633952e+00 -2.330140696775572451e+00 -9.439621276734877497e-01 5.510673192848467572e-01 -7.086807773925866138e-01 9.169445042799779788e-01 -9.868164146319340357e-01 1.281807379972428773e+00
6.544349258684487580e-01 2.523505239052257210e-01 -4.385755266000412878e-01 1.717204690006424173e-01 -5.173684669165510286e-01 6.478273982772027040e-01 -1.086259262336305653e+00 -3.808434936400196258e-01
-1.903561743853252608e+00 2.786701885761075914e-01 8.231359113626022239e-01 5.305041802379750759e-01 6.750589511682709709e-01 9.180174242352581171e-01 2.397723933647721850e+00 -7.825160895138613126e-01
-3.092060511911354226e+00 -6.234674699399944231e+00 2.359583264752491694e-01 4.815200271373027974e-01 7.174773536619508674e-01 1.198997006444174174e+00 9.990255804619148361e-02 -4.937036117033819643e-02
-3.191064130033505197e+00 -1.316537889786700610e+00 6.380166916912610731e-02 1.112327987388445516e+00 2.075205023870891619e-01 1.174393523290452546e+00 1.336529056839061702e-01 7.352945812302942308e-01
5.987366220077628753e+00 -7.506678210555701725e-01 -9.593958142179633830e-01 3.764120326847599785e-01 -1.087618358771943239e+00 1.353449506944496727e+00 1.229751471291052223e+00 3.542268752980748392e-02
-5.511538925209018558e-01 -5.663048152407762714e+00 4.473125520011351774e-01 -1.005470907278252168e+00 4.535075974340004312e-01 -1.181868413703906384e+00 5.535619270901090960e-01 -8.736750465274417676e-02
1.061557590542353324e+00 3.667866846741560494e+00 4.203021931698165403e-01 7.463561558403681850e-01 8.429395951554243815e-01 1.471388822471648927e+00 -1.113577706941786261e+00 -1.303388784444189930e-01
-4.421592345374696365e+00 -3.239879338526729047e+00 6.459732599726184521e-01 -3.825488546775552834e-01 4.262104065085938753e-01 -5.442276849517477810e-01 -2.130650038822023529e+00 1.164899796547850808e-01
5.576302814024520771e+00 3.654805280656285404e+00 -1.187255885724797233e+00 -1.152740057463111034e+00 -8.412928906596705003e-01 -1.441771628981347586e+00 1.598105241603069437e-01 1.630100819251832478e+00
-4.405162523159576793e+00 -4.808954448820930594e+00 1.161249191235879996e+00 -7.470426936974738918e-01 1.601048305285159623e+00 -2.219331060395257627e+00 -5.102487393453103426e-01 -2.391444435843902205e+00
1.829289642257007742e+00 -2.728952599336209150e+00 -8.462397539682704473e-01 -8.618165660110559401e-01 -4.951160845838462610e-01 -9.378352098757442024e-01 -1.474720838521474731e+00 -5.780241746863884478e-02
-4.123615573320728700e+00 -2.635820834279231306e+00 -3.508343218256617657e-01 -5.739843367624319903e-02 -1.736345493791109917e-01 -4.300303263568387019e-02 -1.655803858146194685e+00 4.770416661752520104e-01
4.604096094170090581e+00 1.927947170639271235e+00 3.588821380207123379e-01 5.483375172984357171e-01 7.065602174081497822e-01 1.179735624431717866e+00 1.614168807378155934e+00 -5.627814081310804628e-01
-1.759567535904782432e+00 -1.193357678475849504e+00 9.874821008418293022e-01 -1.120930923525042200e+00 1.501423692293819334e+00 -2.388042743157507530e+00 4.109468031331831028e-02 2.852988089273782890e+00
4.968565557651777098e+00 2.226021267955763605e+00 -7.248412801444923392e-01 1.859908513562940069e-01 -4.808692698979283309e-01 -2.570970785067202002e-01 1.886696242372285282e+00 -7.448754459062857380e-01
2.254316077320787315e+00 -1.891989089707790228e+00 -7.540398042576103022e-01 -6.288658969568752255e-01 -6.373232804600974521e-01 -9.706820513919074411e-01 -1.028573891317332345e+00 4.267240065050159070e-01
2.725139125177907573e+00 -1.609516474943353259e+00 9.304820057455673865e-01 6.518467360664395027e-01 6.281694173564352779e-01 8.835247814318265558e-01 -2.931621282230291170e-01 4.833732937970460775e-01
2.891798709436228521e+00 -1.593215288098231319e+00 7.381531299836963100e-01 5.829559009937312908e-01 4.461163759480289981e-01 6.835198336685983644e-01 -1.973276466124362361e-01 7.026677443560034320e-01
-1.069940135221244759e+00 5.954181348579322020e+00 7.618878326835987203e-01 1.290385768945836453e-01 4.580104160681520153e-01 -2.088984465131723811e-01 1.689763110595321249e+00 3.876809802182175080e-01
-4.368639610665949746e+00 2.976384610863485491e+00 7.153896474143939255e-01 -6.030791828637838137e-02 4.225508039774473756e-01 -2.662030101132972781e-01 -1.981222600060449812e+00 -6.623029562816630522e-02
2.562139504804974877e+00 -4.827572317088499432e+00 1.016293291689855716e+00 7.883531772428435946e-01 3.685977389375637014e-01 6.233061587399371106e-01 -1.300562867311670479e+00 -7.879437315395985131e-01
3.759890601445327718e+00 -4.930821339603109976e+00 -4.937612060887464072e-01 1.099870401221054061e+00 2.228425975099491696e-01 1.265321390800807855e+00 9.704097697049360871e-01 -7.873500134001225614e-01
-9.539259050260229245e-01 -2.061166992030388556e+00 -4.675471135367303965e-01 -1.018534384643797308e+00 -6.737967839563070195e-03 -1.015521630507039363e+00 1.625265278764214338e+00 8.882788006188838681e-01
-4.952329314587732512e+00 -2.305919640088614386e+00 -8.629451487094728090e-01 9.609843516964302612e-01 -1.418862612863569170e-02 9.485000381642555434e-01 -1.949099412871537762e+00 7.481431566436257397e-01
-5.838807833649621415e+00 -2.015255734045338976e+00 6.150893556026777453e-01 8.703985390386070886e-01 9.237930892376132741e-01 1.587575272248929359e+00 -1.784206770290490018e+00 1.827258210402252114e+00
5.394635051389425229e+00 -5.071148045582328123e+00 -5.878469152400653819e-01 -1.022671229140534876e-01 -3.665718600845721542e-01 -2.875153736898575230e-01 1.643263603438273490e+00 -1.027279966163436864e+00
-5.427741264383949549e+00 6.866900588655644455e-01 -9.347947403422041113e-02 7.702178201286868919e-02 -1.647595113400603939e-01 2.394408524804176597e-01 -1.503098643406197255e+00 -6.406067393833886348e-01
-5.611799539965599770e+00 3.381289770766855440e-01 1.391697614631184354e-01 -7.152805717819122888e-01 7.363056552687088363e-01 -1.411076153728120230e+00 -9.042684774513951584e-01 -6.715972860043715187e-01
6.054846685346706892e+00 -3.136588563288396081e+00 5.084890821439729258e-01 -8.350871398933871204e-01 -2.885387561073338158e-01 -1.115806176429201768e+00 3.782735959975168094e-01 7.944963653838438278e-02
-1.240809707548686802e+00 6.037960922037797218e+00 -4.829992539553417119e-01 -1.164056975474353273e+00 8.817900852044037452e-02 -1.212027401192442122e+00 1.802416633246740840e+00 3.324507286023773434e-01
-3.469264687308081019e+00 1.693774887731507306e+00 -2.418662792210176660e-01 -3.506301355685141896e-01 -4.924549560778753582e-02 -3.291811975089674047e-01 -6.582718747288903716e-01 -9.778553828267163572e-01
1.488866851522643309e+00 -5.743784019667607765e+00 4.905636945628168988e-01 9.043694889615137011e-01 -2.160313844869600833e-02 9.169450587658070084e-01 -1.977184616199502143e+00 -5.297290774158970317e-01
-5.201979583821314534e-01 -1.792631979261597230e+00 -4.358905520011762125e-01 5.924011462448555143e-01 -3.187881883655667714e-01 6.861106117245814318e-01 1.203164395331948189e+00 7.664346566517190595e-01
2.901019626350690217e+00 5.915385769687777184e+00 1.093118239933873914e+00 1.137343977537286888e+00 2.186075187652502194e+00 3.305750471651461631e+00 4.404207808531205304e-01 -5.573761550560869527e-01
-6.116846046811699189e+00 5.435724401064710776e+00 -9.652556124502733592e-01 1.173811380856448983e+00 -9.216739421938515697e-01 1.661043975447224152e+00 9.683879461399227395e-01 -5.499322287233975315e-01
5.621824642048528275e+00 -5.694999306759065405e+00 -2.504791976982572166e-01 -9.978929646883618609e-01 3.399885626480555340e-02 -1.008628189822611931e+00 1.195844528246919669e+00 -5.223149126452482083e-01
2.234508502743262071e+00 5.912398125445800900e+00 3.139963401835290657e-01 3.320709480016255100e-01 4.753453009726898437e-01 7.406809334899190356e-01 -1.755318696248346022e+00 5.422463352471676989e-01
-6.087073717509168702e+00 -1.889272748914709865e-01 -1.582329050597253151e-02 -1.185111804697521531e+00 9.486863566941705628e-01 -2.064338985545702609e+00 3.458555214832631508e-01 -5.477640305310438329e-01
-5.000852396047723580e+00 5.307381267483112453e+00 1.140227232508911337e+00 -8.842176063212596748e-01 3.625857354829520873e-01 -6.541627945557849655e-01 -1.734031483648168059e+00 6.448200380129193166e-01
-3.575035966330960768e+00 -4.274510191611263998e+00 1.327058579207029965e-01 3.983038048657365771e-01 -1.216463518518585002e-01 4.913852570756735427e-01 -8.015121431321364787e-01 -9.441373481042583116e-01
2.507934172167278319e+00 -3.596051088820826358e+00 -1.276960311142052440e-01 -8.841675591199440465e-01 7.194556122282278476e-01 -1.592102236076128774e+00 -1.388361226456753084e+00 -2.348084809618121716e-01
-4.968392480643719189e+00 1.754544851090479085e+00 -2.168067470286128007e-02 4.482800823438937154e-01 -3.617491526226879195e-01 7.756114286445693340e-01 -2.054265129872733020e+00 -8.637199159290578354e-01
-4.727217513229907908e+00 2.153668310147264009e+00 1.067101724213097791e+00 1.159023547190053405e+00 8.279612039159847670e-02 1.090581639671108105e+00 -1.948966704503937386e+00 -8.856987009043241210e-01
5.534631054449997478e+00 -2.059599663272523529e+00 5.952547184238476952e-01 -6.737294755126378432e-01 3.972502869246741786e-01 -7.757591724213824813e-01 1.658993080774642692e+00 5.850627484450767746e-01
5.646306846482886499e+00 -5.336195315925235327e+00 -9.594397501821045893e-01 2.951239751479302065e-01 -4.778318049903145792e-01 2.888778758824335213e-01 1.051354281640757060e+00 -6.736377081376261344e-01
-1.166369086260907295e+00 -1.267178421056052606e+00 3.951974076826527682e-01 -8.083639067661103628e-01 1.187430814770599419e+00 -1.989766183682486700e+00 2.076435821254243308e+00 7.164811023855481853e-01
4.731304450898498715e+00 3.996524387837673942e+00 7.944746735889076650e-01 -1.131928957847819772e+00 1.127545383192665840e+00 -1.968543076883087162e+00 3.487729809288335758e+00 -7.335614765188467334e-01
2.095652352429636878e+00 -3.421074999913117587e+00 8.616063351793405989e-01 6.454066469155721464e-01 2.678300428259987598e-01 4.524694091690323883e-01 -1.646739795067092782e+00 -3.599105115680736322e-01
-1.172023342189252304e+00 4.769207611787415146e+00 6.956868074618998143e-01 -2.888005363039705120e-01 8.699447498118380029e-01 -1.108376454179363035e+00 2.166409211139289415e+00 6.750532902877741659e-01
-2.545482348329041411e+00 4.898291550020850593e+00 5.485409518787682792e-01 -1.040168802634677148e+00 5.232926233378009107e-01 -1.248857816074129934e+00 5.235548988607959808e-01 1.582070739777399204e+00
-2.493185089507417462e+00 -2.590613927574798581e-01 -3.022496999824183517e-01 -8.804443403141564151e-01 -5.209428341381935335e-01 -1.201210748685964225e+00 1.700903745296181047e+00 -2.368945141330439097e-01
-3.557577416091483258e+00 4.972403414221737705e+00 -1.803505891159451480e-01 -1.178256001146276155e+00 -5.704335032015657170e-01 -1.535163172147139488e+00 -1.250572252495708581e-01 2.832616786667609965e-01
-3.479858834161252190e+00 -1.861167500420531695e+00 1.094695582943903789e+00 7.195918341323295220e-01 5.652214259504807492e-01 7.466527694951040628e-01 -2.421638623935741808e-01 5.365974832725810550e-01
-4.126423174289471696e+00 -2.248840111154501109e+00 -3.131435036648412273e-01 3.703940804719763058e-02 -1.581926120109271305e-01 -1.073428113751373307e-02 -1.664737960672148853e+00 7.771824863771018554e-01
-4.791208788603078972e+00 5.002199108373224234e+00 7.875518717200677976e-01 9.157614481739895229e-01 1.453116751357789838e+00 2.271260586742376741e+00 -3.183051799413346927e+00 2.147559298483048273e+00
-1.036896795047643316e+00 -5.055747873567156603e+00 1.223855284451669245e-01 9.697219666446763586e-01 4.664557455674270825e-01 1.267909299441132731e+00 2.176456680287971679e+00 -1.396427537983904621e+00
8.369385570150944531e-01 -1.731783360081241341e+00 -6.620690598942480243e-02 -7.359968621594064064e-01 -5.292107966346416559e-01 -1.180718290788501657e+00 -1.823889733494330034e+00 1.325766815185473568e+00
5.826558088532788560e+00 5.488746121177738857e-01 1.065242057641967000e+00 -4.549812453630575071e-02 6.360615209230866540e-01 -3.862137143281197393e-01 6.744075512374010373e-01 -3.142882317278102855e-01
-5.510311766833764224e-01 5.815343348438018367e+00 -4.544898761008648869e-01 -3.408385515331288085e-01 -1.140426151267353583e-01 -2.271903217629270832e-01 1.049285004337265015e+00 4.488082953886158855e-01
-6.224180213133140072e+00 -2.042319453966570109e+00 -9.347464942736145588e-01 -9.096592889412025151e-02 -5.623785863442988253e-01 -3.755233207252460237e-01 -3.000983140149764972e-01 1.073034042276461264e+00
-5.705040387599771279e+00 -1.941433180048466767e+00 -7.285176196297105111e-01 -7.768010220852259451e-01 -1.015169880781899625e+00 -1.601835958688934802e+00 -2.040448845270853795e+00 1.879603127391912487e+00
-4.831966829195299518e+00 5.066127875384866641e+00 -2.471671997336798432e-01 -8.967179392065516286e-01 -8.654652879817400501e-01 -1.667035080524136514e+00 -2.643387628187395144e+00 1.595753551152227612e+00
-2.845754719080367146e+00 -5.063876180337878452e-02 1.662886079623064894e-01 -7.019694382383157016e-01 -4.428925380923431354e-01 -1.118543092982135168e+00 7.513119654824268467e-01 -1.176118719451050565e-01
2.745541084131648546e-01 -6.249215719543946612e+00 -3.899312471583327167e-02 1.124836291352189210e-01 -1.402733901917832537e-01 2.487169867316809391e-01 -5.339226799446943339e-01 -4.227592031856637622e-02
-2.718067380103050823e-01 -2.086829912410506083e-01 -1.071039486351035075e+00 6.817406747211698370e-01 -1.744480535009149680e+00 2.422746828600725877e+00 2.703333103065135301e-01 4.737828976572186490e-01
3.724565115721182096e+00 -4.504962364519299989e+00 -4.473825318175170818e-01 -5.124327640434184206e-01 -3.405748090791400617e-01 -6.373489248670907159e-01 8.990785326883187212e-01 -7.766269245267807264e-01
-4.256110121813124536e+00 5.319420932402309177e+00 4.962669955812848421e-02 7.704364682983413370e-01 7.934293930490319280e-01 1.554866988827207974e+00 -1.980673569148910129e+00 1.006621705060839034e+00
-1.472677361638460525e+00 -3.409928007832923491e+00 -1.090774286489780254e+00 -3.875652173516576093e-01 -6.569947708497173577e-01 -6.229713257593950670e-01 1.608266773728359800e+00 1.169868855282517606e-01
-1.800674321685633572e+00 -4.826762194276828843e+00 -9.555489234042804370e-01 9.252543298773050484e-01 -3.598189143714967259e-02 8.895121952889177841e-01 1.951077073884598612e+00 -9.971551803286884397e-01
-6.131933669450626567e+00 -3.557913369306808349e+00 -8.839505236453034653e-01 1.965334623229675337e-01 -5.572010700194105492e-01 -2.733032322307878959e-01 -2.194848965329187496e-01 -4.862644869332217179e-01
-2.319395747190149404e+00 1.493213668805332794e+00 -5.320192840317256033e-01 9.571805263243617912e-01 1.569541784108847704e-01 1.080105448223093623e+00 1.359876697914117027e+00 -8.915829922345428482e-01
5.959679336434017927e+00 -2.097678680696681397e+00 -5.162747506710451129e-01 6.259023088003243807e-01 -1.989871776853781304e-01 5.857114214122861595e-01 7.499322350735572185e-01 7.502319380342518107e-01
-3.931629168042943601e+00 4.105255776127290090e-01 5.743905377042501925e-03 5.236476626140413870e-01 1.044458870759617103e-01 5.614397154020912550e-01 -1.475424716442448103e+00 -3.444245195798265602e-01
8.599663640875423454e-01 -6.071169606727253587e+00 6.989458344458694405e-01 -1.556592323608088080e-01 6.032912555976490676e-01 -6.366768379310093762e-01 -1.283815314000802177e+00 -4.422568126503617636e-01
1.478251253659835562e+00 3.941802165965361482e+00 1.393229679774301566e-01 5.337396448757671941e-01 3.982878299279629664e-01 8.439272290194347326e-01 -1.780600091230355675e+00 5.066606146843355418e-01
-4.546727127946942559e+00 -2.512910710019330196e+00 4.820535586745704482e-01 -8.481990332374639285e-01 5.731933347828502973e-02 -8.225972246334332105e-01 -2.014804971005573986e+00 6.302653346531372769e-01
-2.177740946841693059e+00 3.234133206772067837e+00 -2.481357308974447839e-01 -8.153761916721717906e-01 1.745976006516443968e-01 -9.277862894915837044e-01 1.766738963061099454e+00 -3.154140169735014654e-02
-5.283881345368735438e+00 -3.666197759375439791e+00 6.436671947106713532e-01 -6.895622188516109530e-01 3.060098005239578756e-01 -6.752195145682557964e-01 -1.888586128075371739e+00 -2.944745460419408989e-01
-3.676039447797548210e+00 4.799052994242559933e+00 4.649928557741129787e-01 2.925177393464761799e-01 3.823525347510987604e-01 5.150235393107853721e-01 -8.585879087604426640e-01 8.361048212361961163e-01
-1.595490955577087533e+00 -5.440782836951116863e-01 9.797961101629895087e-01 8.879733850279025731e-02 5.335879618334595786e-01 -1.760464677424710134e-01 1.917841751932220618e+00 5.991781400025573134e-01
2.144298710466490121e+00 -1.127183806764743501e+00 -8.351346546970330742e-01 8.557619224063228724e-01 1.319706723652191820e-02 8.688478197277201831e-01 -1.678526469381839359e+00 9.017218836937134219e-01
-5.264035183250740602e+00 -3.613656391933989465e+00 -1.043708475482835851e+00 -7.503338365768252860e-01 -5.534282760551111346e-01 -7.943305471520283323e-01 -1.265112206467206013e+00 -8.929389129844580442e-01
5.379428186762865494e+00 -4.985102406600184111e+00 1.061243325643314916e+00 8.281863054668987534e-01 9.382223975224062151e-01 1.381726046049085443e+00 2.618015639099525949e+00 -2.009745554435233394e+00
4.160077579809060566e+00 -1.553339687781816636e+00 -8.370474600621959915e-01 -4.495443756335156804e-01 -3.551682348437260606e-01 -1.504834428466499674e-01 1.731459455235861977e+00 9.710163939853161397e-01
-1.276312747907293321e+00 -1.907676309693084882e+00 -9.069945435924786636e-01 8.913700579977756888e-02 -7.260123337158892465e-01 6.751911663086562765e-01 2.203241206427208887e+00 6.544536720736882085e-01
-5.053635252456635030e+00 4.995669715641394504e+00 2.754477267463171231e-01 -4.759162208648323178e-01 -8.244672754776861956e-02 -5.428002856115468067e-01 -1.910843802684754955e+00 9.863107851870296372e-01
3.759337390406916057e+00 -2.776314043150220900e+00 -1.677216374958241385e-01 -3.593491023723499600e-01 1.696502997116591249e-01 -5.236213767243121930e-01 1.180586061464103720e+00 3.350198244697549788e-01
-4.462974680611201173e+00 4.508530633883557570e+00 6.483074980597971493e-01 6.400063224668999240e-01 1.026783802220711639e+00 1.563104258626179854e+00 -1.235281777486179289e+00 2.764602069405887041e-01
-6.139583626917191062e+00 -6.276324509941508367e+00 -2.389235166337839722e-01 6.699694188597933309e-01 -8.861724254080824981e-01 1.547869888841670427e+00 -9.923657493440082855e-02 -1.938414550000585879e-01
-8.241449893769452473e-01 7.499912307340350637e-01 -9.153227559221618348e-01 -9.741061533947592554e-01 -4.592906419104000326e-01 -9.756401322879182381e-01 1.916034564189105005e+00 -1.129732226991416733e+00
1.925178280748417237e+00 -5.061005299468681606e+00 -8.256529727173043121e-01 -2.945545616021754132e-01 -4.237988655553825423e-01 2.876464929568808143e-02 -1.867841065461022243e+00 -9.477274822890091599e-01
-4.796905037510021508e+00 9.693728956417189124e-01 -5.922052269100230859e-02 3.373550244509242457e-01 -2.833088364014387794e-01 5.836500406200203495e-01 -1.911144732991441941e+00 -9.062476032768461698e-01
5.456494023865543497e+00 -3.888450827207631022e+00 -9.633351150652534889e-01 7.393184167749708990e-01 -2.249408276717799471e-01 5.150940190241610761e-01 1.480628821232285119e+00 -6.885766549783568502e-01
-5.438101514533335568e+00 3.548000285763484030e-01 1.591478533303918308e-01 8.030073167309674798e-01 -4.495814308683180327e-01 1.199627729712773760e+00 -1.242095600860220195e+00 -6.013607056230689807e-01
8.792049978726383941e-01 2.323954695856089714e+00 -9.504219888690405016e-01 8.428763321160095412e-01 -5.323982596330655293e-01 9.098057824496882384e-01 -2.021000457711517484e+00 -2.489960963134654759e-01
5.791019105161142377e+00 1.528892965429402118e+00 -3.789506995109070964e-01 -4.428836227990657903e-01 -3.157488805433470991e-01 -5.802982281081836557e-01 1.110038820032197560e+00 -1.164088815230091001e+00
4.789084017216032052e+00 -2.067190966593073220e+00 -9.404027412567896871e-01 -7.259541435693950273e-01 -2.553562052341821209e-01 -5.113962832953394821e-01 1.923311819039244863e+00 9.501142912338091939e-01
2.049301139279602779e+00 -1.350020419734229371e+00 3.940730521947577447e-01 -7.398621361875704627e-01 -3.017488816713648769e-01 -1.031644656527207937e+00 -1.696023621012140659e+00 8.963826956862882556e-01
-1.579640748028833031e+00 6.280779828853674474e+00 7.558626799513867844e-02 3.452736881342322040e-01 3.890553159945735889e-02 3.455241968999841484e-01 2.013364300615579694e+00 -1.103704788653174507e-02
-2.675989522454414349e+00 3.960912418941569868e+00 9.651149155301570470e-01 -8.889142835597757530e-01 1.606271594830765981e+00 -2.395744498638407105e+00 -4.350474729474527180e-01 2.063652685985391422e+00
5.076612099882797935e+00 -2.183160183096751084e+00 9.611511286486051908e-02 7.246973768962683415e-01 -1.835741321559629935e-01 8.274720532073688295e-01 1.994666648590686098e+00 6.924264765234362518e-01
-3.602627943098011709e+00 -4.039083244266654660e+00 -9.145993388495674559e-01 8.203577745722043790e-01 -1.406679174435056190e+00 2.095168939554093779e+00 3.561308556233209188e-01 -2.027646511946029406e+00
-1.464435895790112241e+00 -1.702182431431012333e+00 -7.936495426953581456e-01 -3.526200947481393788e-01 -4.272501926308584497e-01 6.261204665089395438e-02 1.994998333534773405e+00 9.850810403763377021e-01
1.924015961942123099e+00 4.145612598571467800e+00 -2.449953243961494609e-01 -3.046691296675122507e-01 -2.630598598921640718e-01 -4.640369288064624120e-01 -1.779409291237879165e+00 7.465177764130398463e-01
-5.392609409159397238e+00 -3.398355716189144005e+00 1.031084974672210608e+00 -9.155173881135092451e-02 5.425364229180575926e-01 1.313845571067687179e-01 -1.489883262145530685e+00 -3.189359961030609480e-01
5.595824104840582791e+00 8.357403885440417568e-01 1.195254690619441229e+00 -1.055089243138568555e+00 6.234875217958663063e-01 -1.084815042862018020e+00 5.934001215174079524e-01 -6.619374984666624717e-02
-4.265794965837036656e+00 2.964330132951371155e+00 6.361678779795358896e-01 1.987656003892279699e-03 3.828234031389203262e-01 -2.216461317088720961e-01 -1.872714745854044072e+00 -1.074676340263054641e-01
1.709793648929650800e+00 -1.953687849404970756e+00 1.164908554961054277e+00 4.830164338697455761e-01 1.268401483155663367e+00 1.582567173482538170e+00 -9.800195637719610886e-01 -7.310303675224028019e-02
1.526542614885953775e+00 -1.203310185665448451e+00 -3.737060047225466697e-01 9.230929364276223570e-01 4.070463036461801076e-01 1.296120717048133919e+00 -2.209182214025217306e+00 1.144373734352356120e+00
-6.030506429642197297e+00 -1.659670970906642395e+00 8.443405986173833089e-01 -1.199118374996501091e+00 2.345018400125097879e-01 -1.120571683777396910e+00 -2.524003553351271134e-01 7.484562707507355084e-01
3.943299700359187199e+00 3.324583820245553767e+00 -4.088372218046096851e-01 -6.336710754202320439e-01 8.034073346818515482e-02 -6.991185573870926095e-01 1.469665390641187841e+00 1.493949300867787044e-01
1.639257120546624868e+00 8.572475644750348067e-01 -1.551516808196231612e-01 7.782395272877484782e-01 -4.726087890909818068e-01 1.113554907402623861e+00 -1.624444884783722509e+00 -1.126913967648876636e+00
4.797028033674587633e+00 -5.496078078927881805e+00 -6.690764934441784106e-01 4.120556582660488409e-01 -2.545548788037927390e-01 2.475868633343201730e-01 1.944737110911296307e+00 -6.602108438929765732e-01
-4.633354947874313012e+00 1.875179199197400948e-01 1.153119501217511944e+00 -1.115472469019022972e+00 6.407019011912662432e-01 -1.184842049292208488e+00 -1.239088949965764686e+00 -9.410888250745435002e-01
2.643537900294159471e-01 -5.906818424406034218e+00 -2.882546309135582963e-01 -2.017120448885292294e-01 -8.672313111393505081e-02 -1.155323998164935889e-01 -5.214511713431123630e-01 -3.686640322426079641e-01
-1.752436170752011968e+00 -4.242935161522193077e+00 6.457127863683373992e-01 -9.266541484527277550e-01 -6.682329236254835880e-02 -9.798068287388044251e-01 1.927416672880594817e+00 -8.521346069572919291e-01
-3.658362577366787161e+00 5.200063906685281623e-01 3.347106587376245113e-01 5.768332719158206778e-01 3.609109109352223177e-01 7.605361106851634689e-01 -1.224417393346341143e+00 -2.606171475308874941e-01
-1.943368095250476379e+00 5.769751703066718918e+00 -4.595328970694387838e-01 -1.191096542999955155e+00 -1.476083421773086435e-01 -1.170372853381200118e+00 2.033834248182957882e+00 3.201253187664465649e-01
2.458301851497052937e+00 2.702430641327886462e+00 -4.720993885928013167e-01 -1.089843186468413272e-01 -3.461245820728305889e-01 2.268770722645234716e-01 -1.281677924904071730e+00 -4.062001251273912317e-01
3.010284071553744667e+00 -2.952598230013540270e+00 6.558219025608555963e-01 -9.367606509288994854e-01 1.405597642623116705e+00 -2.270869680483603492e+00 -1.266855320041871957e+00 1.192863496713937765e+00
-5.553969372109698099e+00 -4.245922027015856415e+00 1.182400784314239006e+00 -2.680004004613137925e-01 6.478582817103577529e-01 -4.362726263704695961e-01 -1.605512753929076775e+00 -6.202203647763023797e-01
5.504818037857983626e-01 -2.305394184352747011e+00 3.493063069907853535e-01 -1.136828795318180374e+00 -6.868724776598928994e-01 -1.795855401188145573e+00 -1.393858475414418097e+00 1.089763004802001722e+00
5.880628744707298239e+00 3.408319687680776866e+00 8.087768766928411512e-01 -1.105894705886647067e+00 -4.226876028323282158e-02 -1.139044671860875546e+00 7.536726822347128429e-01 2.934465763344617506e-01
9.704830664238448534e-01 3.039033525938874547e-01 1.172382417583313075e-01 -7.045166130088447165e-01 4.853854826131149269e-01 -1.086000977614612006e+00 -1.324392688177752353e+00 -6.251716614950146855e-01
-4.636296700778124169e+00 3.432002138290190629e+00 -2.475621032508201758e-02 -1.472283139071084435e-02 -1.426638843596370922e-02 -1.775701122189394729e-02 -1.993965225422749565e+00 2.860970545950498045e-01
4.546198063425936908e-01 -4.425858966017180762e+00 -6.723341360601432504e-01 7.601416488717391839e-01 -4.054264336226258147e-01 8.279692356427762467e-01 -1.209191117273456406e+00 -6.282807751687987663e-01
5.808032551657193565e+00 -1.967997577287423638e+00 2.479751814977870783e-01 7.243580809432668133e-01 9.607507917368407480e-02 7.168764662275921573e-01 8.462837573986394801e-01 9.908120846763697198e-01
1.620833649089682638e+00 -1.697567934170447046e+00 7.331098497719916729e-01 9.223781433339237612e-01 1.591860712651033571e+00 2.489421713372348854e+00 -1.300481033746345716e+00 2.949594806380940737e-01
1.483025619012034113e+00 6.074913324954209770e+00 7.206134486004565076e-01 -2.388726952940782855e-01 3.484670434306934572e-01 -1.969835201533591817e-01 -1.924156741507644375e+00 1.386250289901413968e-01
1.258754786204354659e-01 5.820708879810688074e+00 3.869688177862329326e-02 3.982833858105987446e-01 -2.237113360831890496e-01 5.843791115997828411e-01 -1.785314808029278000e-01 3.736105664514906555e-01
1.100809481560486525e+00 4.889071562987361119e+00 -5.108334890728094546e-01 -2.084765477213644802e-01 -4.968419152752464596e-01 -6.050035943337893629e-01 -1.964264166618461926e+00 1.165547868954554422e+00
2.508524716511706387e+00 9.765254261939109170e-01 1.117762267152673461e+00 1.014994297517964883e+00 5.396025911561544985e-01 9.940645676345257753e-01 -1.719238087958968375e+00 -2.925607753708437953e-01
-4.285514602679614704e+00 -4.086935529878891415e+00 8.666952193578880692e-01 -1.136315299063304085e-01 9.414541114112127129e-01 -1.036584074977754177e+00 -2.013050017254836010e+00 -6.181762825389807148e-01
-2.646401085151378840e+00 -2.714336344717631189e+00 9.749554074894819511e-01 -4.619231058750912222e-01 1.429226963362654645e+00 -1.887853253707635570e+00 1.133560402863938554e+00 2.312153459338775197e-01
5.584148143326657987e+00 -5.026371550992227100e+00 -8.438905495742984320e-01 -4.427194889230623431e-02 -4.629143595270150402e-01 -2.181470879326254664e-01 1.380551146379703775e+00 -1.044700307439779374e+00
4.983151489326960615e+00 -3.247690017530373563e+00 -9.514116877239067183e-01 2.744311199511140220e-01 -4.560936051811921854e-01 1.065875236649976854e-01 1.972336860471094022e+00 -1.511008240493534605e-01
2.692235571036075470e+00 -9.587342379994518993e-01 -3.294699280964441535e-02 -6.140231187914895195e-01 -4.597068184494793597e-01 -1.015369419674355900e+00 -6.411592466779270083e-01 5.908511569234107252e-01
-1.536215694374425844e+00 -4.355895147290663516e+00 -1.002905765793311588e-01 7.642131892362893364e-01 5.678281559364504183e-01 1.302873064552785509e+00 1.764742315706881781e+00 -7.030642175100927371e-01
-4.241238867821405023e+00 -1.208976076566039559e+00 -2.650835823706348959e-01 6.419178314038620492e-01 3.686131285156349913e-01 1.008330133612965751e+00 -1.741538432080739884e+00 8.946988215234428221e-01
-1.585710875402454256e+00 1.965172598154518724e-01 6.413041585298324687e-01 -7.339339017276742538e-01 2.491262957628132546e-01 -6.816522476850870316e-01 1.833741652471057026e+00 -2.921890767245045872e-02
-3.101490930566219273e+00 -5.798660663333173204e+00 4.847462283988732690e-01 5.143196311049846869e-01 8.010361561361044602e-01 1.237542272612743632e+00 -3.460214524461375785e-01 -3.958436739322590547e-02
3.665924946034806453e+00 -5.903237849455639008e+00 5.265337488095365170e-01 8.701421994818276939e-01 1.359477175924106662e+00 2.215473478891934356e+00 1.434631445613589795e+00 -8.042329010516375831e-01
-1.806089561048507264e-01 -9.185468998813464125e-01 -2.813658738173484553e-01 -4.179483791908890078e-01 1.917673078364567907e-02 -4.321364255092974282e-01 3.648324842534469425e-01 7.891452944293539939e-01
1.087153601759399457e+00 1.823725109232343655e-01 1.261951980252109529e-01 -1.097368468925282725e+00 4.969639216898594225e-01 -1.404421464902890104e+00 -1.221825281923999640e+00 -7.301517793123537547e-01
6.161780939641753108e+00 -5.919356845876396100e+00 -1.188828391590759592e+00 -9.424775243627891985e-01 -2.916896231646994297e-01 -6.844586907893398520e-01 3.353320995830114670e-01 -4.489740732214709817e-01
4.572344394143545543e+00 5.413827669169162249e+00 1.092112034415079203e+00 -1.635776384407052753e-01 7.719397590941079468e-01 -6.779655493430957192e-01 1.590193938009259567e+00 1.154140176339682800e+00
-3.100229156159725274e+00 5.884660585425999457e+00 6.588022917220848207e-01 -7.275550688032470514e-01 4.325577251008782924e-04 -7.271636908895900975e-01 8.256946343527322985e-02 3.881930410832202805e-01
3.443780348567685223e+00 4.704848115947809717e+00 8.787232951793544355e-01 -1.675659416662700352e-01 4.875459774587503903e-01 -3.161700156743874612e-01 4.484064443471421635e-01 1.146784088774829513e+00
-5.599053310489603419e-01 -3.463120688875336750e+00 3.591755885660052883e-01 -1.196173030549692928e+00 -7.607561844041492716e-01 -1.935416868725525541e+00 7.145445139504342791e-01 3.165080160031108480e-02
5.735363463168368980e+00 -3.951898651306647636e+00 -1.332505071545520003e-01 1.401840637101117171e-01 1.997529923172077903e-03 1.421131749762058749e-01 1.041731778280521992e+00 -7.245717854903410693e-01
1.408636396014390613e+00 1.232408674347178490e-01 4.918753486146227871e-01 -4.376835041425292117e-01 3.202430121479152292e-01 -5.278453812847541116e-01 -1.811560741321148971e+00 -2.851301218098291623e-01
-5.549857672524922236e+00 4.764832688463487287e+00 -5.006668307114333638e-01 3.848126303477337196e-01 -1.611436722780486552e-01 2.833758961371932728e-01 -1.303209345759807958e+00 9.631432768124913446e-01
6.014495471327107268e+00 1.536000785966405324e+00 -1.141745508907052953e+00 -1.056580996895054358e+00 -7.124483425610854681e-01 -1.221703389111249427e+00 1.377637614270470490e+00 -1.846095290417004264e+00
3.137878317715392384e-01 -6.019918972364789234e+00 -8.391605835087112553e-01 1.149256754455334706e+00 -1.981896622594934598e+00 3.128624597066492541e+00 -3.041965585172813902e-01 -5.733666070704523943e-01
-5.568811310006070769e+00 -3.374952861985400787e-01 -1.012209360742874820e+00 1.092153948896543492e+00 -8.858784635889136450e-01 1.531504238734516576e+00 -1.321731764860887282e-01 -8.469913011330031383e-01
-5.790736986153278920e+00 -5.529903039157766820e+00 1.258537415799194648e-01 -1.984004590497701059e-01 2.977419141223557886e-01 -4.860713275288751634e-01 -9.828917180121944375e-01 -6.467143840805819055e-01
-2.365042698010695332e+00 3.436343718097885969e+00 1.051814728713509561e+00 -1.541152524917599465e-02 8.771369530299484296e-01 -7.926976614510413688e-01 1.723831121090211749e+00 -3.168435141406045208e-02
-4.772750772403396624e+00 5.123723455445757580e+00 1.030300011767480095e+00 -2.565062034637990429e-01 6.645831235597560172e-01 3.355036387265561970e-01 -2.097674701351359250e+00 1.017905213287896737e+00
5.397624584543155635e+00 -2.587708978638944224e+00 -4.065688781778952210e-01 -5.326794280770669188e-01 -2.402286428995633605e-01 -5.641432653319758961e-01 1.414183994096895214e+00 6.603501432334485388e-01
5.330136260685993221e+00 -3.221038815876030803e+00 1.015581650816976600e+00 -1.047914389082764020e+00 2.158710077422294205e-01 -9.093103978141579002e-01 1.780858656176830479e+00 -2.298506719500006401e-01
6.268696364395474063e+00 4.487764068984837706e+00 2.115635050447184362e-01 -3.861729876542326911e-01 6.696207792591778174e-02 -3.722051750071587728e-01 5.335224757062697470e-02 9.505023472703497678e-01
6.100865209860016236e+00 4.893946757167336514e+00 3.427281007404290314e-01 5.021610334818975563e-01 8.754899236055645184e-02 4.710022713268186556e-01 3.240875963480949196e-01 1.022099420004754178e+00
1.291362669299045862e+00 1.537928086786982895e+00 -2.299221975293974651e-02 7.196770453975462889e-01 -6.803722200391364439e-01 1.379472383662141866e+00 -2.151501043293954751e+00 -7.703824369848975007e-01
6.137086647409265794e+00 3.419009290529029244e-02 -5.648409647932792765e-01 1.196463786500050253e+00 -1.687648790669259213e+00 2.856759092165836122e+00 -5.733491215568089494e-01 8.303246346541615086e-01
-6.076724492676478739e+00 5.312516243762125612e+00 -8.646101307241080836e-01 8.077132334860743779e-01 -6.338443400321081000e-01 1.050841333699096936e+00 2.051270834432305512e-01 2.101423291194247089e-01
3.124799205350097253e+00 5.592371412346707871e+00 -4.784372191277596054e-01 -8.538237551482414922e-01 -8.244057607703919599e-01 -1.497947389768178317e+00 7.371658976200972102e-01 -1.335865309560436698e-01
-2.457122459712500984e+00 1.144361325697681231e+00 3.788691209434276175e-01 -5.987505925987713917e-01 -1.317220902765576518e-01 -7.167868662395423529e-01 1.222618372939688669e+00 -8.685392257265105442e-01
-2.611951211435991294e+00 -3.205813349229133635e+00 -9.544396418697738138e-01 9.719575669880196056e-01 -1.340313150864788749e+00 2.082789999343828580e+00 2.572527401124618418e+00 -1.626256076714596599e+00
2.475540349522692196e+00 4.803918301153593973e+00 -3.089113337220016353e-01 4.542162872919641714e-02 -1.817637867296734988e-01 -7.948035766458837192e-02 -1.225278242107030957e+00 9.853186240419085085e-01
2.387924829724047626e+00 -2.640025453519738274e+00 1.099361227184243672e+00 4.911448771838449190e-01 4.974223418218022830e-01 3.367698001155896015e-01 -1.209390517821856026e+00 3.215550647795970551e-01
-4.630923721873875465e+00 1.727401922952987334e+00 6.748628255097375295e-01 2.774333258631473953e-01 3.959808043154458002e-01 -1.174301365790709206e-01 -1.996857825912738749e+00 -9.842716405598714857e-01
-3.293735947291965616e+00 -1.695204940786532610e+00 7.565400977192944243e-01 7.140632660830557032e-01 3.883202495169966739e-01 7.248318231532457911e-01 -2.175540142527143325e-02 7.109125971631486962e-01
4.626008469691825553e+00 -2.874531180675398367e+00 4.735926019921237184e-01 7.271409080732107455e-01 1.180239451652584926e-01 6.862893890635678451e-01 1.916551237844193345e+00 3.398900302651386984e-01
3.126365448749950815e+00 -3.804349645922858514e+00 7.249644573494733457e-01 4.255513679868538901e-03 5.290601628272605383e-01 -4.177103372886188382e-01 1.028542794122800502e-01 -7.486000337947840144e-01
-2.096759858410641719e+00 -4.870381971911561081e+00 1.105950069174426842e+00 9.818226168685517674e-01 1.790373843408317400e+00 2.652347598289815700e+00 2.146889750146718789e-02 7.206672655451322740e-01
-1.278991852928393236e+00 -5.271190305235533557e+00 3.051857075084598581e-01 -5.128090875037223384e-01 -2.110268935536154314e-02 -5.267268999007840291e-01 1.923807835127698596e+00 -8.562464122172832592e-01
3.006674813237211197e+00 -5.785361968363852192e+00 2.761392495242307454e-01 4.427965116577623483e-01 4.691508086893412255e-01 8.211241916084135450e-01 -4.968270805307385407e-01 -2.497049208581221258e-01
9.744334335453537221e-01 5.492974750876927104e+00 1.065677919427438392e+00 1.049095249276271291e+00 6.458693192465463362e-01 1.173512872740704704e+00 -2.398507681658745838e+00 1.454241504707036059e+00
-4.623568536509789162e+00 4.742533054172389129e+00 -3.381669894472889570e-01 8.267291818049626873e-01 4.854699059191751598e-01 1.311363611319690481e+00 -1.954782550323936885e+00 9.622121382937063316e-01
-2.869495951024373603e+00 -5.897887210493838239e+00 1.150248576085964425e+00 1.160533003610928704e+00 2.274333367146934126e+00 3.420309639831331516e+00 -3.412023872938034774e-01 5.028701713398431306e-01
-5.102694033286812925e+00 6.025913113594993931e+00 -1.833896718856693475e-01 3.107069448219652585e-01 -1.132977026317679714e-01 3.257348438175507455e-01 -1.813007155338241194e+00 2.178645507691963079e-01
1.090564261118298184e+00 6.220425433684457772e-01 1.766633927203571375e-01 -7.891870844276195340e-01 7.316183202724708678e-01 -1.441963878836802770e+00 -1.297386256606218646e+00 -1.059085544383675526e+00
4.925054131549998715e+00 -5.547613780484860868e+00 -1.547243027257596548e-01 -1.649811675794443655e-01 -1.354484290442382055e-01 -2.326241461130879318e-01 1.982241857738028079e+00 -6.983091504159713026e-01
6.150104643647146929e+00 -2.132927334906560723e+00 8.055504902003416401e-01 6.741244431072566101e-01 5.944325162469877855e-01 9.214127748076955671e-01 -2.326968682508358532e-01 1.344194476667505134e+00
-2.742860385052858341e+00 3.495607362815482233e+00 -4.312169123740040577e-01 1.123690538617220680e+00 -1.550685361288897335e+00 2.672825736417971498e+00 9.617803727834193239e-01 1.613867128357887593e-01
-3.278106794120816403e-02 -5.780620936588528380e+00 -2.490654128118143795e-01 5.854507695161796921e-01 -5.971930986526146068e-01 1.099092050360106487e+00 -2.692890976843287931e-01 -1.468349146647643377e-01
9.339986230482804075e-01 4.549812765063212083e+00 6.024775188838049633e-01 -5.245110544934549202e-01 1.124072618256614503e-01 -4.245081031415275374e-01 -1.586217938670261507e+00 9.650234310046550412e-01
-6.135981783903048381e+00 -4.894888986053627988e+00 7.587618054392839539e-01 8.392557034108520941e-01 2.569902637396178635e-01 7.560518828706171979e-01 -1.095121853805592627e-01 -1.167225811300372618e+00
2.418675984934848699e+00 6.257578202156778957e+00 -1.041421766755987299e+00 -9.306616420121075484e-01 -1.242483214461139074e+00 -1.883115284542299595e+00 -2.825630527840694128e+00 1.528085569641602914e+00
6.182795631177965490e+00 -5.155999433111047026e-01 -6.195645056730780809e-02 -3.381443816320797158e-01 2.128258650033899579e-01 -5.328867569355738576e-01 2.461907088917793807e-01 4.473084543749665798e-01
6.161857018512719719e+00 -5.029904129765339960e+00 -9.504286138957909191e-01 1.195677486827062763e+00 -6.032118943870954375e-01 1.313262042949285391e+00 -5.349173145187990919e-01 -1.730351476482391848e-01
4.373200386510093907e+00 -1.951329561091084130e+00 -8.746837605395846316e-01 -8.542595013819784810e-01 -2.111820345351563336e-02 -8.331593448673173530e-01 1.885322652616194361e+00 9.291939606717741773e-01
-2.794809861982344046e+00 4.694253537259994502e+00 4.844171590665991012e-01 1.097972504274838501e+00 4.943845392045227716e-02 1.080329259140606402e+00 7.296406903143539679e-01 9.499426276942017910e-01
-5.375459387578551684e-01 8.525779992687194664e-01 9.891622872278131862e-01 4.406436008485368205e-01 4.624574010608044627e-01 3.575441410080201776e-01 1.186716716905523494e+00 -9.156369077669344048e-01
4.703441305103980952e+00 -3.184859423970350711e+00 7.090956642631549567e-01 2.585804337260424468e-01 3.591955316900103390e-01 2.709052796372209415e-01 1.902669272735245443e+00 5.399739459104823530e-02
-6.041996463949609542e+00 1.127137131540569825e+00 -1.141015141663281440e+00 2.308426722701848455e-01 -8.044609089929323220e-01 7.397087018518248014e-01 -9.386026726879237447e-01 -4.422987946711695595e-01
-1.198981470141822214e-01 -5.451926650277421516e+00 1.624625972084257075e-01 -4.279257156873066403e-01 2.471686253194161353e-01 -5.714668527910868878e-01 1.242333404692833460e-01 -6.237913915782988816e-01
3.583337174246505441e+00 -7.592809743003492429e-02 -4.049546872974568723e-01 -4.953196324718156518e-01 -6.710450220447095049e-01 -1.078439811622979416e+00 1.213154768524234317e+00 -2.822652570972459807e-01
3.002680837731563912e-02 2.814130609465559374e+00 1.159859676120372773e+00 1.854816349031569445e-01 1.188132700028106781e+00 1.298498785010209877e+00 4.798126388276609533e-01 -8.614982054722900573e-01
-3.157261114220915932e+00 1.143877772215126321e+00 -8.927499109180399017e-01 -7.552489930095196424e-01 -6.492053849634655815e-01 -1.014772418496153072e+00 -6.352021612503644388e-01 -3.063794746382907386e-01
1.452164312824649528e+00 -1.258997779702276887e+00 -5.669575525188909060e-01 4.039929691432986303e-02 -4.516137974367784302e-01 -3.700210795799423469e-01 -2.055670209006004612e+00 1.021510633641234733e+00
1.481282197430240366e+00 5.980133059942223994e+00 2.907367811049197392e-01 2.550285749436993488e-01 1.763510193513284641e-01 2.924007024707274138e-01 -2.042386544338951726e+00 3.488287234675348514e-01
-9.546388774905301133e-01 -5.536954158436670603e+00 -1.055812885648180766e+00 8.230106691059646540e-01 -4.785568412018819662e-01 7.609383917066684377e-01 1.271134161975191024e+00 -3.178002615419976973e-01
2.356047166936692250e+00 -4.808141027809861079e+00 6.909978022893028538e-01 -8.026905292889868759e-01 7.534763557578926241e-01 -1.282186199728286180e+00 -6.691964336305931127e-01 -1.740644734100806890e+00
-1.268885230144509713e+00 2.912183321872506170e+00 1.347196306811373478e-01 -1.007496885868730541e-01 4.799711354387198314e-02 -7.643088666912366269e-02 1.912702677791711325e+00 -2.305650933140422076e-01
1.758299410741319235e+00 2.453835264066388078e+00 1.126094092122444712e+00 4.527559607609124015e-01 5.518908269905882236e-01 2.906361176232103230e-02 -1.954667131993405915e+00 -6.450843230945755291e-01
-3.425408808940193506e+00 -5.458770231713841348e+00 1.159197923799677676e+00 -1.761746169626903225e-01 6.000342498934416735e-01 9.158772963103005427e-02 -6.092228436891307108e-01 -6.849702367618065724e-01
-3.812858494062035142e+00 -4.266689422474984283e+00 9.918824181251537642e-01 1.006010401737119198e+00 7.356641576097311397e-02 9.398908069473800309e-01 -1.274269090501909396e+00 -8.719955887239445591e-01
-5.188286235760451781e+00 5.304409069135450849e+00 6.194148738413507438e-02 1.196051705038246871e+00 3.611302891558450523e-01 1.370098481565780624e+00 -2.211293164209861217e+00 1.263344221341554885e+00
4.551432841298000298e+00 3.392507716134346651e+00 -1.110888950660525287e+00 8.683751807414299417e-01 -7.927864527148680285e-01 1.185747216943400906e+00 2.835580565188612567e+00 -6.131410906288023988e-01
-2.164929283326219256e+00 3.508272226777613412e+00 2.883021133637795330e-01 2.808845055386999245e-01 4.372439648250192601e-02 2.450454847795843771e-01 1.651130519305475941e+00 3.646555460806802929e-01
5.689411874007202385e+00 2.782278246075124528e+00 -4.069426257531746360e-01 1.105253755486393930e+00 6.338613594437692011e-01 1.721772770252564477e+00 8.654425793208444517e-01 -9.808997873937641554e-02
-3.023185217888416432e+00 -1.589507474754110028e+00 4.991576511628479373e-01 -3.621903792295789737e-01 2.769195813609472423e-01 -4.000423270492203809e-01 1.265221159509998528e-01 1.109564724742801767e+00
2.834902389180857796e+00 -1.548638857503386035e-01 1.157867719201703727e+00 4.649360128133470660e-01 1.581283986190364255e+00 2.028029696092231049e+00 -1.088832209311049404e+00 6.392678266657427777e-01
-4.481754768810761291e+00 2.160877158512571228e+00 -5.624818859005265015e-01 -1.098109227058746029e+00 4.141990834478511685e-01 -1.485837518845213090e+00 -2.163525482387478771e+00 -6.144134488108190517e-01
-2.729328203123218444e+00 -5.515649773815462176e+00 -4.897203993865733018e-01 -2.806407370469530260e-01 -6.715776591351247937e-01 -9.102798680237027540e-01 5.887245780526060290e-01 -4.817182797502745917e-01
-5.526369710261607615e+00 -5.141081514902993810e+00 1.117239933929935924e+00 6.474936496268033359e-01 4.532013570210603470e-01 2.275164116736157760e-01 -1.334467849900934810e+00 -9.482617389012156783e-01
-2.600983814529645333e+00 1.211813638662076364e+00 4.260200543856247357e-01 -2.936505720550397491e-02 2.906158122650656095e-01 1.982083194312877494e-01 9.934915071726034830e-01 -9.004300135019088769e-01
5.640187118911104136e-01 2.645577933458056918e+00 -7.551633912494811751e-01 -4.537670871741852352e-01 -5.547791769300236542e-01 -7.249669583038170773e-01 -7.183085889847009575e-01 -8.267892867598167772e-01
-3.295633410932572449e+00 3.836058744376126484e+00 9.608818838501413939e-01 -4.730284591923958892e-01 8.148757819615172204e-01 -1.011746249304640966e+00 -9.254426889333988715e-01 1.258553395053829238e+00
-1.712660963080293364e+00 -4.606059000673675463e+00 -7.538457531468059081e-01 2.081211989357620862e-01 -5.206808814734958935e-01 -2.966047194481912230e-01 1.941970188472639025e+00 -9.564143247349761179e-01
-5.760123085336008586e-01 -1.981184125507321703e+00 1.066086522993461072e+00 1.066569891526934599e+00 4.512543647125500934e-01 9.921723394235817395e-01 6.477727827631724056e-01 1.358561457741735756e+00
5.666837640035044643e+00 -2.188528731758356827e-01 5.109415264773753407e-01 -7.843362330513896641e-01 1.073289350840318068e+00 -1.773945158455220383e+00 4.190775115793345940e-01 9.541499635275895175e-01
-4.279924078190791903e+00 -1.046882257916265324e+00 4.167678470031248583e-01 -1.177804813863121414e+00 -7.498618416126473507e-01 -1.924533311478886954e+00 -1.947660426578675663e+00 9.976572533993228742e-01
-3.161529639349800913e+00 1.034460274407239311e+00 1.342504531406560897e-01 6.698663856464530664e-01 2.647738949542698395e-01 8.005990163231295753e-01 -2.242077448714127341e-01 -6.752502724950374402e-01
-2.958681437364198086e+00 1.261566058173556826e+00 7.769224128556064812e-01 -1.035367596590677453e+00 1.619246427932413968e-01 -9.588558857229311227e-01 5.006223059095995520e-01 -1.089404421957417268e+00
2.384698349810966178e+00 -5.413810376707665739e+00 -1.061017735448975374e+00 -1.133632424387178039e+00 -4.998503402617661129e-01 -1.105918491577710716e+00 -1.925277423609472738e+00 -2.119823143577103663e-01
1.664267412590003659e-02 2.764133265692150232e-01 -2.471380025215822451e-01 -6.232984319276000384e-01 3.332607150539938501e-01 -9.453778879085118492e-01 -1.142090879136326842e-01 -1.919816102041692896e-01
2.042092672407246567e+00 2.585028651869539118e+00 2.581088634979062935e-01 -8.110248359280828323e-01 7.518215039886080309e-01 -1.454731020017322907e+00 -2.347022161955995667e+00 3.678937689152139701e-02
-1.300547216975324716e+00 2.491263845997202964e+00 7.002274108328900848e-01 -8.325674475942652641e-01 2.747536629335149347e-02 -8.106983858002536625e-01 1.940892778916288197e+00 -6.189320682446793898e-01
3.151204191522490206e+00 4.196937115346674574e+00 -6.534216159665123813e-01 -5.565377642099061939e-01 -2.141251109122467577e-01 -4.492037264258675888e-01 1.024515967239649911e-01 7.868412573444790725e-01
-2.261731186993179321e+00 3.258239382071339563e+00 -5.325203693643318914e-01 4.881768735875362530e-01 -5.990467355434953012e-01 9.210585682094331039e-01 1.922702242789185778e+00 -2.650186496562935701e-01
2.135234297973402917e+00 -5.894350956355580706e-01 -1.077472644739383201e+00 1.126801484269526199e-01 -8.371634812305120965e-01 -6.527712304303653346e-01 -1.911073881392375551e+00 7.771866412722081563e-01
4.984718480422010600e+00 5.368501902280820914e+00 -3.416663163642749135e-01 7.346979634570658391e-01 -8.971403861298126170e-01 1.566575552580218300e+00 1.400053760114513990e+00 1.318609592438353406e+00
-9.985305109125190981e-01 3.806270363672524581e+00 -5.806578899078226330e-01 -5.165287079257097069e-01 -2.676357520143202717e-01 -4.918311688400196502e-01 1.550282276009195215e+00 7.478754257623739798e-01
4.030878519633606771e+00 4.609200771694707655e+00 9.567304041798390113e-01 -1.058859069757290827e+00 1.419316629884450620e+00 -2.247367732593106293e+00 -1.903234515881884192e-01 2.738248400528533910e+00
2.704149330104941740e+00 2.268411871299500504e+00 8.360286474960145764e-01 9.755859005710101339e-01 -4.107925390047621750e-02 1.012826668849215128e+00 -8.296887455273467271e-01 -7.839372107241184828e-01
-5.157200370766156894e+00 5.433622488380169813e+00 6.651534137487802312e-02 -5.612585143841752888e-02 2.407329563024044813e-02 -4.664602148013981958e-02 -1.804351484077487910e+00 7.499596095323561862e-01
-4.840646102311323418e-01 -3.647389703463697508e+00 3.650990276211336649e-01 1.007371153851057022e+00 1.371584604707772659e+00 2.378631872334181274e+00 1.001657670963687297e+00 -5.554012358041270359e-01
7.209174934741726659e-01 -4.283294711882743577e+00 7.756878782054599242e-02 -1.328991357541919882e-01 6.040159663872809309e-02 -1.502766052241017725e-01 -1.328841524384627659e+00 -9.006497678040760180e-01
2.853122351094478759e+00 -4.829735358870651751e+00 1.078271760103541199e+00 -7.649576108451782153e-01 6.131585743753303896e-01 -8.693723626229286072e-01 -4.369493908977899188e-02 -1.518400007449964395e+00
4.923164724527239855e+00 4.765604582100332109e+00 -1.036576561818944198e+00 -7.344220857595263885e-01 -3.037726999385919058e-01 -4.344122005483887494e-01 1.935031698008024881e+00 1.019290503809716864e+00
4.553029139996001007e+00 1.113870528555394479e+00 -9.477727338024019010e-01 -2.163421202223869688e-01 -1.063210765972206762e+00 -1.232827927662522915e+00 2.358963918674520155e+00 -1.281718825606873668e+00
-1.664266624450794652e+00 -4.159149410517969159e+00 -1.156568740316459509e+00 -6.684235708729013847e-01 -1.239849389535850444e+00 -1.657910953809632160e+00 7.526634538021679255e-01 3.877794389380808671e-01
2.921436559249857012e-01 -1.530016255998251751e+00 -7.132895011512114802e-01 1.567603829429708995e-02 -3.660168903329434342e-01 -7.536148471942533122e-02 -6.027281627231344530e-01 1.025885347502313527e+00
-8.745887389969846382e-01 1.259312041265743254e+00 -9.989007530157970605e-01 -5.897084873343744205e-01 -7.659840319713628887e-01 -9.986014093058773744e-01 2.181371369071333000e+00 -1.598691455312813758e+00
6.212823554744568710e+00 -6.130238038225066077e+00 -6.676223267760093005e-01 -1.139443614509241254e+00 4.227936003536992837e-01 -1.551739241863447250e+00 -4.683312742752410163e-03 -7.060922261174495951e-03
-4.806236446167198473e+00 2.608959148679783624e-01 1.150287167974025637e+00 -4.302050014921295906e-01 6.915795531179467215e-01 -6.704249763873000312e-01 -1.556415910070778619e+00 -6.927294570626171266e-01
5.561669541641375503e+00 7.435996765433232625e-01 -1.126976363191185770e+00 -7.927725226222323007e-01 -5.245942249521888812e-01 -7.374360788962650570e-01 1.705743385016648572e+00 -1.061638219721277698e+00
3.246881922944169219e+00 6.124205099838780697e+00 -1.049546731143262690e+00 -2.777443794184357717e-01 -1.233490683046236880e+00 -1.468412674655625416e+00 6.833018445894798454e-01 -3.148008064579748133e-01
4.246740954865298789e+00 -4.269669883689070744e+00 6.117626499301638265e-01 1.177564062255358701e+00 8.238129480108115077e-01 1.684237112213841314e+00 6.930199968463093274e-01 1.904514307989570998e-01
8.821186330021602018e-01 6.039148058502934902e+00 4.596194587956845545e-01 2.115784091788122101e-01 2.030939478862847924e-01 1.242209362378424858e-01 -1.566949509887763936e+00 2.643976462962023266e-01
-6.077995290878554613e+00 5.024873688895091561e+00 -8.779832686121096241e-01 -8.447071697333710105e-01 -3.960330965202079612e-01 -8.022964031527033413e-01 -7.234151583126322560e-01 1.267481419891592243e+00
-3.117201475931274945e+00 4.107464043513452623e+00 1.044385228986781433e+00 1.062670582946864561e+00 2.533358002620424432e-01 9.135591520404480192e-01 2.358783779736127739e-01 6.354439288526652074e-01
3.861883932157434529e+00 2.686273693511212812e+00 5.286380460114192825e-01 9.591640879864054003e-01 8.606757452298147149e-02 9.260297982360312652e-01 1.245649089148120003e+00 -3.661906322184799167e-01
3.334175472687237018e+00 4.783742378988225852e+00 7.045616833160446291e-01 6.936909395084764896e-01 3.126218872777003499e-01 6.558847319158044309e-01 5.863282487298234757e-01 7.939163804287295845e-01
5.767746988523743568e+00 -2.080064310768042546e+00 4.451211501914806856e-01 -9.178897421854474992e-01 2.253966912948988099e-01 -9.192805063819692313e-01 1.193031374596835725e+00 6.659027872495613121e-01
4.262376218661410476e+00 5.299478089440610162e+00 -3.373124375480346382e-01 2.521032403451335391e-01 -2.673788314980761194e-01 3.881235275058803613e-01 1.711538853059478837e+00 9.219009123594104071e-01
-5.031387175295562564e+00 4.567506885208327816e+00 6.012879682377989532e-01 3.465531382813633599e-01 9.151368036824282237e-01 1.247853117821838831e+00 -2.096930002779060498e+00 1.187352785971319991e+00
-4.663875683953913942e+00 -1.018852212082927977e-01 -1.127537344155091992e+00 5.013189582260193511e-01 -5.321855165863929038e-01 4.215804509925011878e-01 -1.775820600405412231e+00 -1.201172801400897383e-01
5.073291873980030786e+00 6.181276177776195979e+00 7.219166377623142949e-01 8.160400745646672060e-01 1.985832057820217933e-01 7.273794113845941656e-01 2.000406519727062182e+00 -2.751694227541370830e-02
5.546515818257043762e+00 -9.467126272780337359e-01 8.810748998247908137e-01 1.094308201699803140e+00 -1.813007983209705964e-01 1.271624356788204624e+00 1.391718826984744473e+00 7.634294744343953498e-01
2.568747133483688216e+00 4.613958598737314176e+00 9.318360973057042695e-01 -8.283823118362161342e-01 3.089435925402897465e-01 -6.872512387274274381e-01 -1.272924064074106409e+00 1.184032690037279512e+00
4.384954039554269656e+00 -4.806314521761644087e+00 1.050874498665693713e+00 -1.168041328208478502e+00 -8.112302979964759742e-02 -1.246962706291527390e+00 1.870333717410677110e+00 -9.721851158140080162e-01
-5.495111109733698207e+00 -3.625965975194144875e+00 -5.769594396057131647e-01 -9.781243674072652716e-01 -4.517519745856405367e-01 -1.110913409090630521e+00 -9.383061288494298768e-01 -9.453407102120974237e-01
-4.577247169025460138e-01 9.595111647089904494e-02 6.196649192491772151e-01 6.226806034983425331e-01 7.051744043763903680e-02 5.626986480807955049e-01 9.046808445045209091e-01 -1.166684249107828031e-01
-3.939406184097942187e-01 -5.322024220450130905e+00 6.215629314056205779e-01 -9.444112469494551076e-01 4.214995927397874875e-01 -1.034623121203196217e+00 3.416722791769367662e-01 -3.938688666080623624e-01
-2.859642309728873233e+00 5.518658742930790950e+00 4.012051696891765218e-01 5.308754710341672123e-01 3.812641126431199901e-01 7.217454229453718062e-01 7.946688916611165387e-01 4.539855217908029816e-01
-2.637962588046639301e+00 5.476827445631281321e+00 -5.550983309835616497e-01 -1.993585148908763038e-01 -3.136813819237599388e-01 -2.802449284063855406e-01 1.050150852544457614e+00 6.368363848210693012e-01
3.847747146242145533e+00 -3.691886096803633777e-01 7.168541973213664598e-01 4.143051342179084884e-01 5.151324827831871289e-01 6.592147898580651422e-01 1.596574574914417122e+00 6.210960154262709643e-02
5.893272248535437186e+00 -3.517278618955402170e+00 -1.371047409066901146e-01 5.566326664356862075e-01 4.193867100056912212e-01 9.759769330869058068e-01 7.543928816066118870e-01 -3.610876187918277691e-01
3.486006233417196398e+00 -1.134413956808526081e+00 4.528402235488333538e-01 2.596118056242706640e-01 2.393507761075178153e-01 2.815935883874172152e-01 7.424043099810947455e-01 8.391718279210979015e-01
-2.534859051503016936e+00 -4.425766695783667437e+00 7.843326488857815804e-01 -8.002990254508299817e-01 2.801188777285780196e-01 -7.121533948846842099e-01 1.329727942507959781e+00 -1.148557990688279684e+00
-4.026218931263350953e+00 -3.774986212101924199e+00 6.177757339721421381e-01 -1.006923562710238640e+00 1.500364546295916091e+00 -2.460186723710337198e+00 -2.464976341328050768e+00 3.257363750546574677e-01
4.386144742321672396e+00 5.259609824982728554e+00 -8.824663803526491268e-01 -1.233584111574788089e-01 -5.059477069160492890e-01 2.015481621057634010e-01 1.816337231144418141e+00 9.321420194186720298e-01
-5.234868065862729125e+00 -1.548914920824597807e+00 1.172311883188015269e-01 3.877863557516012527e-01 3.540212452816172695e-01 6.906368918509299126e-01 -1.859788969978215967e+00 1.126380169852267521e+00
5.991156528704953743e+00 2.468828687765778795e+00 -1.159054832978166028e+00 3.621936092580138045e-01 -7.229640112695796539e-01 -3.090001699561773507e-01 6.588060492706209192e-01 -7.061647181572120457e-01
-1.817488652483272737e+00 -4.079394886243871809e+00 -1.081200613773437347e+00 -2.840310080509628188e-01 -7.920034155726467517e-01 -7.888482837400566661e-01 1.458040813068173458e+00 -3.248498440304903312e-01
-9.464303123153072761e-01 2.759828297830253518e+00 9.992167916077778766e-01 6.897962807867541457e-02 8.220730831360945068e-01 7.634401736029187147e-01 1.286815980616507815e+00 -3.670656724704196572e-02
1.469435942146512630e+00 -2.086458983649950305e+00 -1.952715274319363203e-01 -4.105109761944404356e-01 -4.914189631548496195e-01 -8.603546245232553957e-01 -1.819538345956713599e+00 6.997696300612565867e-01
