4.894853485276140503e+00 4.224634449510300982e+00 -5.621154606800615738e-02 -1.007130029683664496e+00 5.289668784632093335e-01 -1.421673770519536362e+00 2.433920920361758000e+00 4.162654611429205120e-01
6.205927404166454053e+00 -6.823263149527658555e-01 -7.810470866790393263e-01 2.707866943223691258e-01 -7.583815545582444084e-01 8.945276035776830170e-01 5.402446562030254196e-01 2.447176837870719268e-01
1.580706419615429681e+00 6.139581370189647558e+00 8.172323408684565305e-01 -9.499687379314603053e-01 3.399599415611119224e-01 -8.979848602783893075e-01 -1.698213037470874598e+00 -1.585778766346158108e-01
3.737300686424465113e+00 -2.013897258064958784e+00 4.879059689289590995e-01 1.071495990688801081e+00 -3.463852402302957656e-01 1.370011029447911532e+00 8.814750405182198989e-01 1.144141406440445152e+00
1.938261314849956563e+00 2.266866241154710693e+00 -5.835516305156245309e-01 -2.243890773542508432e-01 -3.361579527551942226e-01 9.378223542377157884e-02 -1.876656144533942472e+00 -7.571940569382257236e-01
5.739659534715469746e+00 4.169315467291021093e+00 -1.044838404132514276e+00 3.694173844717085764e-01 -5.225027917362512486e-01 3.696536912473009084e-01 1.227458816722214463e+00 6.629793630879898814e-01
4.541496350178197972e+00 5.186528325870284561e+00 2.847243384171895819e-01 -2.710451222561589546e-01 3.682131199944828071e-01 -5.652770620467998386e-01 1.845726491351110443e+00 1.014826225267581927e+00
-4.599867081941097169e+00 -4.622795553404133173e-01 -4.867900946451659827e-01 -8.089491807319402206e-01 -5.436379109995713721e-01 -1.104507804331917198e+00 -2.491311961309099043e+00 9.499493387833395364e-01
1.448331685151981851e+00 4.061625537503624983e+00 1.144255844986598047e+00 -4.747190203604367831e-02 8.797324077968788902e-01 7.123229218863169621e-01 -1.669147142615108770e+00 4.797475378082179942e-01
-3.188671443094269975e+00 5.035319030503456972e+00 -1.120471383890850881e-01 -1.626643197203294644e-01 -9.141227183937442047e-02 -1.957211612542835155e-01 -7.744229489657961096e-02 9.316291429687971748e-01
6.632525400228344026e-01 6.162469339296235304e+00 -3.437399485199262861e-01 -9.998646715345370639e-01 2.430858192672663565e-01 -1.171997867099033419e+00 -1.030202446901353097e+00 -8.074072887542865784e-02
-3.794703228406454354e+00 1.191304784358475644e-01 -1.153473403848365830e+00 2.883256576784276604e-01 -6.368734092404919611e-01 -1.678978396805391182e-01 -1.289928864885834026e+00 -4.423953307294120618e-02
-1.995414503136898610e+00 1.808220316134365291e+00 4.168640985092033624e-01 1.524752238376168023e-01 3.898181724247472002e-01 4.599398239868068283e-01 1.712175678399610268e+00 -8.617305535196142507e-01
-1.653693783070305123e+00 6.113270644816793720e+00 -9.410889913577471511e-01 8.261340598886051101e-01 -5.083628980151061461e-01 8.703145738927683395e-01 1.552370310565542866e+00 6.098598766038479946e-01
-3.624171652869593530e+00 -1.098762315193653194e-01 6.599914917863294317e-01 -7.782192166702261993e-02 5.187318180905039489e-01 4.052971825107545278e-01 -1.004686117717678906e+00 1.862110041341104583e-01
4.355020065664753304e+00 7.860057900585992741e-02 6.906392294731629189e-01 9.351862848299756781e-01 5.959133681156957296e-01 1.186834188270497359e+00 2.514735804160090460e+00 -7.196145816263623818e-01
5.837721041702430114e+00 -5.007847519053552077e+00 1.916468565371474142e-01 -9.952130835185324376e-01 2.170155352138337587e-02 -9.919699210034751413e-01 8.404682280664362848e-01 -9.353831846084629253e-01
1.921485412023008266e+00 2.658425817077908704e+00 -2.621711389357233024e-01 3.611006952070150433e-01 -3.648179785790018892e-01 6.312586768591362807e-01 -2.033036158451737130e+00 -3.098220728001779278e-01
8.830917643587490318e-01 5.043137264983029056e+00 8.892254418355614032e-01 -5.631219550180710520e-02 4.984494916091036232e-01 2.052161109683225959e-01 -1.632489310792969883e+00 1.032878686651685474e+00
5.534198833275693730e+00 2.382577495021402925e+00 -5.639130419348393763e-01 -3.842518702548124443e-01 -9.480502428807696669e-01 -1.332254438687945575e+00 1.374460107687995647e+00 -7.008737217109639595e-01
1.050695637134779759e-04 -5.186698908315783285e+00 -5.308216401660061923e-01 4.349737297935387659e-01 -4.072564747243421213e-01 6.210158712036544237e-01 -2.251912199126981096e-01 -6.646270255605493116e-01
7.648940578772123189e-02 -3.534331887384090987e+00 6.263057249509826896e-01 -6.343858915266854526e-01 5.021732421069623198e-02 -5.895961882163514023e-01 -1.662183501411685638e-01 -3.693318624375071524e-01
4.082694195920627322e+00 4.935796422848421017e+00 -7.629947079235204210e-01 -4.437009787653847237e-01 -3.006034133410080411e-01 -2.460093449212777394e-01 1.672123839265566847e+00 9.194389148279534796e-01
-3.097003812602627359e+00 2.772736042690670644e+00 -4.229679578088444414e-01 -6.680301652573690241e-01 1.625388481596866663e-01 -8.168738139531858122e-01 1.424922179019295632e-01 -4.138932658723150082e-01
-3.006880912801920491e+00 4.625558506185436514e-01 1.102826143366759881e+00 1.089119543997973283e+00 1.933465045718228525e+00 2.919605816100889761e+00 -1.549081745061560156e+00 1.371454252240747351e+00
-4.171367510939951728e+00 1.436829023902459923e+00 5.984128637387562399e-01 -2.661697480142477534e-01 5.798084100109081040e-01 -7.188342720211586823e-01 -1.453921222192110951e+00 -1.251484691198167409e+00
-4.217034134291601788e+00 -8.703725236890873518e-01 1.149374820917414608e+00 -7.517923891904316758e-01 3.968774310229278290e-01 -3.632307528839762711e-01 -1.730244597567493603e+00 7.352135120907179466e-01
1.039048953462823555e+00 3.970716113919777968e+00 3.282534253868454321e-01 3.619231614592701707e-01 6.538380675964896582e-01 1.001407158230012584e+00 -1.587401696794979333e+00 6.008964325693734176e-01
-7.948573351778227547e-01 5.516245684144562844e+00 -7.070255694376060829e-01 1.166159603116568855e+00 -1.871272661939951121e+00 3.036703078724481752e+00 1.268905606146520704e+00 8.525566820058482209e-01
6.037953577368295299e+00 -1.750416338989044363e+00 -1.054686786655069319e+00 -4.718886109964617326e-01 -5.129763587403058933e-01 -4.382554943142161763e-01 2.612312769197913664e-01 1.208242629919171085e+00
1.979359039676159782e+00 -1.500848402493511813e+00 -1.104111549177734686e+00 6.932161833079280022e-01 -4.055131601372817252e-01 3.107297996388867500e-01 -1.877242039423812292e+00 1.039411097885974522e+00
-3.157498048455712247e+00 -4.653702169424380308e+00 1.042123753063050495e+00 -5.457878437339340749e-01 5.429063303045985611e-01 -5.862468811043575201e-01 2.855826582960151461e-01 -1.315670530095087054e+00
-5.962102702350406958e+00 6.181714847863403861e+00 -1.139950031942377207e+00 8.877557176713410936e-01 -1.668949185181732853e+00 2.409912355492318525e+00 1.018203845012293884e+00 -1.548095469524298551e+00
2.877708946674097490e+00 4.924956399351973602e+00 -3.099488941970256484e-01 -8.732408664366608786e-01 -3.969703797734949746e-01 -1.055302772790925880e+00 -1.493959586335494583e-01 6.052248884228866865e-01
-1.421252206063478241e+00 5.537609442771445956e+00 1.140256635399879537e+00 1.138591005840279946e+00 1.810235673029572390e-01 9.973411893863372013e-01 2.090593880597563015e+00 5.654793302483333006e-01
4.462318040821566356e+00 5.604314083810001179e+00 2.529685000792820659e-01 1.057068060798644238e+00 -1.020943049405471093e-01 1.099516831086160273e+00 1.835698258225389790e+00 7.300063965697790591e-01
-2.217606085637717328e+00 4.452952304941382167e+00 5.429111392380132628e-01 -7.517553438714855707e-01 1.084242685125303973e+00 -1.755660623476828608e+00 8.769360765709920402e-01 1.685619437469816795e+00
-2.169028658491585659e+00 6.394129104200487745e-01 -8.007556419653010238e-01 -7.386034576333426749e-01 -1.353951554692629289e+00 -2.018110100171069732e+00 2.546228681819221240e+00 -1.490288267127809041e+00
5.823797009898498800e+00 -4.994505682600784979e-01 -8.088369349561352895e-01 -2.137774658773213821e-01 -5.942777040490369034e-01 3.800233983879569011e-01 8.958450329066330875e-01 4.698980740293396963e-01
-3.366301333275742103e+00 2.197199755768183493e+00 5.598040854159336277e-02 -1.366709175588824987e-01 1.106738227570800981e-01 -2.198991721185074577e-01 -4.296030304395302424e-01 -8.261828989148610747e-01
-3.508054220814884605e+00 -3.558676910154530137e+00 -9.438992931369498685e-01 -8.788545174557670370e-01 -6.600164130181071509e-02 -8.129374278685781441e-01 -7.193434056173623192e-01 -4.023813796535944398e-01
-2.368391367501458067e+00 -1.369709738699411261e+00 -2.401671583674842569e-01 -6.295264956000079515e-01 5.897655429422327122e-02 -6.614570630514371441e-01 1.364061457701574165e+00 1.012648480015591046e+00
3.347483067170893278e-01 1.813004504977943299e+00 -7.169233488788554487e-01 6.201924948030865803e-01 -3.887770144373640102e-01 6.561186417702050688e-01 -9.110553137316096395e-01 -7.168183191104883223e-01
2.231596917795670265e+00 3.923900533333428697e+00 -7.701071695352530444e-01 1.046196952827985305e+00 -3.240298356473369501e-01 1.006921776008562475e+00 -1.902869356027698355e+00 1.028785358695513352e+00
5.569047546469525045e+00 -3.074120009614552451e+00 -5.823391374633652973e-01 -4.560528414377357231e-01 -6.055533433819155764e-01 -8.858625251056738703e-01 9.320534374657520882e-01 4.453002266567312462e-01
-2.932665525009251262e+00 -5.461355543383472622e-01 1.963854956204145186e-01 -1.180971882112771487e+00 -4.515476676260808397e-01 -1.509801801555562983e+00 8.820459026448268514e-01 5.216385422499747460e-02
-1.046107122875809203e+00 4.974446198103290584e+00 1.039433542185054238e+00 -4.039378433801257273e-01 1.339249330279761674e+00 -1.697264313041408235e+00 2.321098447989450086e+00 3.757199646319350217e-01
-3.194231120413292047e+00 -4.855219295091984577e+00 -6.594709899556614463e-01 1.210585970440913872e-01 -3.256043828047091027e-01 9.173153435088257646e-02 -7.548153382704779479e-02 -1.019563869183782945e+00
1.503458973823819100e+00 -2.688420657950810977e+00 -1.191123055965799260e-01 -1.055873510457556064e+00 -3.675656360699258718e-01 -1.238672022955170426e+00 -1.600470441129565602e+00 4.282260254626957252e-02
-5.070142045244880435e+00 -3.228914383188774551e-01 -7.419349145110383237e-01 5.228254194457893078e-01 -3.803098916589000567e-01 5.360809554962761014e-01 -1.669618982159139176e+00 1.135568840053880757e-01
1.706277040720811655e-01 -5.479878858279853659e+00 -4.159353006184357548e-01 8.428586431200051354e-01 -8.118107777526792912e-01 1.497540556949493951e+00 -1.058465602463753097e+00 -7.921306252516302493e-04
1.279471682468305893e+00 -2.232016178483675617e+00 1.047074065331721426e+00 5.809679224471258063e-01 1.405107710675710164e+00 1.891041503482709052e+00 -9.551335972990586676e-01 -1.713511702626215882e-01
-2.003886946334745289e-01 -4.300045059038977158e+00 9.380677495627349760e-01 1.033996468628499921e+00 9.182091412411848008e-01 1.562063230211514941e+00 1.571472601738693076e+00 -2.089556072389819441e+00
2.522728389167815166e+00 -9.126016342466165554e-01 -1.155507602829975999e+00 5.418728272251445155e-01 -5.875874364303753650e-01 -2.054734408279181718e-02 -1.156725251790825970e+00 7.876021892045126371e-01
5.798000215541762259e+00 3.977958400976568498e+00 7.634626121991618941e-01 -5.056255043749831035e-01 3.293905622643655273e-01 -4.243738013396243791e-01 1.068209406208733503e+00 6.067472678367293870e-01
5.488752831031964874e+00 -6.315588953909152536e-01 -9.541512807134449048e-01 -3.546752254972306284e-01 -5.886909683115195691e-01 2.262246499564255775e-01 1.405336979837245259e+00 6.119988154697496574e-01
-1.566003044898153007e+00 -6.071228817382783305e-01 -9.730644949039429781e-01 7.768387263452289915e-01 -8.498745925489522568e-01 1.265038126762336956e+00 1.119935752384962679e+00 1.450548140139112707e+00
3.069410053011630168e+00 -1.495329175227917418e+00 -8.604287704808391002e-01 9.437335747273480901e-01 -3.647432140249213806e-01 8.900747908579654810e-01 -4.653562887300344286e-01 1.318270125697008188e+00
-4.140906466548944564e+00 5.010203411631778181e+00 6.222306140315749801e-01 5.931080327712616729e-01 1.112039921067027537e+00 1.663764524615731766e+00 -1.182163509463578510e+00 4.559435195380832639e-01
-4.074969968806234633e+00 -2.070735652861925402e+00 -2.155292700002703343e-01 8.136910701034378857e-01 6.921209649474915904e-02 8.427596901632706805e-01 -1.554333575410340451e+00 8.246763460921495703e-01
-4.774720790207548582e+00 -5.183546890057721512e+00 1.186923186035571343e+00 6.333407507375099499e-01 5.231092186719349391e-01 1.533419470880624247e-01 -2.028003903829017851e+00 -8.591553886405602913e-01
5.502978551055806022e+00 -4.560704171577132371e+00 2.054152462388931788e-01 -1.021445078270867279e+00 -4.533432266460412086e-01 -1.385366057835974551e+00 1.781367223652023268e+00 -1.363032343882680575e+00
5.835405766035494324e+00 -6.119797887269357695e+00 5.716964661961223548e-01 -4.329292179959745024e-01 6.968140043493979974e-01 -1.003605216755595331e+00 4.646402780668988375e-01 2.386283978687991358e-01
3.935557515157581676e+00 -2.699440876122243260e+00 9.349965869482754766e-01 6.952133255272101575e-01 2.523938234918143286e-01 4.582787583415467436e-01 1.386417860577841221e+00 4.677441030141190614e-01
3.778423058579427618e-02 1.088052734146569556e+00 6.994728776672332060e-02 -1.060822681892156671e+00 3.409312850256325245e-01 -1.230380807508948182e+00 -4.394691364715662685e-01 -5.218059972029945870e-01
-6.241270871670645093e+00 -4.334297442464318806e-02 -1.077876704183502454e-01 4.520476255836427537e-01 -5.541749128415563996e-01 1.004209657648537979e+00 -3.641537327572011429e-02 -4.059549609663301584e-03
1.625582219647308868e+00 -2.575844556578720468e+00 -7.826350703901152617e-01 -2.491779415091993632e-01 -5.136614691440130054e-01 -5.003670187295279348e-01 -1.772807943372902706e+00 3.118561870937519576e-01
2.038290688523209937e+00 -2.502194185725553410e+00 -6.737260046579304218e-01 -6.384691934894589638e-01 -3.972833265194649077e-01 -7.064279625535233587e-01 -1.508885039748618428e+00 3.201973717480365855e-01
2.626260526170492327e+00 8.240902259282849585e-01 7.467356876005288857e-01 -1.005548411373287987e+00 2.650428200324924100e-01 -9.447700906729655790e-01 -7.419159303138262995e-01 -9.776619543784534905e-01
4.381698833770993673e+00 1.311262286532858035e+00 1.013954729844427805e+00 -9.650148335433916813e-01 5.112348171358935961e-02 -9.140207212191086006e-01 1.894959133931259254e+00 -9.698318342448430940e-01
-4.939266202534083661e+00 5.701256148246377720e+00 4.189082466965032836e-02 2.141549953860784061e-01 6.191078269112379462e-02 2.356776018772241965e-01 -1.962428061319108963e+00 5.633175076427970884e-01
-4.865997590013240170e+00 -4.587393401999014131e+00 -1.001793996494607430e+00 8.164110429705140337e-01 -1.661091647660454251e+00 2.413451399519199292e+00 -3.078971677307256627e+00 1.103227042043570805e-01
1.154586426922763920e+00 1.531119195693142920e+00 1.515057285723047098e-01 9.667700625373720769e-02 5.426471621592875161e-02 4.621379833014900573e-02 -1.828333556661327908e+00 -1.000135071968175415e+00
-1.421383621291967714e+00 5.857363476507673639e+00 6.185135469562772492e-01 8.264556364867396976e-01 9.911539405964112093e-02 7.725337304012045436e-01 2.041964517122270450e+00 3.488221880749375337e-01
3.296601904127950178e+00 5.625021240282039869e+00 1.163983302404439923e+00 -8.750505709545530753e-01 3.682850897720389982e-01 -6.219663197120595122e-01 1.423722414417936677e-01 7.780716830027643027e-01
3.233735542363858073e-01 1.646337995499915330e+00 -1.021288386200360998e+00 8.319976050603201667e-01 -6.316954391463539542e-01 9.869541806178254717e-01 -1.239939889740055534e+00 -3.927423183853160360e-01
-8.496236842121129840e-01 4.274398882525760612e-01 -9.877392744823647597e-01 7.145725436089742644e-01 -6.234440969559478241e-01 8.950765135073311951e-01 9.679343476804856961e-01 1.195872471085622502e-01
-7.369558180959776550e-01 3.085713249756508958e+00 4.585335348456827109e-01 -2.686870421021182453e-01 1.788784079891684309e-01 -1.297172250128074966e-01 1.358683197585393021e+00 -7.046000900951415735e-02
-1.344439784907844881e-01 3.368965217978583837e+00 8.307900000172085964e-01 -2.760457101897790810e-01 5.088581588597711480e-01 1.998666096668738346e-01 2.320781962241113272e-01 2.614189531374628839e-01
-5.757939794808962120e+00 -2.084220784686252159e+00 1.077403198467526524e+00 1.695066344172406758e-01 9.730011512638145899e-01 1.007971088384556069e+00 -1.500454461993234068e+00 1.368671238590375872e+00
-2.405091166402251623e+00 -5.776618062716700308e+00 -1.099709322564852210e+00 1.505831329518287909e-01 -9.060261951206457498e-01 -7.315977067269520129e-01 1.494472203942695199e+00 -6.362501645093905367e-01
-5.164147537220570072e+00 3.938763609336849214e+00 -6.994803393244308776e-01 -6.234177121252870712e-01 -1.173455926080701150e+00 -1.736612601056851890e+00 -1.154715772850926747e+00 7.073638397761439212e-02
-4.245127996571332218e+00 5.150026610359621060e+00 -1.060761407129148237e+00 -6.578043879737827115e-01 -1.716771090381836062e+00 -2.373822263133602117e+00 -1.664904132923719970e+00 7.850486869249572175e-01
-2.839255169517281630e+00 4.106798117616847321e+00 -5.902639245266416701e-01 -2.110994623090437505e-01 -3.074426358131847059e-01 3.123622425173852926e-02 5.895952544008512541e-01 8.280756015790796676e-01
2.417760229666766847e+00 1.854534017456366257e-02 3.925981804569507183e-01 -5.491039050014391298e-01 -8.247081041646906266e-03 -5.551808753230187410e-01 -1.327617461808032306e+00 -1.544893701389023211e-02
1.368856622586906546e+00 -3.227266782636228459e+00 -3.704802688666880561e-01 -1.863995362639569997e-01 -1.973797208489599941e-01 -2.092963362799076521e-01 -1.918326795948350538e+00 -1.266013119726590308e-01
5.913486621718844205e+00 2.236103259153123801e+00 -3.763939250387418056e-01 -5.139688142005706117e-01 -6.491489724790081572e-01 -1.072149441156303507e+00 1.077983863749137017e+00 -1.142042232861004925e+00
6.020269199268906135e-01 -2.206716707275957923e+00 1.590869618787995599e-01 -7.012132391473935300e-02 8.386142557192056979e-02 9.137392318091176052e-03 -1.132878773447438148e+00 8.047757768750303242e-01
-4.592003836714949827e+00 1.856926024710656264e+00 8.259622586857882087e-01 -1.180068659655370000e+00 1.937129149406424666e+00 -3.090650978921566150e+00 -2.973298815353668800e+00 2.843048634036526856e-02
8.793525432904214512e-01 -3.843927597078721003e+00 -3.854621337340313758e-02 -8.424175828997462201e-01 -1.468661605295826580e-02 -8.422576317768905030e-01 -1.528283198375555596e+00 -6.583709735956183584e-01
6.071295702881316814e+00 5.393851740948765183e-01 2.187941357185756441e-01 -7.779198168992879081e-01 5.370839185249888237e-01 -1.170431129733862541e+00 -8.462333586987891287e-03 -8.453098340290698953e-02
6.264376722792331265e+00 5.429307970332134303e+00 -8.646669406318145956e-01 1.407511949466573320e-01 -6.189569425656409329e-01 5.561497346081557547e-01 2.928093638409576815e-01 4.986393154749168000e-01
4.323988717965228545e+00 2.827838606191708237e-01 -3.084784596736349638e-01 -9.705478380840593111e-02 -2.286342784884346224e-01 -2.392455722336437052e-01 1.893866743907872019e+00 -3.218646069465072035e-01
5.067968894389338175e+00 -8.353748814791925881e-01 -4.961380017907505158e-01 3.173104203793994937e-01 -6.952531851468111146e-01 9.630083245720064689e-01 1.626643962008575750e+00 9.897936269952324340e-01
-1.317574427731807774e+00 -3.065925302890367909e+00 -1.619951289501377900e-01 -8.848137366023354211e-01 -1.616583606655194738e-01 -9.133663371350519977e-01 1.790888585108007414e+00 2.209271471796257769e-01
-2.761230131607400384e+00 -1.958028200359498427e+00 8.504201623627209994e-01 6.549188999663657640e-02 5.303348159694640795e-01 -3.027759032756922042e-01 6.269688626009951582e-01 1.041503274701352399e+00
-6.965420887654909521e-01 -4.869022905164035464e+00 1.292949976790915834e-01 -6.432279803049569811e-01 -1.160083826641711557e-01 -7.028629271029063208e-01 1.353077861943283722e+00 -1.057697659275522506e+00
-5.180014357166348837e+00 2.318260766126780226e+00 -9.999168098757862388e-01 -5.413175128282624593e-01 -4.318905910937558268e-01 -3.909104329614279116e-01 -1.627020554707008682e+00 -8.916767122490387720e-01
1.809816294917707680e-01 1.261783612177147518e+00 -9.820955904343904308e-01 -8.146815525021671167e-01 -3.366230254291284196e-01 -6.562597220594006409e-01 -1.650718920689067948e-01 -1.147552907562662483e+00
-2.288355061639672172e+00 -1.266913621831513126e+00 -7.376487796170281275e-01 7.362261433253824983e-02 -4.492891637244948999e-01 3.082131758025637436e-01 1.388724869538080497e+00 1.072283443807401371e+00
-3.663065686953475897e+00 3.796816970677774350e-02 -3.627487944264357056e-01 1.014326822103488679e+00 3.877372374711234859e-01 1.342954217174906040e+00 -1.272665027233377044e+00 2.383901294105755519e-01
-1.618107469414572286e+00 2.767843028337823696e+00 -4.242442423368022464e-01 9.493133869181924478e-01 -6.316059499208201422e-02 9.290595757090579498e-01 2.053343165394955427e+00 -4.206898519606365738e-01
3.849521836511737405e+00 -4.971772803095215743e+00 4.809060304486094672e-01 3.539242112910829796e-01 5.841696652670890222e-01 8.349083554554638242e-01 1.023731370926319828e+00 -6.897556811989933312e-01
9.639620229534360263e-01 -4.348424282438687172e+00 3.161283893303599157e-01 -1.069526429836212822e+00 5.472497452968749787e-01 -1.378525671384609241e+00 -2.265547394276610227e+00 -3.118602806037051867e-01
5.942770996459323385e+00 -2.339001130363305148e+00 -5.372275135775775867e-01 8.429302759167145442e-01 -1.025927501068961828e-01 8.003685019078420337e-01 7.424677639695316245e-01 6.444467613946721629e-01
-1.790478698013163061e+00 8.377178943025755942e-01 1.599706844860224741e-01 -1.107244159659509730e+00 -6.481778975226560879e-01 -1.671859998559134697e+00 2.484161709437755050e+00 -1.275346238739736737e+00
-2.717404666594451346e+00 3.753733537894520467e+00 9.713638611422525937e-01 -2.392762522988325369e-01 1.165727967083711514e+00 -1.384474340274725934e+00 5.216035486727579329e-01 8.761791100100349006e-01
-4.893556488270570881e+00 4.299540562585582038e-01 1.187877076573099933e+00 6.213281852568923735e-01 4.975956169780413885e-01 3.358145937905970269e-01 -2.104123635901136158e+00 -2.799734125421282638e-01
-6.254637074500184468e-01 -3.222636466299292124e+00 -1.028299230414734255e+00 1.759313940031108636e-01 -6.921406360006929770e-01 -4.161450056398185438e-01 1.021769013092400202e+00 6.822238169687747100e-02
2.429504542345163998e+00 -5.400301343434541046e+00 1.035396050094246734e+00 -8.052435614901081173e-01 5.275849075913696673e-01 -8.179970789480939253e-01 -8.753949831812042337e-01 -1.204009994292908337e+00
-4.999681995916177790e+00 -4.243542719095016125e+00 -1.053074810653260585e+00 -1.135003213714073755e+00 -1.545944128447587496e-01 -1.022537272180540802e+00 -1.809568337392193360e+00 -1.000550733554318228e+00
-3.965445599397836141e+00 3.927213234487119564e+00 7.972102117989892101e-01 7.697232343106259478e-01 4.137961144862797869e-01 7.857237194000643576e-01 -1.142651647424675954e+00 3.823777689003864388e-01
-2.503810766111129293e+00 -2.474994091666121943e+00 -6.630298419687955525e-01 -4.935506380314685915e-01 -1.695433621961910664e-01 -3.240776654296450565e-01 1.192412789446385624e+00 6.167331596800363913e-01
2.043734206118580587e+00 1.573566858873094887e+00 9.138041166833208440e-01 4.083881213876263683e-01 4.561155055614667386e-01 1.764575231217905714e-03 -1.780832460132938611e+00 -9.996315364159136241e-01
-3.937959429039910475e+00 1.774086392639745213e+00 6.829506705985635140e-01 9.191480386024413196e-01 -6.989054954292256427e-02 9.779459463249968731e-01 -1.392691186223493638e+00 -1.016356593016511933e+00
-5.669090824407095219e+00 -7.286567884496273351e-01 -9.337652611345086395e-01 8.718126728189361518e-01 -5.802578377209411942e-01 1.002993665866094730e+00 -5.855101533192187402e-01 9.894089333591357671e-02
5.201415289076368964e+00 -4.862540099519140568e+00 -3.441168517631787438e-02 4.311860933152389386e-02 1.436276327638112227e-04 4.323388296261052727e-02 1.765585073466347854e+00 -9.887521879194217655e-01
-5.251550088314614229e+00 -2.794093894829618119e+00 -6.583881564705099665e-01 5.257088900451574176e-01 -1.793460746718217869e-01 3.867219419501667366e-01 -1.760113311379107426e+00 3.843810826607887421e-01
-5.934540176251190680e+00 5.222271110148945183e+00 -1.018438304344814860e+00 -3.966022011397787317e-01 -4.836161212476762228e-01 -3.189628155884641769e-01 -8.355043126780853369e-01 1.025056823656398608e+00
-1.008633940409063179e+00 -7.212959016149858016e-01 8.074360374066034129e-01 3.708840858659276929e-01 4.181717812285335456e-01 -3.014335204640876398e-02 1.688636712272425289e+00 6.639306745329728310e-01
-2.930134878217391936e+00 -3.351898923094542848e+00 -4.924261168849630721e-01 -9.498785547470176560e-01 3.205018254353213525e-01 -1.242294232241511809e+00 5.827648365812043707e-01 -3.717534132454617390e-01
-5.282330725326302989e+00 4.409942186039156553e+00 5.381851577960758970e-01 -1.328415811877770025e-02 4.910660358816990034e-01 4.603176284080517378e-01 -1.743612557665156215e+00 1.014358290577155541e+00
4.448184715634059927e+00 -3.260165855340607433e+00 -9.772068870295591569e-01 -3.696309184642974088e-01 -4.666976771316931893e-01 -3.019052256408240598e-01 1.791194221182898394e+00 2.111144202417494786e-02
-4.006784387554349181e+00 -1.498952229467493957e+00 1.104633886804025744e+00 1.456333811426504532e-01 9.047218090781553590e-01 8.746639363923035537e-01 -1.053831547627418264e+00 5.288126383893192450e-01
-8.043117808919069134e-01 -3.807355713297990274e+00 3.063145762144647843e-01 2.642873056028589573e-01 5.574372088846404338e-01 8.163828553236385233e-01 1.377857390929673409e+00 -5.548098885841207251e-01
5.708759372858729364e+00 5.172671062004562614e+00 9.727802431533720817e-01 -6.630314723804336952e-01 1.223574911529710096e+00 -1.714955041558320126e+00 2.158508030314915782e+00 -1.758748988376979128e-01
5.446922318821778575e-01 9.895728394066436451e-01 7.275815683133588507e-01 4.736216791545055926e-02 5.778171044226457775e-01 -4.742114054715107496e-01 -1.154228911777473332e+00 -7.178723819491202862e-01
5.074880579005423442e+00 -4.994252170468640450e+00 -8.813923235628902120e-01 -9.009514765203086029e-02 -7.006234863390795597e-01 -6.502348676122685633e-01 2.143685308015456759e+00 -1.234191788298891534e+00
3.927060956086977583e+00 4.946041703540601020e+00 1.879597504745598169e-01 9.265336179009240336e-01 -1.725971257918794965e-01 1.017014932771073799e+00 1.264832660023823552e+00 1.122307253105161440e+00
2.470813811892307754e+00 1.023374172443241470e+00 -3.198433775201717788e-01 1.630054451189568709e-01 -1.712464380590285329e-01 1.840763046521309565e-01 -1.211909664033732792e+00 -8.851519741546476361e-01
-3.669694172783040553e+00 5.067451424011876426e+00 -4.337291966920068242e-01 3.514129763573983212e-01 -1.156030915523912905e-01 2.620805786624852973e-01 -1.027018813137721143e+00 9.568547783324115041e-01
2.676728594272960393e+00 -7.488017372382183012e-01 6.168089403959520212e-01 -9.387603943269102746e-01 -2.636711202030169732e-01 -1.191874067734596032e+00 -8.085656927517009818e-01 5.927246269234850429e-01
-3.468301726927041528e+00 -4.687903956041436615e+00 6.808833948636145994e-01 -9.111382626759416681e-01 5.284362751284084059e-01 -1.092930521910614017e+00 -9.956351090343937282e-02 -1.541992592500791348e+00
5.027100385870841848e-02 -5.239818418544190060e+00 6.369506566461955455e-01 -6.160051248143065816e-01 5.719615864090688007e-01 -9.283527724215236976e-01 -5.453143556712694018e-01 -4.192890327197540956e-01
-6.164428403318388483e+00 -2.808651337660049041e+00 1.014936148118876558e+00 1.920129287031500098e-01 1.150580953792036842e+00 1.316303191510442838e+00 -5.588665651677577895e-01 6.487348802034107464e-01
-5.287449087349481935e+00 5.546033787868257292e+00 -1.105849666939669573e+00 -7.104772967742178924e-01 -6.183058349525645259e-01 -8.102610728142223273e-01 -2.172741370849439857e+00 1.166603811070188623e+00
1.771087181344872974e+00 -3.466930608894974064e+00 1.146579101105577037e+00 8.899437190780414841e-01 4.004276476787657080e-01 6.890263319409284382e-01 -1.721357139240013101e+00 -5.582893969830431402e-01
-4.243680968208431992e+00 -4.562065675881987303e+00 6.721679795471524610e-01 -9.938305263841532566e-01 1.471827155412843924e+00 -2.391687028951239302e+00 -6.823827452598816290e-01 -2.090645301942853251e+00
-5.182842367148316143e+00 -3.861924298513210729e-01 -2.322280966260237278e-02 -4.290168786796396683e-01 6.464796490984811052e-03 -4.295609642581812437e-01 -1.779958556103543588e+00 3.738968398648518932e-01
2.911543396024756092e-01 -6.315990532796575962e-01 -6.257534477491115688e-01 -2.678724397003584556e-02 -3.726896652289424794e-01 1.981783971699900837e-01 -5.152309956433673843e-01 5.315507324634820563e-01
5.338046409673209425e+00 -5.123364992668993700e+00 7.260672540052115487e-01 -5.604074336060455019e-01 2.531900322164034045e-01 -4.315031427928800456e-01 1.527123651198923682e+00 -8.226984212628246640e-01
-2.633575219137302970e+00 -2.683582636935195609e-01 9.005571687297830863e-02 -4.159940774157899757e-01 -1.386596465413994228e-01 -5.149218782694149343e-01 1.022921104382492397e+00 2.151197467203267988e-01
-3.681320304045318625e+00 -3.569902406692825991e+00 1.121262751153251580e+00 -9.248744074029091600e-01 2.015485651362201924e+00 -2.927862928136237830e+00 -1.683929601520328667e+00 2.407910183445479690e-01
5.212108174303082819e-01 3.679967739793383430e+00 -5.456671833091407686e-01 -3.926227850283980914e-02 -5.847514204426678130e-01 -6.239275636316857776e-01 -1.002123035631134362e+00 5.190035585930832251e-01
4.732015997843081578e+00 -4.269896932814093660e+00 9.176458929244748486e-01 -2.629636300862356890e-01 5.801442680924198125e-01 2.660797605264121346e-01 1.936267430529130085e+00 -8.403400314982306663e-01
-3.022458378271644097e+00 5.547505824035324551e+00 8.442554385743952228e-01 6.889770905321013217e-01 8.262029721419611450e-01 1.231262872575293210e+00 1.005185641087323223e+00 -9.638925160959221916e-02
-6.177020039363283921e+00 -6.131745487256460514e+00 5.009262332495474368e-01 3.037805450080039993e-01 1.970533363946685712e-01 1.069291326113844254e-01 -2.109782526244820267e-01 -1.518152719307631626e-01
-5.720627070742322573e+00 5.408407684250491343e-01 -1.078459008724876211e+00 4.953439463443487512e-02 -1.127450045975751936e+00 1.176718571045542339e+00 -1.037893759159209450e+00 -5.436670575882992518e-01
1.716106525271169581e+00 -2.090142186260889545e+00 -2.802314450509594268e-01 -1.094796138934724272e+00 -8.272631515733270824e-01 -1.745958932317412726e+00 -1.088052900076026397e+00 -2.272515037048306041e-02
1.922912480861468154e+00 -3.680097049485535621e-01 4.700506588193191781e-01 1.794641701404671164e-01 3.759558007475559682e-01 4.273992340412139379e-01 -1.998079201339583610e+00 4.805483408109665344e-01
6.143222243966871332e+00 -6.756029533947955912e-01 8.324202627680221678e-01 -9.461160113183304521e-01 1.305851764193630249e+00 -2.069073064525249972e+00 1.658041019586978138e+00 -7.536600082699842496e-01
5.443580587753915623e-01 5.206714345530162547e+00 -3.538405322934555786e-01 -1.081426524826471391e+00 -2.042177144584729209e-01 -1.091639824814351289e+00 -1.258391302987828420e+00 1.102942200927826022e+00
5.954796153375706780e+00 1.563851275315314204e+00 2.332336083037531704e-01 -2.363857850959576457e-01 8.343960562338265108e-02 -2.100241243106294453e-01 6.284106230944047633e-01 -9.833491464692722950e-01
-2.198401042295729191e+00 -1.551359481501108917e+00 -3.476749525295718124e-01 1.122931914510698403e+00 -9.121514852962051556e-01 1.850710876214766820e+00 6.012204790710914404e-01 2.017463347971711674e+00
7.898893706295577744e-01 5.137493876890696143e+00 -1.039569802420655664e+00 9.960340022225142587e-01 -3.653684081349210522e-01 8.656895685763497106e-01 -1.125067224051604864e+00 6.155118967708513855e-01
3.118785038619567018e+00 -4.124220066273567298e+00 1.163591620535313398e+00 -3.752293704388103279e-01 8.252103793506206930e-01 -8.486258257418760609e-01 5.279919681005186272e-01 -1.405561273729048377e+00
-4.697810625399489126e+00 -1.278501257341990716e+00 2.722357160250912234e-01 -7.305155671599556921e-01 -4.002081172444190704e-01 -1.115389282744951860e+00 -2.122169419579903682e+00 1.079967016423130088e+00
-5.359577365301224638e+00 -4.342759929571533561e-01 7.945900723924819165e-01 -6.187525969264762171e-01 4.732336814115798984e-01 -7.187503857283457087e-01 -1.263107920605934797e+00 8.829722939692599692e-02
-3.514793061989315515e+00 5.750141004279464951e+00 2.275773352628147617e-01 -6.210076564962607737e-01 -3.759888009870387404e-01 -9.922034055616105741e-01 -6.698174686291302748e-01 4.487803028652780357e-01
2.613442807099483289e+00 -1.417120691371011709e+00 -5.802856535992884091e-02 7.221634120139099888e-01 2.477406718247391060e-01 8.782924127141283899e-01 -8.389312660153381840e-01 8.192740831102413024e-01
4.225432008393553929e+00 3.804748410988249674e+00 7.381714056715074079e-01 4.140477804107169923e-01 3.087343765149346830e-01 1.322319594324102010e-01 1.750849682078526870e+00 6.322789345386785609e-01
3.465778767076113098e+00 -5.428946542032842437e+00 1.078383614653048328e+00 -1.189796831746994688e+00 4.129480545547477288e-02 -1.154168480824714349e+00 6.611712721230670331e-01 -7.781676331973675920e-01
2.760675018400963410e+00 5.274236280119771081e+00 -7.705055567892393764e-01 1.513516842621687175e-01 -4.817313767655382883e-01 -2.384584748823755651e-01 -6.760510509436848947e-01 7.787784798089080196e-01
5.673843860256761573e+00 -5.164449183512870079e+00 -4.420127419289991977e-01 -6.907506009852802942e-01 -2.785203651634863831e-01 -7.343762458938131177e-01 1.346669182213683591e+00 -1.101563148519285829e+00
4.783037947441082238e+00 -3.535274910494035083e+00 5.910732717430640104e-01 5.041484325284972812e-02 3.410204958706270495e-01 2.031323245688053114e-01 1.933072975482336808e+00 -3.216537590144266656e-01
3.493553569969204631e+00 6.178521605393882510e+00 9.613335292364311169e-01 8.573852832979824701e-01 1.449145732771910833e+00 2.158060071943239677e+00 2.068390001003460377e+00 -1.274438927447857361e+00
-5.852466927419873954e+00 5.931747623495356336e+00 1.128056009521693381e+00 -2.782937772160578582e-01 8.855649685011067751e-01 -9.065096443777268531e-01 -2.692443385159641323e-01 -2.215550428502057745e-01
4.408917463555274807e+00 -6.951487234147659677e-01 -4.217701926883111740e-01 -1.015032035670295762e-01 -2.065618098348445120e-01 -2.265047525811147294e-02 1.912934066420190371e+00 6.361752560698538117e-01
-3.507510011524982652e+00 -1.082780679931969026e+00 -9.284525148612483569e-01 4.613675238187089356e-01 -4.055664785836616826e-01 1.556229990186544787e-01 -7.570804729597102600e-01 9.247333417389820287e-01
9.569838369656880062e-01 4.550979225700180208e-01 -4.019746708863979334e-01 2.027124492656124932e-01 -4.707408082494753399e-01 6.154000164498796277e-01 -1.495550165982651780e+00 -5.789161356530114766e-01
-9.524514923811890910e-01 2.305613497843644666e+00 -1.016791823509668680e+00 6.829591216909960405e-01 -3.339500597382278335e-01 3.512716531229723715e-01 1.643310273293808521e+00 -7.555855154713611022e-01
-5.626935160377585454e+00 3.828829169502983021e-01 -5.729287521003018080e-01 -1.197835641144509466e+00 5.409966081447237229e-01 -1.718743578197995170e+00 -9.692681866175232308e-01 -6.246283874779103851e-01
4.258775605396305508e+00 -5.334427960462923224e+00 -6.561435836318351145e-01 -1.121071345419618392e+00 -1.713210508612770688e+00 -2.810039762811846309e+00 2.604743799088372391e+00 -1.619696777903615104e+00
4.187271644214140665e+00 -4.776720667196081571e+00 -1.154912061806067536e+00 4.983028782536536028e-01 -5.916100660846846937e-01 -3.160428921603677943e-02 1.722216408127612119e+00 -9.896175882171308613e-01
2.116516681719508242e+00 5.104125203561460822e+00 1.823384223462953813e-03 2.028126978282001058e-01 1.975882470084665554e-01 3.980630512140967414e-01 -1.697443803680944940e+00 9.121841300351107851e-01
7.407975341769788002e-01 1.890388411541394476e+00 -1.160487292932919523e+00 1.062672154640679212e+00 -8.702224825548626752e-01 1.418472049040912397e+00 -2.476250189088134324e+00 1.771332314130970031e-01
8.437579923476272725e-01 -3.409455890302934833e-01 3.117504975453053717e-01 -5.346542657911800278e-01 2.761209037273157363e-01 -6.386335748177650595e-01 -1.330933108559222422e+00 1.710191576427740889e-01
-6.330308561408388712e-01 1.678554844507975652e+00 1.394073893515608287e-01 6.660575176399263775e-02 1.193601363966448892e-01 1.471584021227568817e-01 1.196143860737741926e+00 -1.007161400943195506e+00
5.050614814259892782e-01 -4.531218443345994551e+00 2.812409094170149615e-01 9.763899944606364567e-01 -1.553822684773627054e-02 9.813351531264277172e-01 -9.821778593458420081e-01 -9.691780915017847997e-01
7.145259222067954497e-01 2.933644012504464271e+00 1.955404422702615719e-01 6.527725692898487253e-01 3.606024285772584381e-01 8.705221789105237473e-01 -1.060299683173605789e+00 -4.566722272330626664e-01
3.971213784317411566e+00 1.251349279866522224e+00 8.940289370763265797e-01 2.940029231188303616e-01 9.954732387669040783e-01 1.202255689866527977e+00 9.854503102099725353e-01 -4.595082667800042819e-01
1.157168930822426667e+00 3.745265857669437537e-01 -3.764267125206309794e-01 6.412926834721830449e-01 -5.551112214564798419e-01 1.034895822426398881e+00 -1.426238448548094784e+00 -7.709312807267161283e-01
-6.965003305519665844e-01 -4.788441395363877362e+00 1.110375081325229329e+00 -5.589956657523181827e-01 4.725555187218892783e-01 -2.842520520542529128e-01 1.173784952515742663e+00 -8.878202557001130257e-01
-2.897945837227875909e+00 5.872934802850682701e+00 -3.972295883719015874e-01 -1.629533054048020180e-01 -3.843539711976098894e-01 -4.680224139240209968e-01 5.919086714197721033e-01 2.894170451141053757e-01
-3.955340864344541352e+00 1.237846212868007001e+00 9.046114057293586086e-02 1.079939838111767525e-01 2.268361319998557502e-02 9.750310903961099951e-02 -1.455693903122953436e+00 -9.431212931211370165e-01
-3.677172959432084554e-02 2.287932220247483883e+00 -2.347586590137007434e-02 1.162039557582017713e+00 5.040463616445554074e-01 1.507055619088036424e+00 6.273091350158320756e-01 -1.307473439407969673e+00
-2.517613621460671691e+00 -6.750030065377652377e-01 -1.015954506762404286e+00 7.486079249763153420e-01 -4.227193668566276985e-01 6.351164175433783310e-01 9.099189857365971301e-01 8.835186799119075785e-01
1.764402945799108835e+00 3.961803637513588328e+00 -1.121841588582093152e-01 7.500741768004470789e-01 1.978443626841768221e-01 8.660896362808918614e-01 -1.823835140309844727e+00 5.924914760445346706e-01
4.795983440215039195e+00 2.206946495046389956e+00 -5.962465242545524902e-01 -7.376716798781917106e-01 -9.597483332237937148e-01 -1.554595931707870138e+00 1.209907518153085615e+00 -2.128039360058620044e-02
2.253477147457227048e+00 -5.266694246567883653e+00 3.958598194771336676e-01 -5.225478942572933105e-01 2.996172692458521913e-01 -6.207160890555095678e-01 -1.376057027445892755e+00 -1.025977783642324503e+00
-1.420361476448387172e+00 -2.838523358526553686e+00 -1.189132499161645207e+00 -9.708808878351431471e-01 -5.268482363163745630e-01 -8.907775787577466575e-01 1.513563559813750903e+00 7.622994622872363291e-01
2.898812893205860775e+00 -2.385411945268712142e+00 1.169602184281209434e+00 2.406325688094392845e-01 6.088457337054468121e-01 -8.886058612215956554e-02 -5.262987613437599688e-01 7.316432456012372798e-01
-3.514735860487177899e+00 -1.289179823542593084e+00 -1.783871813792581307e-02 -1.723318164160203558e-01 -7.536620578265287862e-02 -2.182274740906542387e-01 -7.160426292415397187e-01 9.475618051849957757e-01
1.550498047988329020e+00 1.180686724674582244e+00 -1.174587762266412483e-01 3.846670646143484085e-01 -4.211077440145916118e-01 7.773060543253941246e-01 -1.881278141849999530e+00 -1.043177237019699444e+00
-5.493948895972731172e+00 2.178291327882924122e+00 -1.176424343264134587e+00 -9.818085274043291122e-01 -5.077789000309552714e-01 -8.900312607368888740e-01 -9.751353786597521944e-01 -1.265576332362113199e+00
-5.941350295757501954e+00 -1.773597483222065563e+00 -9.537971533919797906e-02 5.946323024454822637e-01 1.228388065874088247e-01 6.582759398286956998e-01 -7.395953962572362483e-01 1.048668635361752477e+00
1.177976233405338746e+00 4.438439739289830044e+00 -1.762894411083164581e-01 -3.626321864130931383e-01 -5.289238897203424328e-01 -8.878235531684658399e-01 -1.903355758427389466e+00 1.018399321906008792e+00
-6.047463482819610547e+00 4.799232820250770359e+00 -1.524863572791852473e-01 -7.333898534991041274e-01 -1.320875864790418963e-01 -7.529822232059428799e-01 -5.654492137205856528e-01 1.094590838175688585e+00
5.146304626617865807e+00 3.279052055129110244e-01 3.012993161051378266e-01 -6.949451180806371919e-01 1.884715015054390930e-01 -7.148876628895750596e-01 1.680673369708441278e+00 -1.880809902770692599e-01
4.474152395894943623e-01 -4.007146061436504425e+00 1.808510237048999159e-02 1.860373818530833834e-01 3.386126350294665216e-02 1.946713484268477734e-01 -8.588993544380483236e-01 -7.678280425227345107e-01
1.278800621799891957e+00 4.876888859667509735e-01 2.376968748056320635e-01 -4.949212936721217870e-01 3.889543808709246542e-01 -7.683776764625762645e-01 -1.702809932537877602e+00 -6.811181114186055652e-01
-3.204498165521520114e+00 -4.423498775493931667e+00 1.134602446714324087e+00 1.221299358120493395e-01 5.807370426300995092e-01 -7.798281598541419168e-02 -8.321416891744234934e-02 -1.001074530542651830e+00
-2.127507210187360442e-01 3.184152806309995754e+00 5.172949796594159544e-01 6.960927779974450669e-01 1.119427184532728381e+00 1.779233542792291844e+00 -8.070316138021016439e-02 5.455492625821672936e-01
-1.421348865251807148e+00 -3.793842226769519321e+00 -1.149322699961276451e+00 1.993813237714212594e-01 -6.780730881411577426e-01 -2.878395451386032700e-01 1.841964191260821559e+00 -4.712329183287659040e-01
-4.156635628022364415e+00 -3.288947073791709030e+00 1.094829113324237158e+00 1.138441811937009218e+00 2.267639448344629660e-01 9.918181663575880158e-01 -1.527437980218952829e+00 -3.183902098544704184e-01
3.596853621898333131e+00 -4.123574821802245438e+00 5.191723387922695387e-01 -9.833199227665159192e-01 3.279613872629268401e-01 -1.026990121414786961e+00 1.213207224163374676e+00 -1.165413641811072987e+00
5.869916729417411716e+00 2.751929910846751426e+00 9.195104483200309264e-01 3.354773495483069912e-01 1.254195579843088382e+00 1.589323504500593343e+00 7.561600756639828003e-01 -3.328267887109895851e-01
1.587685016205571564e+00 3.790039756540902971e+00 8.595682487940441430e-01 -4.730505716599601174e-01 3.513801731789079064e-01 -2.655945638239468609e-01 -2.075037898710686335e+00 6.792725601125423340e-01
-3.721202918053426956e+00 -1.607548325205710782e+00 7.196987094465121526e-01 -4.023235588617454228e-01 2.953393082224872734e-01 -2.497555700827656378e-01 -1.158553991040870867e+00 1.062482920441389256e+00
-9.104842777274635424e-01 1.569695489618584183e+00 -6.091286183737576465e-01 -2.300841459582769755e-01 -5.740974802666792831e-01 -6.831189227853419199e-01 1.820489473648796208e+00 -1.240887126735637613e+00
-3.808058659855635852e+00 -5.600900632505506849e+00 -1.841959492937721432e-01 5.957202698265393614e-01 -2.716020082400294466e-02 5.897389008664729593e-01 -1.220800005411005751e+00 -6.461920650306286484e-01
3.482178989686127935e+00 4.072008504369319937e-01 -6.936319206234879964e-01 8.108614368078101986e-01 1.149218739944795342e-01 9.255284225429967204e-01 6.609995005046114258e-01 -3.889605001429084497e-01
3.834396020983401598e+00 -4.759653692784270973e+00 1.130077508121113850e+00 -3.049441430485650972e-01 5.982405775362070743e-01 9.847232211216075393e-02 1.233892947243819371e+00 -9.553826504656665053e-01
3.809820374639880214e+00 5.339904003430481438e+00 7.949988068474505010e-01 4.889241385117111260e-01 3.878707171750577776e-01 4.731372371762184725e-01 1.422555733129895472e+00 6.261250137436082941e-01
-1.223487941692595449e+00 -1.008212981606664727e+00 6.260288371120172890e-01 4.203745030648160519e-01 2.059592516170973275e-01 2.191692656597942213e-01 1.890227130832101698e+00 8.362374328543666913e-01
-5.462770896938089926e+00 -4.610629722716472756e-01 4.995087359294529961e-01 -8.453580875941176798e-01 3.860561868559163612e-01 -9.554997406459264653e-01 -1.109311486520897283e+00 9.135484867097515282e-02
3.647311191917674833e+00 -6.067788137034364482e+00 -2.236813182000391143e-01 -5.515394104764603789e-02 -2.555834208062808810e-01 -3.000416889908724127e-01 9.908243789004039792e-01 -2.356874926620631527e-01
4.790744034900731307e+00 -7.103450455083466508e-01 -8.947518109791940955e-01 -1.142999334421787250e+00 -5.603330589445838089e-02 -1.103247192298569379e+00 2.037431394866913159e+00 6.085276326315691708e-01
2.541727412172658518e+00 4.152846839329033202e+00 -6.737324008110453510e-01 -1.180591220194502133e+00 -3.609555890541303880e-01 -1.195142124710099063e+00 -6.980199297089310084e-01 4.164556658373976816e-01
6.138793948763515473e+00 -3.418646003267368005e+00 -8.308406723428207741e-01 -3.204307192403513804e-01 -1.128707762790484459e+00 -1.439220860980437999e+00 5.026528026631662538e-01 -4.883950641605689924e-01
-4.685245975469909396e+00 -2.633179024995092821e+00 4.096732174656647629e-01 -3.361593302765060187e-01 1.422750257267915430e-01 -2.702993900919072878e-01 -2.033351743594059791e+00 5.208805773440206011e-01
-1.074926649531684930e+00 -3.996714347551779234e+00 -5.305918752751842549e-01 5.514824177561146179e-01 7.275965303713183632e-03 5.585833232999878328e-01 1.758224343376716625e+00 -7.537646059845849456e-01
7.964076906168351400e-01 5.744710302911014921e+00 -1.008274162229341187e+00 1.842226836997231665e-01 -5.404282939345115278e-01 3.105377499498528926e-01 -1.266522482776889058e+00 3.496525117981304498e-01
-3.592743269533658079e-01 -5.012599594761347532e+00 -4.575945375786242275e-01 1.112863482897024303e+00 -1.962934383940472816e-01 1.101276403377852375e+00 4.873935922455303049e-01 -7.394778484163128107e-01
4.937400943329214087e+00 -4.958382492719952239e+00 -9.947167649036914305e-01 1.061096523773317868e+00 -4.076595259392119808e-02 1.024769474999058350e+00 1.930625792395812779e+00 -9.509387799319897194e-01
1.552740771498199557e+00 1.503352483181696009e+00 -8.492854035890462505e-01 2.226211516428575621e-01 -1.069029640442617612e+00 1.290347266916104463e+00 -1.931574531669528971e+00 -1.065826000059161727e+00
-4.632031997997386519e+00 3.266233372322334461e+00 1.014672836539463274e+00 -3.075153410989240887e-01 5.010206213844496936e-01 -2.853355269417632845e-01 -2.136365060411421268e+00 2.671370784210317928e-01
1.930343455613707349e+00 3.787192324033071600e+00 -6.870428259224800049e-01 6.229999566721169391e-01 -2.662244675019526663e-01 5.478800963970164029e-01 -2.012044655907561985e+00 7.416096577114983379e-01
7.158902081195801514e-01 -1.249563592987290583e+00 -8.279500797703027715e-01 2.352895794496148163e-01 -3.981733597226929655e-01 8.219510156968867776e-02 -1.282366642920803823e+00 9.186348690949477369e-01
6.360996999280565944e-02 -2.749855370498374363e+00 -9.352953000424797381e-01 -7.195205990085735692e-01 -1.464343223783705739e+00 -2.105737473561259954e+00 -1.120863456724650264e+00 1.375523962322758642e+00
3.391156463634136031e+00 5.677812316133303838e+00 -1.056528155927084711e+00 -5.387845416008771871e-01 -8.985541627350788207e-01 -1.128475264316778359e+00 1.259052558524498933e+00 -1.960211241866620102e-01
-1.897501345326796596e+00 -5.519378323573050693e+00 -2.092866729999015574e-01 6.101684746660884784e-01 2.734708891679848430e-01 8.526998496653024340e-01 2.001950281217186767e+00 -7.994163225075243684e-01
-3.177064514504811310e+00 -2.090458769210281176e+00 1.630288408679723133e-01 -6.294979055327628581e-01 2.557341998158199070e-01 -7.485401640790793065e-01 -2.403519808080231135e-01 1.037409991457941327e+00
-6.727015903683168929e-01 -3.356192277171378358e+00 -3.266791266939186311e-01 9.188120339317304985e-01 4.160295256405258102e-01 1.291946215964649314e+00 1.008500442924427087e+00 2.474587090159874325e-02
-5.828279166920147247e-02 2.055718263477080754e+00 -1.016639439336956441e+00 -8.406249293366934161e-01 -8.374398775403363304e-01 -1.273482586838661890e+00 1.029454104569381245e+00 -1.797665843497951554e+00
-3.835327581725393564e+00 -1.699708763069751605e+00 -9.268322310870713565e-03 -9.198767329908370538e-01 -2.927632089012682237e-01 -1.076582891457691593e+00 -1.012595920515175107e+00 7.254716447395526124e-01
4.050297934279605272e+00 -5.446382378043873373e+00 1.627480908762679590e-02 8.644284698718165405e-01 8.739591738160848999e-01 1.736129455021778289e+00 1.686420807079560769e+00 -8.515092997054829471e-01
-2.330036038310261404e-01 -4.051623151354267094e+00 -7.903836481903756539e-01 -9.798395324010323870e-01 -1.116076252772182587e+00 -1.849752609234262435e+00 1.755144790302339608e+00 -2.082865249722995138e+00
2.029234198804655165e+00 -2.211264080697242562e+00 9.884602176034793519e-01 5.320421311498690908e-01 6.860350175634695180e-01 8.438938675234687325e-01 -1.277821260454241159e+00 2.861477746748101181e-01
1.362724345199075593e+00 6.141718684727248245e+00 9.776838387644761763e-01 -2.841128335997014087e-01 4.994027503665833256e-01 -3.173511447111322381e-01 -1.798727401691028183e+00 -1.713938365797133476e-02
6.219728402428708947e+00 -1.953266363443398212e+00 2.125194842240676341e-01 -7.834862462091805035e-01 -1.746128872268239152e-02 -7.889626238603864028e-01 1.137474248771676716e-01 9.408268425607021479e-01
1.146773714729730109e+00 3.539624363913166150e+00 7.923149672497009632e-02 4.466985630443873756e-01 2.777539484837959205e-01 6.501660481721427409e-01 -1.699954365540488066e+00 2.646764496477130857e-01
9.952811836011310476e-01 -1.772861886752062688e+00 -1.021162130310830696e+00 1.017272684287498619e+00 -6.531247494695918698e-02 9.564619122757572756e-01 -1.655033586293439551e+00 9.568636336815852239e-01
9.572416066980782290e-02 6.135596321908062478e+00 -3.558981059830090832e-01 3.922346305729584870e-01 -6.961721389161888984e-01 1.067901089902093092e+00 -1.204616537174729718e-02 -3.205615392068596192e-02
5.829409889896588481e-01 1.404723381230856383e+00 5.280220847306618115e-01 -1.374761398812591739e-01 4.046155212705834781e-01 -4.129857007380222100e-01 -1.223340957436865883e+00 -8.638637776397680712e-01
-1.177782544874309778e+00 -3.374388113708835846e+00 6.328441299615648052e-01 8.005564610098863110e-01 6.649631238019154678e-01 1.190060836232635699e+00 1.206140129505869130e+00 4.106795081100274580e-01
3.488272533832086353e+00 -2.655420488121029710e+00 8.371151422470177739e-01 -3.553703114552885234e-01 1.166482937852465707e+00 -1.510522870049500366e+00 4.345652085799584508e-01 7.122340025162960941e-01
-3.088478498686086482e+00 -2.720032845182228431e+00 -8.687937922589598072e-01 8.678530324690947317e-02 -8.406997003855865014e-01 8.710642131880522721e-01 -1.575723047149849565e-01 6.729348747953268761e-01
-3.759325980240806331e+00 5.066075153109146356e+00 -8.314924715015508117e-01 -3.335333254798978908e-01 -8.396698166494157567e-01 -1.026838049715745216e+00 -6.719837782636928214e-01 4.517083856247057216e-01
5.236590254281619394e+00 1.686894208072557078e+00 -9.594777952860497061e-01 1.042076284260824659e+00 -2.576092288231027032e-03 1.039711753092548596e+00 1.730385023094462404e+00 -9.922052355664625622e-01
2.242110817995301986e+00 -1.250929339766220671e+00 -3.798368784906417384e-01 -9.317102449421499344e-01 -1.121664812292528346e+00 -1.984813725063331313e+00 -7.995911017411894139e-01 1.828589362136499030e-01
-3.956142357057572223e+00 -1.664840426174065691e+00 -9.316543910642409720e-01 7.445101033921939226e-01 -2.814916198395963631e-01 5.587918682277337457e-01 -1.573036359636311721e+00 1.113784110248263071e+00
3.121159726690063252e+00 2.803882629803801763e+00 1.138442423884491239e+00 -2.905759598342021466e-01 1.289049549161664476e+00 -1.515287025260329212e+00 5.685227113600135329e-01 -9.407130554725345872e-01
-1.603211089585286686e+00 1.670535377174199532e+00 -9.166651283252059690e-01 -9.925426344010723767e-04 -9.019876286656749453e-01 -8.951151876377231309e-01 1.892560960598258069e+00 -8.886417683404264078e-01
4.286677389880942712e+00 -4.295945793969030646e+00 -2.490342309637334495e-01 -5.162059817930428895e-01 -3.807916026105964136e-01 -7.697586360658532634e-01 1.602801110456457012e+00 -6.958444023890650865e-01
3.126235019080887412e+00 -4.755133363945251546e+00 -1.100644787423148196e+00 -8.904801268666163727e-01 -5.627255262651462697e-01 -9.058894232214087516e-01 -5.402900046637822973e-01 -4.895106548881717479e-01
4.186627675668363580e+00 5.059621932653486809e+00 -4.161127946589556759e-01 -1.270942908184617970e-01 -2.107239592507704762e-01 8.303241568604390402e-03 1.728543517699384857e+00 9.416586425033938168e-01
-5.085760327349901466e+00 5.441053383179013991e+00 -5.327752249405605101e-01 -1.148093740002187113e+00 -5.854811308755328847e-01 -1.412602936689524524e+00 -2.600043170642604373e+00 1.483901740466953889e+00
4.375627953889612343e+00 2.904030215205583687e+00 -7.425597011334783559e-01 4.650539339962511676e-01 -3.962516284880638895e-01 5.042971009652004177e-01 2.086505909678907145e+00 -4.341803875000387336e-01
-1.072310306367209698e+00 5.722659836094994290e-01 6.570073865683248027e-01 -3.044737863687051460e-01 3.181461899976784635e-01 -2.810222620329037579e-01 1.667451860758062399e+00 -4.523754636177721444e-01
2.582427173350728467e+00 -4.952876001556850483e+00 -1.240641015566907868e-01 -8.552933093404477827e-01 7.566868849287339271e-02 -8.790012048200348538e-01 -9.977939583162215298e-01 -1.034386058943122633e+00
3.773157720388477188e+00 -2.502506389314639534e+00 -4.931911615605141241e-01 -1.062443775232902787e+00 5.691903658480242933e-01 -1.631618042059405749e+00 1.173832426036321985e+00 6.034471684086508692e-01
-3.585992970828161042e+00 -5.620311380185444960e+00 4.951455318689701457e-02 -1.307097290772070153e-01 -4.958578345955847247e-03 -1.329267159896878325e-01 -8.604226243396656537e-01 -6.147951182561697259e-01
-2.723650952565560779e+00 -9.410346449144224579e-02 3.644143218899436043e-01 1.035158472635987481e+00 1.021568188160954849e+00 1.925704697148603817e+00 1.775630840511440045e+00 -8.699058416162477325e-01
1.800904508074095745e+00 -7.207628611177003819e-01 -1.076912519527022605e+00 1.055211822051567383e+00 -1.630261367539430906e-01 9.225212844904439047e-01 -1.859907768415448581e+00 5.725823190077441449e-01
-3.398272978546598821e+00 4.467884854721303256e+00 9.903021174481383415e-01 -1.187681191438835215e+00 4.879566863515671371e-01 -1.181739880391428299e+00 -1.084337211673678025e+00 1.546852613727061732e+00
-3.533402208039189141e+00 3.010080875735127393e+00 -6.791197973457855364e-01 -7.626453164588098410e-02 -5.678132896502627869e-01 4.724210490288657249e-01 -8.327611939578548617e-01 -6.209475137252104537e-02
-1.795295370976314864e+00 -2.895138404231452522e+00 -7.551146763020974984e-01 -1.190426567175051797e+00 -1.198218874797250949e-01 -1.136059062547936538e+00 1.828505824655966450e+00 3.652725670916069367e-01
-4.497208738316071930e-01 -5.199129267910816310e+00 -1.138364995892562348e-01 1.012389886018833396e+00 -7.570486065914795726e-02 1.015191795498524785e+00 7.926260606422296240e-01 -8.070599762633676733e-01
9.048894312432160802e-01 -3.595490469690990842e+00 -7.445272651145135034e-01 1.028107645586943564e+00 -2.700733684718840122e-01 9.712776137705446677e-01 -1.829156697359740402e+00 -1.820290077108618065e-01
1.522212636516766082e+00 -3.282769605625101672e+00 4.630431530753489344e-01 -9.123528200330621729e-02 2.367514282355114297e-01 -1.131255582292001044e-01 -2.024307998134493580e+00 -1.140405456074045643e-01
-2.797732393491498826e-01 4.668392897040913425e+00 4.992941213220740693e-01 -7.240679146599604543e-02 2.653438153116358111e-01 -1.343907645571045528e-01 5.869485867809404178e-01 9.643591654575169869e-01
1.807571054392465015e+00 2.858531052078149060e+00 1.134705161967422216e+00 -8.642397029469632841e-01 8.920603543344109987e-01 -1.307360063494267255e+00 -2.956382967392023442e+00 7.328870955696640266e-01
5.543225551956924235e+00 -2.270882249445307366e-01 1.159387491253819347e+00 6.130181513195063214e-01 5.039142843476901445e-01 1.739379345156360779e-01 1.391524509544952881e+00 1.821333371883657182e-01
-1.498004573002324591e+00 -7.483928791838501127e-01 -9.689004551861609693e-01 6.538229525579586365e-02 -6.943905536711107995e-01 5.736438901661561340e-01 1.723297751322270699e+00 9.518679163125797205e-01
-5.439424259831080910e+00 1.569383487017557144e+00 2.284939878333138719e-01 8.709876267150884477e-01 -2.937308603654401606e-01 1.090723722450031241e+00 -1.706900449674058518e+00 -7.873949656358584237e-01
-1.597275127230987302e+00 3.111820880378717291e+00 4.948392838240147640e-01 -7.930874999821505567e-01 2.461151708901399837e-01 -7.922770508896073149e-01 2.194289258653225883e+00 -2.247577198905196805e-01
-5.641582253414802572e+00 -2.806404618178808708e+00 -6.440761909207372016e-01 6.308756424256301010e-02 -5.352277422932968376e-01 -4.472098464810527751e-01 -1.124760049561053910e+00 2.567458439916541213e-01
-4.593928822754573815e+00 -1.993364523171917035e+00 -1.072077547715644563e+00 -4.017886556619049143e-01 -1.119533748275987950e+00 -1.361430050062625519e+00 -1.201010595955818605e+00 1.270657239456268739e-01
3.689957078769865007e+00 -1.883631380363171459e+00 -1.168644333020760762e-01 3.839319339993738645e-01 -2.865060568552195153e-01 6.012824774699827568e-01 9.303449017224721951e-01 1.063704310122829177e+00
-8.156526256537022235e-01 -2.959184292848876741e+00 -9.041942340014046398e-01 8.980061483344179418e-01 -2.447008222455245019e-01 7.653947189637645421e-01 1.613750990857937717e+00 2.399362939846733100e-02
6.592431274566035171e-02 5.400235466025561593e+00 -8.852691854720782239e-01 9.245359628340568126e-01 -8.574734857950409017e-01 1.424098730557796344e+00 8.607300845291678826e-01 -2.198682105611411419e-01
-2.560964079762192203e+00 -4.459105857586400212e+00 -5.264169459550198660e-01 -4.811297810905348360e-01 -3.591207339899814555e-01 -5.965980767933072304e-01 8.942253610219912385e-01 -7.652210906682537228e-01
-5.052178666943515140e+00 1.662668054960349195e+00 1.884126962002738992e-01 1.134894774525091465e+00 -7.168937160000610209e-01 1.786029192195003779e+00 -2.421340936401332744e+00 -4.600913868956079122e-01
2.975051251162412314e+00 1.046332307586354204e+00 9.772807068068545266e-01 1.906005809346149604e-01 5.561554782180301304e-01 3.854381170594015082e-01 -5.323237836540133383e-01 -6.648138800267793247e-01
1.528638273439675288e-02 5.143534477718521458e+00 5.008314158195055210e-01 -1.969048220045690467e-01 3.159707935643282783e-01 -3.245494302331232150e-01 6.323634677236422696e-02 8.146797074496171520e-01
-6.119604629863966139e+00 -4.732796513462425025e-01 1.234696559126291504e-02 8.379667442345950512e-02 -4.064809309918517716e-02 1.164763917127286386e-01 -3.228887295152874648e-01 4.529923670007460212e-01
-5.004622304525812915e+00 2.459577363981425790e+00 1.023987106557577187e+00 1.836255186025512742e-01 5.142307949257836075e-01 -1.177536681202312127e-02 -1.920806787771127455e+00 -6.247577171252656214e-01
6.014058731735037355e+00 4.802740572685921805e-01 -8.345745954816228274e-01 1.064331053417525430e+00 -1.102275603552058003e+00 1.871304034946652983e+00 -8.733273970104084016e-01 9.430842591844597056e-01
2.571424991837146123e+00 -3.767443855447472956e+00 -6.838810128562549107e-01 -9.112006511770958106e-01 2.252097663955675011e-01 -1.136061358700661161e+00 -1.065307001316253110e+00 -6.000267443735718409e-01
-3.017343810286989836e-01 -3.083454211381053689e+00 6.358804361590832954e-01 7.187436157785589419e-01 1.164205539971174375e+00 1.808372031619098097e+00 -1.470448919315331948e-01 7.995039452716827810e-01
6.240771026512730302e-01 -5.374318492131921587e+00 1.973464420873096703e-01 8.193553756257336840e-01 -5.459136397033304000e-01 1.343280026285922579e+00 -1.374726130174468652e+00 -5.827787916295833481e-01
-1.679590915976845622e+00 -4.396622521967024078e+00 -7.935331979342217235e-01 -8.874853284333983350e-01 -1.369801080995931564e+00 -2.135674968626341652e+00 7.831216370617795075e-01 2.544951322388691040e-01
2.710950518783489471e+00 6.032940904591734821e+00 -1.040179263095942774e+00 -8.181797454862154151e-01 -1.787537779698216145e+00 -2.576710093454102068e+00 -1.661315311292409280e+00 1.074047277880688211e+00
-4.702569837630997007e+00 -2.768872709777365770e-01 3.905672307402394683e-01 -5.591801516306805775e-01 1.210577076289442028e-01 -5.249456830852360367e-01 -1.938948892172515759e+00 2.124081163871881783e-01
-4.336208183083692269e+00 8.722499198816491273e-01 3.845274460651117998e-01 1.014888585430754775e+00 -5.555908152747114637e-02 1.041333162252141342e+00 -1.809267329345466635e+00 -8.166594393637924831e-01
-8.848155084059312614e-01 -1.659598922258042286e+00 7.096448246807369742e-01 -7.768033079768449367e-01 8.491600681496754843e-01 -1.383589796910606795e+00 2.369503324860607663e+00 1.741525898613145440e-01
-4.112341875546210446e-02 -6.151085265669476776e+00 -1.297216973308672472e-01 -8.759750039040568037e-01 7.119922570721104460e-01 -1.577311794768293973e+00 -1.113407136604212949e-01 6.184819500140761872e-02
1.621180651537425632e+00 -5.922797475972219949e+00 1.156919933241612908e+00 -1.806947669588745420e-01 6.355967263200469342e-01 -3.745911600803072949e-01 -1.770722145061969677e+00 -5.793769885130410913e-01
-3.172369258197610620e+00 3.462301910193350096e+00 9.208716338576385940e-01 -1.016167713263536054e+00 1.676217867975859033e+00 -2.589905270785388680e+00 -1.556204820251877674e+00 1.809901060697486574e+00
4.496744009174744150e+00 -1.042675483700504557e+00 2.564476546778675647e-01 8.780086044530099887e-01 -2.672077746680148747e-01 1.074653241645702195e+00 1.759254371373619730e+00 1.058178327790792794e+00
-5.898786524458058622e+00 1.416970464662899332e+00 5.547330098147407185e-02 8.397795486059702608e-01 -2.158657599764299273e-01 9.504350235507588174e-01 -9.261637005656804256e-01 -8.120321360003539546e-01
4.766260450963887507e+00 -3.787176569520952274e+00 8.681545135425110526e-01 -6.333465942479241662e-01 2.903812321357560622e-01 -4.463988525786549699e-01 2.096287348685061502e+00 -7.008537253099040853e-01
-5.078405702723124193e+00 -8.074302030246123252e-01 -5.324086138950884228e-01 8.791522920057459611e-01 -8.628353963989372766e-02 8.422904204192135369e-01 -1.801810990933421674e+00 6.568031845379903588e-01
5.534864139127295246e+00 -2.637900563295954015e-01 1.109381995751215877e+00 -4.181989591920176608e-02 9.420069483459981852e-01 -8.753956757633818420e-01 9.767121000532709152e-01 6.448481038260752696e-01
4.172247411037631082e+00 5.294522955216317328e+00 -9.089152382495098159e-01 -7.969633389272494650e-01 -3.108925297978631375e-01 -6.621500469295816815e-01 1.900767813634545611e+00 6.497952370633566233e-01
-1.427844749249579159e+00 -3.964636338673362737e+00 -1.129179623506969321e+00 -1.018495733473722797e+00 -1.486438073061295606e+00 -2.241262328617194655e+00 8.531525223766567301e-02 1.161065463807353870e+00
-3.492371904296049934e-01 -4.696899065922444549e+00 -1.058464561842308971e+00 -8.243609535664468968e-01 -7.221976510030804208e-01 -1.081964784928360235e+00 1.414355610623098780e+00 -1.729873353762806154e+00
-1.411969350752793062e+00 -4.415931987185523155e+00 -1.087553926546658500e+00 7.046037133100564454e-01 -3.824149055208839187e-01 3.258049499965813833e-01 1.991920583523409505e+00 -9.734711280442336356e-01
6.406072514503664550e-01 -3.813677109846334012e+00 -9.045663693241022818e-01 -2.602259538899549529e-01 -5.018422673792000133e-01 -3.883203967638100829e-01 -1.006944376645380945e+00 -8.110389121761174547e-01
4.462565270110976812e+00 -8.519624135196011139e-01 1.162119450227268702e+00 7.826385625279193015e-01 4.280817770084829332e-01 5.401703348477774336e-01 2.128480559078083090e+00 5.620056013254861593e-01
-3.551225845769722778e+00 3.707056473382836614e+00 2.765137879343151361e-01 -8.949238174940579160e-01 4.620541049723298488e-01 -1.154176717440463351e+00 -1.237981688494751209e+00 9.772433956377257758e-01
3.001739620235966299e+00 -6.382194604377300351e-02 1.115607678498311328e+00 -4.609113152886391562e-01 6.522646193770373912e-01 1.894689305052877915e-01 -2.881823353759273565e-01 7.316579438958764614e-02
4.841366116892011462e+00 5.332155292923943080e+00 -8.513750026804073334e-01 -9.839086961025649281e-01 1.341434622021068362e-02 -9.957396286865759505e-01 1.977092404866196196e+00 8.203097562293362177e-01
-1.844568636862605082e+00 2.169236952684427067e+00 6.239751151444927757e-03 -2.777843639905360762e-01 -1.086831525795794867e-01 -3.476821466849773223e-01 1.896580001198600041e+00 -7.972794057621557240e-01
4.336819314187870589e+00 2.876523602522498280e+00 -1.148115704355510802e+00 5.181355005000496394e-01 -6.063133939602523004e-01 5.849972414654625030e-01 2.213126040134175465e+00 -6.145043126044920090e-01
-6.532663386508117398e-01 5.539198506803556299e+00 -7.707471789945838925e-01 -9.097221661296286399e-01 1.341330385116510648e-01 -1.043303612094165667e+00 1.228245052747843014e+00 6.645485231319716579e-01
-1.413422315909786953e+00 1.003433808654968118e+00 -1.110996833011204110e-01 1.007212403786970079e-01 -2.479515008248081229e-02 8.215775338581678133e-02 1.973934013209001304e+00 -8.419708343944193318e-01
-1.598801418405353836e+00 -1.528866409494996859e+00 -2.712412176578462564e-01 -4.263430402601756652e-01 1.533110375772913370e-01 -5.792793157224187528e-01 1.993009905649156810e+00 1.005326930252840478e+00
5.177580657415099097e+00 -2.017712475067949818e+00 -4.731189934221837756e-01 3.210161426247744032e-01 -4.119749194491230115e-01 5.731778548702469722e-01 1.974205646746974407e+00 7.150497346803765808e-01
-5.458031341732674235e+00 -6.934516426459493843e-01 3.737399137205708044e-01 9.743504200568753326e-02 1.845796660016579827e-01 8.780606931559556405e-02 -1.485489642507305641e+00 6.553805975503704806e-01
-6.251990218671865662e+00 -6.259008333108175393e+00 -4.256650718490102570e-01 4.573003937904960292e-01 -8.829107176559476411e-01 1.340189368124240721e+00 -5.407581955943688984e-02 -3.247885774759443067e-02
-3.514940949470550358e+00 -6.183484510183602900e+00 7.090074647169419819e-02 5.253341277688379218e-01 4.459722466950152842e-01 9.223311533251929983e-01 -9.168751184402446075e-01 8.786920070492830470e-02
4.098532073257425523e+00 2.538122118130612392e+00 -8.192920389136426618e-01 -6.009277297607382717e-01 -4.065472738960255739e-01 -5.967052545921561757e-01 1.392289050772807402e+00 -3.249276138699084271e-01
-6.154379513272543178e+00 -7.252673828389424315e-01 8.545475854029047635e-01 -4.640595109140491781e-01 7.391944717897875883e-01 -9.496493557018020892e-01 2.723633264005940191e-01 1.340723860384217536e-01
-1.403234052501473705e+00 -6.138660801988396365e+00 -2.217500241525184324e-01 7.437623101272727855e-01 -1.194732653865400451e-01 7.465144641682381899e-01 1.882823662649144136e+00 -5.485705463741843979e-02
2.680677810104079128e+00 4.569059227435808168e+00 -8.835937895796270869e-01 7.851462897958132459e-01 -3.355681758313729390e-01 6.803572987553728746e-01 -1.106424524367801254e+00 1.206635050232649942e+00
1.075121491239882765e+00 -4.020234234611531399e+00 1.902554404377279074e-01 -6.296011920153844477e-01 2.287295045981323771e-01 -7.150714482512592340e-01 -1.911005703793239530e+00 -6.181628285272888768e-01
3.752137989539901852e+00 3.097253561033001645e+00 -1.064613229657313864e+00 3.411866434349013488e-01 -9.739243825361404427e-01 1.113623917656730189e+00 1.807214580341258481e+00 -7.049104293630026330e-01
1.128233779329418596e+00 -2.555542635639493909e-01 2.147933131480925795e-01 8.002135467304860583e-02 1.017158350319622984e-01 6.111032869113664640e-02 -1.813421920633581097e+00 2.588892235496048633e-01
4.715766944014854190e+00 -2.628183792254463746e+00 -1.029313218903684657e-01 -5.699662273703665072e-02 -4.263335349989255674e-02 -3.618283996741848696e-02 1.998642320622994850e+00 4.924957384893639545e-01
1.219145908842276249e+00 -3.736603946062750481e+00 -8.409054267913269598e-01 -6.396833283049280228e-01 -3.536490357417199082e-01 -5.544659974070987873e-01 -1.687302611664948104e+00 -7.508265127190850707e-01
-8.157629148054796886e-01 -2.187920109367080812e+00 5.249799795020244630e-01 1.080558823615307640e+00 1.589689585210426748e-01 1.049188619607944073e+00 1.292988591727536329e+00 9.790549714686085370e-01
3.591441861239717426e+00 1.676160766269976676e+00 -7.386414727524681645e-01 -1.091644253403315057e+00 -5.871322807979922898e-01 -1.289925729513847097e+00 1.567975075522180517e-01 -2.815923111259088230e-01
1.215737407825725036e+00 -2.395184412861235401e+00 -2.265586389047875571e-01 5.378605167189798308e-02 -1.482596975372296177e-01 -7.844260625407269150e-02 -1.869991960159429034e+00 6.737462636874311794e-01
5.352037306973061348e+00 -3.417070204197782513e+00 -1.063505124505270683e+00 5.286825112672022264e-02 -7.447566016626399055e-01 -5.374551295720073618e-01 1.360568528482978046e+00 -2.796358911819968318e-02
-2.600946777519222319e+00 3.303214762757672673e+00 -8.611630792014146607e-01 -5.647124319750507215e-01 -2.960043788462247694e-01 -2.897165797527065934e-01 9.976483117280526836e-01 1.926507907890072924e-01
3.585627216767276693e+00 -4.521578907226985855e+00 -1.069449991476706385e+00 3.115178592098089005e-02 -5.480207294170470478e-01 -1.061421573811987540e-01 8.028594320536025508e-01 -9.255378229506036059e-01
-7.958297624020822525e-01 -5.059335172613410592e+00 1.316033657378548050e-01 -9.338720709445528234e-01 -1.510531261172934625e-01 -9.994230821170200230e-01 1.564898963833619483e+00 -1.076425580695415940e+00
-5.045792015982060619e+00 2.114461560406793339e+00 5.531935557584104490e-01 1.048744919284512855e+00 -7.377166886539643365e-02 1.095915114655442668e+00 -1.952029289974205550e+00 -7.936574815114416648e-01
-1.932231416225282494e+00 4.495950004697109037e+00 -5.330219427441031943e-01 9.378841016749601689e-01 -1.431185536737309194e+00 2.354051446325391428e+00 1.383986397556445480e+00 1.463462613688976344e+00
-3.693286040883046351e+00 -2.449775900747091839e+00 6.163914690781115979e-01 -3.456943909492792288e-01 3.835825187570274242e-01 -4.690063724827013836e-01 -1.218613364626646378e+00 8.082903929637060836e-01
-3.125470983947794323e+00 -4.505851831604475777e+00 1.146497565814835307e+00 4.620689122949039884e-02 5.792510169431034361e-01 -6.342614202715139704e-02 6.831755565777841710e-02 -1.014822528029710513e+00
-3.443034744293989036e+00 -3.230071336806093818e+00 -1.023820843890049126e+00 3.714886849243725919e-01 -1.327610302581446966e+00 1.669106770006935525e+00 -1.062146701992321418e+00 3.799882542889427284e-01
-1.517884782109711672e+00 -5.500044478017702687e-01 1.016946884531744866e+00 3.819024506778101458e-01 4.768605158548362977e-01 1.115002488418600363e-01 2.040996440207263340e+00 4.788956021177879219e-01
-1.990341540789453134e+00 -4.160127673708666762e+00 5.214106177073414283e-01 2.185116322561606594e-01 3.832124351576887689e-01 4.345700361493999853e-01 1.689008339130448899e+00 -7.138001471299069145e-01
2.439792841534059065e+00 -1.476199204143721744e+00 7.236411787745222757e-01 1.116135163900773275e-01 5.395741925743997580e-01 4.973233582159446442e-01 -1.103537801336369695e+00 8.078803985671333399e-01
-8.127627848087453089e-01 4.349317778365572096e+00 -1.302481872761385162e-02 -1.526704389278112917e-01 2.945211954309248301e-02 -1.654729159786611226e-01 1.456767694857426854e+00 9.304214983869636413e-01
-2.296085047178873406e+00 -5.346011662029514611e+00 6.947610852574832574e-01 5.670988818565803058e-01 1.249013389020489750e+00 1.810868425194066100e+00 1.289575945957788239e+00 -5.988480127347304283e-01
5.701892987173863503e+00 4.717683735521555732e+00 1.150943889412320731e+00 4.529795186266651896e-01 5.315320145537223429e-01 1.587649345644934762e-01 1.027927124150312732e+00 1.070267771231759868e+00
1.438689256618657097e-01 -5.341924073657780880e+00 1.671151221371340867e-01 4.345141256291806808e-01 -9.022897327208162510e-02 4.975458290307250842e-01 -3.188688969880240087e-01 -7.761786869223635810e-01
2.490646545057838779e+00 5.721030296247439750e+00 5.396978054754266729e-01 -9.214717175272774119e-01 -3.751937122219414777e-01 -1.295187414006236271e+00 -1.254969654321986816e+00 5.761018285431374064e-01
-4.526865379785728116e+00 1.738707386470260019e+00 2.052632008028616450e-01 -3.574067634630934132e-01 5.624400798524721301e-01 -9.197596106648617820e-01 -1.956568936087415000e+00 -9.950466947724893041e-01
-1.688159139029284717e+00 -3.874085909984269271e+00 1.128183424814117819e+00 -9.440760523571473106e-01 3.499649368379172398e-01 -7.421235148369624834e-01 2.198352345034888966e+00 -8.808360428467389980e-01
-4.047944071595743765e-01 -5.953742245237148012e-02 1.444601384663930510e-01 -2.128446771266555571e-01 3.093153598396169990e-01 -5.039068767512902003e-01 7.349084795098097533e-01 1.122533577575325209e-01
-4.323528768318927185e+00 -2.526668404153061598e+00 6.022279235023519917e-02 -9.494246567107031964e-01 -7.825811949494027031e-02 -9.669657018393648107e-01 -1.776936078325430435e+00 5.031491416078435197e-01
2.507250053494672670e+00 -3.798485091027963279e-01 1.138130074113259171e+00 1.081606982564809138e+00 2.054672175315355620e+00 3.070099780182420357e+00 -2.773384253523118126e+00 1.958867770123338792e+00
3.024749420427847113e+00 5.005737892536753719e+00 -4.818990822700081056e-01 -4.004752487816138906e-01 -3.485134406926100881e-01 -5.394573698065846523e-01 -6.074332040323403292e-02 7.848690940953800821e-01
4.099776256974724475e+00 -3.791869977589655161e+00 8.081029055435735575e-01 4.291947465750605151e-01 4.124246652775235278e-01 4.447248843588050837e-01 1.453011527170588568e+00 -4.221217273053690100e-01
5.455523281405248781e+00 -8.909072984983694710e-01 -2.334617681479355111e-01 -5.929835205457397729e-01 3.569104644169355245e-01 -9.491804082694540456e-01 1.494114500469786444e+00 7.562310189337302369e-01
3.673529877579332137e+00 5.199511599436798193e+00 4.974979474557836845e-01 6.954033228679541434e-01 2.334063000996565440e-01 6.849468126126738721e-01 1.174118074141570878e+00 7.239729842541078320e-01
-4.076542302602193857e+00 -1.654918575850850893e+00 -5.974576605525896422e-01 -1.070988642029311100e+00 -9.776252496432079608e-01 -1.805992936035491825e+00 -4.449803806779960569e-01 -1.676941651362894303e-01
5.355300672990802369e+00 1.249098218052405507e+00 6.480850320501929662e-01 -2.824982735755234842e-01 2.907576785638035788e-01 -1.168426929654890339e-01 1.572787177887660093e+00 -9.207800379510100441e-01
-2.043690287516095161e+00 4.031513480490556134e+00 -7.164870972034174113e-01 -1.404168534010930003e-02 -6.740107547209480687e-01 6.454439288363503779e-01 1.870336438643551924e+00 6.871933168674765335e-01
-5.075673956161747213e+00 -2.506193745316675159e+00 -6.861625057841762576e-01 3.474906802025019559e-01 -3.046935344653597388e-01 9.131680140319105299e-02 -1.884533104763780109e+00 6.085625941189046761e-01
-5.957386669396509404e+00 4.007610887814504252e+00 -4.356179714219058363e-01 7.523786138407517754e-02 -2.934643249607747362e-01 -1.764358988999785716e-01 -6.667615282060967985e-01 7.883858374951510095e-01
2.112398551493699372e+00 1.978423927060433130e+00 1.093252564680809558e+00 7.724035321120383824e-01 3.220250901102750252e-01 4.532641681247097099e-01 -1.733264453434546715e+00 -8.985670870731881088e-01
-9.032414703087008334e-01 -4.991999831051863623e+00 6.282676344083750752e-01 -4.060752286531056354e-01 2.357653444523785113e-01 -2.683915192316447818e-01 1.519309138059762310e+00 -9.097966050151770068e-01
5.680134041730795502e+00 -3.592135966708368322e+00 7.293033313195522727e-01 -6.469604981499266216e-02 6.503488527679482933e-01 5.781043241461175652e-01 1.077199992600025080e+00 -3.783383690884009054e-01
4.285346017012754416e-01 -1.649011405991265278e+00 2.805599460361927200e-01 3.808473439768833568e-01 2.637651409076388620e-01 5.088625833518912733e-01 -9.484290212060962899e-01 1.114295064056251672e+00
1.498803166695202194e+00 2.630919648696545821e+00 -6.357418948332891340e-01 4.684990344911896809e-01 -4.587481086577144818e-01 6.633498538506966691e-01 -2.270315521572013662e+00 -2.132681991835960189e-01
-1.076549065577088626e+00 -4.041919261721810486e+00 9.838270651246936449e-01 -8.789635408439504527e-01 1.149433694535167277e-01 -7.658003035623599519e-01 1.776083657463993104e+00 -7.989614776843890764e-01
-4.254136636056042420e+00 6.351727421451807132e-01 1.009557452141659040e+00 3.813704821689849478e-01 4.786312839648435014e-01 2.971319112638927673e-01 -1.933650673042792478e+00 -4.533198965762700872e-01
-1.873998957258319109e+00 1.057811947133338037e+00 1.197363437051709889e+00 4.955532963061786145e-01 1.612139442196211636e+00 2.072348818834403250e+00 2.604504005966348235e+00 -1.567017424244464330e+00
5.400905742739057658e+00 4.244590924900435880e+00 4.810732359074136877e-01 6.867237435706929904e-01 1.112834645062609068e-01 6.419081790275470434e-01 1.478993474767847260e+00 9.579484860724870599e-01
6.057979721161887099e+00 1.827073769603767772e+00 -2.078005142290895169e-01 -5.926378137541774560e-01 -2.700844301784601220e-01 -7.177123215694936054e-01 6.184182729506025877e-01 -1.139145027189978565e+00
-4.042477927142198446e+00 5.694429691880577238e+00 3.264218428071208322e-01 1.158304523575614420e+00 1.305635266063154276e+00 2.400853765527440231e+00 -2.530357929198018496e+00 1.517930716808222336e+00
3.032434252569879973e-01 -1.532479438408120842e-01 -4.145938655276855123e-01 7.535053255287438301e-01 -9.134541713304110688e-01 1.573426018057133779e+00 3.630861274609020750e-02 -4.808942198472804797e-01
4.616652552781838281e+00 -5.357533917472004248e+00 3.292108105113551453e-01 -7.458993404128988480e-01 -2.411591119687919449e-01 -9.515679189609255184e-01 2.110671682523723280e+00 -9.188427703548435188e-01
6.071485257963267657e+00 -6.213161503228384674e+00 6.303955900996218720e-01 -1.111036783655440674e+00 1.575835320624787927e+00 -2.624748916025307910e+00 -7.296606831763191581e-01 1.079938687190020730e+00
5.555361245999952402e-01 -2.468213659409028260e+00 3.924497209318760227e-01 7.318219444944160657e-01 1.103936686475488926e+00 1.828102345005950369e+00 -1.292067489037992178e+00 8.609007008293934060e-01
-5.131648190806236798e+00 -4.260571789994338054e+00 -7.510827769407817378e-01 -4.033502179080180605e-01 -3.099327444971110568e-01 -2.037524613233674120e-01 -1.778470669546630356e+00 -9.479660402156935284e-01
-1.446767540374055194e+00 -2.563007516569708599e-01 -7.330574008747943182e-01 9.113359116825703321e-01 -5.753273859578371674e-01 1.124912671804280340e+00 1.383690397098842340e+00 8.544500575344803339e-01
-5.736533280989004169e+00 -1.719599074485552492e+00 -5.826320726491229784e-01 -4.964570857163130846e-02 -3.865728931391965162e-01 -2.973363613918931780e-01 -1.127908431308874304e+00 1.077197565469018459e+00
-4.808031029407180412e-01 5.557594178976792421e+00 6.313902460777502945e-01 1.106253403084304088e+00 -4.173705470254295280e-01 1.511181599447018575e+00 1.077838819246112134e+00 5.107217162049060288e-01
-2.643015733624350272e+00 3.544537434421890509e-01 -1.110674126374962656e+00 3.549933950875927557e-02 -1.053804876029708959e+00 -1.007379919229567600e+00 1.108821799915549855e+00 -4.995475510788185414e-01
-5.457440598502323326e+00 -4.004455972153142085e+00 7.654525013045199167e-01 1.168565787154660418e+00 3.162344823751143119e-01 1.131395788582044259e+00 -1.114799544644569318e+00 -1.115013856939522929e+00
4.958827392692670699e-01 5.032725563132180113e+00 3.933863252085778583e-01 -1.106612231808033586e+00 1.016101186537465006e-01 -1.088866438501986389e+00 -8.426770404780691281e-01 8.401900290631012513e-01
-9.903430727655848642e-02 -3.227264180905599744e+00 6.376215506630829033e-01 -6.681745981283876423e-01 -3.048794870321613892e-02 -6.986598248487752016e-01 1.974603757653474179e-01 -8.528213833177840375e-02
4.567055523381888804e-01 -4.024936761731156665e+00 -1.576235837841639675e-01 4.956902716258013708e-01 -2.272276851375912635e-02 4.904934730364189921e-01 -8.928373818234767167e-01 -7.620152959920796221e-01
-2.214815503934274510e+00 -3.034370790071723167e+00 9.203151725246352388e-01 -1.022398714649888074e-01 6.453809359489224295e-01 -5.427422352572062181e-01 1.855374271825866117e+00 -1.489796334736924743e-01
3.491883387645700054e-02 3.973749286703549544e+00 7.011839066470808568e-01 1.152691196992665423e+00 9.965036198018795144e-01 1.848933857259533076e+00 -1.387979271324735198e+00 2.057540908485480990e+00
2.936381284269087288e+00 6.109273132089487746e-02 -1.037659532733000267e+00 3.248742779658797541e-01 -6.773272457219546849e-01 -3.285772665209800714e-01 -4.661172928988562281e-01 -2.485640179838266572e-03
-2.505586220171720946e+00 -7.452533304162090033e-01 -2.593214793860447731e-01 -9.279365205252321225e-01 -2.209963540602123411e-01 -9.695730684607933858e-01 1.398409783678561835e+00 4.677231548668341343e-01
1.790109890844432172e+00 -3.768706174743190473e-01 -9.220106021574807631e-01 -1.108233178111099893e-01 -5.842103163014277234e-01 -4.388510071328886042e-01 -2.164245496592846596e+00 5.801639675314337330e-01
-2.217445201980496883e+00 -3.233086885750930062e+00 -7.462877251014436997e-01 1.176610437251197405e+00 -7.934360176023719236e-01 1.594810508094816059e+00 2.671558736256955946e+00 -1.166710609341542693e+00
-5.929111330294061233e-01 -2.873226009145833704e+00 -8.272361878695455584e-01 9.228195170619073462e-01 -1.434690841700471953e-01 8.293539162870081638e-01 1.207827549041776027e+00 1.748846337170461007e-01
-3.929673175372792482e+00 -3.321919693429142839e+00 -4.698868192883219885e-01 -1.087332426464782564e+00 3.187919304217243233e-01 -1.349039212168359425e+00 -1.663578371146454682e+00 6.622515344821044980e-02
3.037983416498232003e+00 -4.905751916822675085e+00 -7.183780726404911388e-01 -2.153694901957551311e-01 -3.703288018908488244e-01 -2.485632615615588625e-01 -2.985275474138825991e-01 -8.896839446268676177e-01
-2.039275389645210268e+00 -4.634707489530359048e+00 -2.209983929367843603e-01 -1.593065704741243316e-01 -2.812517954075327564e-01 -3.996432786639319001e-01 1.726130231962504924e+00 -9.386024053112468346e-01
5.468300951233825202e+00 -5.811300217320877870e+00 5.775909152265557012e-02 4.195757762184606499e-01 -3.113019276417525183e-02 4.282991863374552843e-01 1.442493708823670451e+00 -4.417673206020521492e-01
-2.694182938010366790e+00 -6.304061166799694860e-01 -6.669708494097960072e-01 8.401742865539760796e-01 -1.516614020387492545e-01 7.683999847612975609e-01 7.626031607552780089e-01 6.921330288487991256e-01
-6.224581752122459122e+00 -3.003156121370827769e+00 -8.273549479617037239e-01 -7.598325679890516327e-02 -8.973890079833497513e-01 -9.705141166675124165e-01 -1.865950325866204129e-01 2.074497737637469308e-01
-2.947524266159914585e+00 2.814156476064118451e+00 -7.247676283830168931e-01 -1.314871211116981353e-01 -4.893163024050269372e-01 2.927846633400915111e-01 4.570771570548859408e-01 -3.929886491508084445e-01
-2.557096188811155635e+00 6.060316507086781712e+00 1.818569564260852367e-01 7.894073879933349858e-02 1.553502855157782858e-01 1.863506008005977044e-01 1.124474191742616647e+00 2.001132020630598252e-01
-3.019136479023974307e+00 6.147815735509976065e+00 -7.133738685137105406e-01 -7.884210825774264908e-01 -1.385648221918769796e+00 -2.128268991343699401e+00 9.962412953692691975e-01 -6.169840743865352417e-01
4.724202278869405802e+00 -2.434681364586998242e+00 3.318288462281926421e-01 4.190003850043009237e-01 3.992650899144219168e-02 3.934290251695050644e-01 1.987796655729588524e+00 6.615520966631488475e-01
-1.074685445682092677e+00 6.149167283908576920e+00 9.492573071930070494e-01 1.177827752000684347e+00 1.544202514711824903e-01 1.086835786933162185e+00 1.894478996693177208e+00 -1.980865889250671419e-03
1.005362162476004073e+00 -5.092890804569076835e-01 -1.683497373481506187e-01 -1.731342565061289029e-01 -7.944218321397292226e-02 -1.686763114371114813e-01 -1.702091024521137141e+00 5.009355721943672402e-01
