-2.720771763183969405e+00 2.048654547970892636e+00 2.362749369744269412e+00 -2.419755779361031589e+00
6.714567969592373231e-01 -4.603010232102855426e+00 1.381590569413758018e+00 -1.914536256523720725e+00
4.973009614468827166e+00 -2.539121592255243254e+00 1.452456452604030224e+00 -1.787687471729594746e+00
-4.240890148647430635e+00 1.518045163852384860e+00 1.110350757031716373e+00 -1.976050367663688689e+00
6.120678632589360291e-01 -5.246954849414539268e+00 1.505595938010738877e+00 -2.416979631180286248e+00
-3.569484220370256811e+00 -7.073853233850737610e-01 2.269656906181835687e+00 -1.308461687805959173e+00
3.709650249520539234e+00 1.081606911021578021e+00 2.474896381117178912e+00 -1.603890061956562585e+00
-2.454382669582996002e+00 -5.662849771761696793e+00 2.368772000825321911e+00 -1.371007263532404430e+00
3.211078109654371460e+00 4.824675334108853519e+00 1.931007677762160313e+00 -1.888219846853192330e+00
6.006127115775690584e+00 5.433578062009074117e+00 1.794575279861120087e+00 -2.635097970208600593e+00
-4.482018284819973886e+00 2.271828507541920672e+00 1.256011331832664224e+00 -2.147279847424309107e+00
-3.421660653303701949e+00 5.176385591172754985e+00 2.247195299656518763e+00 -1.569911379201435864e+00
-1.873114796981871777e-01 -2.206742672016084761e+00 1.850185697370685167e+00 -1.416449799560905110e+00
-1.770507059339752054e+00 -3.968890386890452593e+00 2.721474166064518307e+00 -2.134280891163081506e+00
4.071016258869113003e+00 5.785876320424332420e+00 1.617741865595229145e+00 -1.474175939063967267e+00
-3.233636013015113608e+00 -1.231871869951195464e+00 2.086684750756881090e+00 -1.668934431859308454e+00
2.844014694502593699e+00 -2.918323653395037631e+00 2.064921164147907273e+00 -2.932319195370407527e+00
-1.363429112567907886e+00 -1.535098988927579455e+00 1.022047078972688539e+00 -2.007347958263502541e+00
5.498981048764832735e+00 4.481526149160707462e+00 1.312475548999189945e+00 -1.838008503313538933e+00
2.196726427005639692e+00 -5.440031459193930274e+00 1.394824398976993729e+00 -1.610343847062897238e+00
-5.509989958865299187e+00 3.810180333430677635e+00 2.432938950580643134e+00 -1.438405345214804454e+00
1.460656687800686804e+00 -3.903223026119715833e+00 1.314079214392775530e+00 -1.920451696056343138e+00
2.211638344988482885e+00 2.923242082929013108e+00 1.826359283850532700e+00 -2.583674814495817262e+00
-5.158558077179763224e+00 1.498817661334348017e+00 1.100229064819144398e+00 -2.031032904533647265e+00
2.854477207353248502e+00 5.371367091345017997e+00 2.223892787737497212e+00 -1.412755795359846633e+00
-8.119562078195254884e-01 -2.748226464798373847e+00 1.721864498424421352e+00 -1.364472534605277954e+00
3.580620216949339962e+00 4.056241120413336176e+00 1.663204919862004694e+00 -2.552213507056792618e+00
-4.307316006345782711e+00 -3.576294418819113918e+00 1.612941397859350090e+00 -2.357434145774412571e+00
6.071590092068030131e+00 5.773162228435088750e+00 1.897468880306596217e+00 -2.853268786694227011e+00
2.991208772198753252e+00 4.336514560854666911e+00 2.139358468275865732e+00 -2.362942977232826536e+00
2.166237159385996591e+00 2.804175047736201520e+00 1.725922090833553524e+00 -2.529247626144831784e+00
-1.587677750898324192e-01 1.953241505785404897e+00 2.146679532970592774e+00 -1.631503558540978727e+00
-1.533172093821367099e+00 -1.522025883436493032e-01 1.848491675712393700e+00 -2.037180505657762097e+00
5.122157740706638762e-01 -4.705580720949334328e+00 1.509901507278714528e+00 -1.994065553827070847e+00
-2.773465892613959038e+00 -2.772844325376691899e+00 1.870286116231623774e+00 -2.870285923058714772e+00
-8.928013334435789261e-01 1.862466837397681374e+00 2.745937809420255338e+00 -1.819637611119377940e+00
3.029530867418458229e+00 2.059032884324549784e-01 1.977136727628116875e+00 -1.027263155858395560e+00
-3.011592635645745197e+00 -2.750815344681141195e+00 1.950621409715728394e+00 -2.916811269542867624e+00
5.817264667312018744e+00 -2.675167723618145477e+00 1.797976105529789370e+00 -1.202024021624462424e+00
4.937917060116303603e+00 -4.077641120645996153e+00 2.784829935629379527e+00 -1.867398389022804972e+00
-3.730859217955931673e+00 -3.952307496376105345e+00 1.597202548238726205e+00 -2.572782916948732623e+00
-4.500200440530020884e+00 -3.328686562162102902e+00 1.818167332082951226e+00 -2.206924665431317045e+00
4.704141664385383947e-01 3.747746158521625404e-02 1.983017110486619661e+00 -2.890754715847992706e+00
-2.012521043103404850e+00 -5.300717536117090845e+00 2.752023032417989512e+00 -1.762750141754658939e+00
9.822297343611756659e-01 -2.574005443002529869e+00 2.447141274956546653e+00 -1.531880882121288145e+00
5.847048694399738622e+00 -2.617275990205655933e+00 1.788516974613881150e+00 -1.215368367457858589e+00
-9.531938012348071254e-01 3.023382618479477202e+00 2.096148703153712933e+00 -1.424958986467025124e+00
-1.948372247236846988e+00 6.145563834546653226e+00 1.872475875205833917e+00 -1.634817495598240189e+00
-6.893276409868711596e-01 4.733242885616716578e+00 1.364119808380017673e+00 -2.016091246390036229e+00
-3.973834250375356536e+00 4.887810380119089970e+00 2.728094154898168533e+00 -1.882507582026588411e+00
5.154684179188402382e-01 2.486720447700855985e+00 1.699769507305086247e+00 -1.309931475198997664e+00
-6.256474751734485196e+00 -2.933856714814953470e+00 2.005508264688872888e+00 -1.021848663020685777e+00
1.876308899484683934e+00 -9.632719277113679368e-01 2.783042621547365147e+00 -1.828302600707851555e+00
-5.401874256134492569e+00 3.136679570006055684e+00 1.996209209889133751e+00 -1.363867558793497636e+00
4.979965827446783067e+00 -3.201941585959454439e+00 2.058166057497806900e+00 -1.736086025262868482e+00
-4.545514931735972652e+00 -5.597478582313045514e+00 1.375576029032705927e+00 -1.871442802603909383e+00
-2.477838994526680771e+00 -5.103870611409673685e+00 2.569468358035320144e+00 -1.699452102820062427e+00
1.893025423718356137e+00 -2.645458601223567463e+00 2.451528935234780882e+00 -2.278499221250959383e+00
2.911699392563393829e+00 -8.429308406644580032e-01 2.170129547161624650e+00 -1.352225438570420657e+00
5.426090321234706693e-01 1.259804492847661272e+00 1.508398061731834217e+00 -2.262050102019224518e+00
-6.796633398675213655e-01 2.006756562947217049e+00 2.569741525493249412e+00 -1.671556428172953801e+00
7.395822818635284790e-01 -6.013514098611411285e+00 1.820442091419335329e+00 -2.712050649774306876e+00
3.753804497593668188e+00 3.405510904671151806e+00 1.850086291865190802e+00 -2.790042760029906255e+00
-5.755010056357433790e+00 4.740476454243855997e-01 1.769947505519734232e+00 -2.768482964306524519e+00
-3.600010523658622397e+00 2.429616684001265625e+00 1.710881511772098573e+00 -2.678907514187432781e+00
5.283774620390856214e+00 -3.458842195945493803e+00 2.262401321703459978e+00 -1.486189330281688648e+00
-4.367275464906653859e+00 -4.161836842055913976e+00 1.198014535082030818e+00 -2.176986136215631973e+00
3.955672508965378142e+00 2.649854055796037500e+00 2.343304210856616443e+00 -2.605192124943982890e+00
-5.666064362723361114e+00 8.163718253990595031e-01 1.578328709860456147e+00 -2.558543839672995368e+00
8.532838858146458705e-01 -3.845001501931422538e+00 1.512656690350021149e+00 -1.498553565267466858e+00
4.193245624177563968e+00 7.991505799699725188e-01 2.622326439180275859e+00 -1.654036151813196298e+00
-1.982874716920628444e+00 -3.093793017751190089e+00 1.956218330205782729e+00 -2.400057138729827066e+00
-5.583973080769992769e+00 -1.353584061181451581e+00 2.628491315087775337e+00 -2.164939109178777521e+00
6.011816448827817183e+00 5.324577139426814654e+00 1.780629511842929613e+00 -2.553629867832572398e+00
5.483758674192914739e+00 -2.711317844124772947e+00 1.700942687728374203e+00 -1.366423588358448349e+00
4.322171657690921265e+00 -2.292680002918810800e+00 1.305860132525882289e+00 -2.251361192638730913e+00
4.300920567905379244e+00 -4.822514655555201202e+00 2.910982414468470836e+00 -1.956043592439334677e+00
1.514407018264257054e+00 -1.690199441920845480e+00 2.991301774645643619e+00 -1.993286487694458042e+00
4.961823729534337701e+00 4.191512127747225591e-01 2.394389953016151207e+00 -2.225487059877929497e+00
4.120045473323619589e+00 -1.936386003613725926e+00 1.225193402182237490e+00 -2.199594719572420587e+00
-1.398229318892427742e-01 2.111344596023609910e+00 2.119497648405934687e+00 -1.490416031852382028e+00
-4.954379052643226089e+00 2.988168746240001283e+00 1.851630083870064114e+00 -1.763179658550444673e+00
-5.645065271247606375e+00 -7.450612529223006320e-01 2.403885459199981867e+00 -2.590401776435246273e+00
-2.570749296837706588e+00 -3.291521879968318132e+00 2.080709868648981331e+00 -2.832005943995750563e+00
6.065629923499951559e+00 3.673684595386106366e-02 2.007927617813054066e+00 -2.975769202941962455e+00
-2.426341424213722675e-01 6.200267565293533067e+00 1.980100967183603622e+00 -2.967373393416052885e+00
9.358108330098131589e-01 -4.499555171237554774e-01 2.350149935774952237e+00 -2.534125934367434052e+00
3.073794114127062826e+00 2.918245581642308295e+00 1.984994478501018289e+00 -2.972921178139697140e+00
-4.838904208471678459e+00 5.885542965385923253e+00 2.384150699188225531e+00 -2.116333152767836623e+00
-6.273816800899923329e+00 9.668687355933984762e-01 1.992288786889478747e+00 -2.567854769977837126e+00
4.251962314029134049e-01 5.620722996251823034e+00 2.253712053739477028e+00 -2.718272150336664250e+00
-4.453584212278742349e+00 1.679422608661091942e-01 1.838412884666121405e+00 -1.747675352563023754e+00
-5.754524083832884607e+00 -5.803302220794361865e+00 1.767141149880365081e+00 -2.765951732418113096e+00
-1.764128693303643303e+00 4.245115759646731490e+00 1.123833471770248282e+00 -2.086545737315244065e+00
-4.705033752171660311e+00 -5.446642154224341503e+00 1.257688721234755835e+00 -1.995071799177728700e+00
2.456804521967384858e+00 3.112018412218265695e+00 1.981296755158316714e+00 -2.774214371896996933e+00
-5.424497004829387237e-01 2.433910846063636058e+00 2.335591322030891703e+00 -1.349211117378082747e+00
-5.516032569192773849e+00 1.972189871173586795e+00 1.361079586513592288e+00 -1.718737958842741165e+00
4.298995422078947470e+00 5.940318000435715007e+00 1.692130712289955152e+00 -1.621662911889734104e+00
2.447488885855706897e+00 2.715628598849479047e+00 1.735677986387471616e+00 -2.699943411848044761e+00
6.187287285698541695e-01 -1.067933860246926159e+00 2.508199871794766445e+00 -2.392592686387862599e+00
3.388581091096874331e+00 3.295934921771179305e+00 1.962415282480006073e+00 -2.958126694975530491e+00
-6.098273881084518955e+00 -2.984194284674307696e+00 2.028819837597028553e+00 -1.029198297880271618e+00
