-2.593521101096486259e+00 -8.871941257095496969e-01 -8.871941257095496969e-01 8.894512631487068166e-01
1.901346315755064964e+00 3.482055366250644823e-01 3.482055366250644823e-01 -6.139854548893152186e-01
-3.111851805349556965e+00 -4.913068934403652666e-01 -4.913068934403652666e-01 5.944662759524491774e-02
-2.110351364157094345e+00 -5.960660583459531647e-01 -5.960660583459531647e-01 8.815380106752100930e-01
-4.087012534142903775e+00 -8.764965168943702478e-01 -8.764965168943702478e-01 -9.492217542051341050e-01
1.336175422361041143e+00 5.492421060462142623e-01 5.492421060462142623e-01 4.522101761022000455e-01
3.889174738957162702e+00 9.662625695255977476e-02 9.662625695255977476e-02 9.971412515978925750e-01
5.338294395971962203e+00 -5.036532885490999645e-01 -5.036532885490999645e-01 -9.495540586955477647e-01
2.399449723103094456e+00 -6.499079344990422724e-01 -6.499079344990422724e-01 -9.962603028680631079e-01
2.953926013506768200e+00 -1.023355639416037022e-01 -1.023355639416037022e-01 -3.665826284730653306e-01
5.315883092644265062e+00 2.331055270719577521e-01 2.331055270719577521e-01 -9.345485445982443240e-01
3.752363393195107477e+00 -1.178546154309011884e+00 -1.178546154309011884e+00 9.396279631589736780e-01
-4.117490607445128070e+00 -7.470118394947536933e-01 -7.470118394947536933e-01 -9.282934066725858635e-01
2.676498464263190158e+00 -7.449457252360882631e-01 -7.449457252360882631e-01 -8.017325458201853827e-01
-1.057476193923604590e+00 -7.921422858785813759e-01 -7.921422858785813759e-01 -8.555644994214607335e-01
1.871021002434298808e-01 -3.541688874806188103e-01 -3.541688874806188103e-01 3.655319156720994722e-01
-4.841244884542240001e+00 -1.006729134891873878e+00 -1.006729134891873878e+00 2.548685952958595347e-01
3.441606492388801897e+00 -2.854044208957142725e-01 -2.854044208957142725e-01 5.646653164861392682e-01
5.530474637979274632e-01 -8.123741508335713402e-01 -8.123741508335713402e-01 8.939554251647556793e-01
6.067258790091974774e+00 -1.166957969861479594e+00 -1.166957969861479594e+00 -4.185544303516696707e-01
2.058304216479340809e+00 4.121514835618087513e-01 4.121514835618087513e-01 -8.277107429419384710e-01
-3.956768110547029149e+00 2.522802732008788684e-01 2.522802732008788684e-01 -9.982271496573533742e-01
3.141866144343358869e+00 6.668363444620208913e-01 6.668363444620208913e-01 5.469814798561402694e-04
5.147631823348840285e+00 -6.544859018017210595e-01 -6.544859018017210595e-01 -7.646420300442930973e-01
-3.446838107111396710e+00 6.890790951740017878e-01 6.890790951740017878e-01 -5.732697620416464801e-01
6.062236458648943227e+00 -6.716911823352450517e-01 -6.716911823352450517e-01 -4.276556416500607027e-01
4.849891455623005498e+00 -8.970957510015391545e-01 -8.970957510015391545e-01 -2.715517014162355802e-01
-5.444694257601192078e+00 1.118239356047333599e+00 1.118239356047333599e+00 9.943675861774132763e-01
1.385326908545682301e+00 3.339044369277719415e-01 3.339044369277719415e-01 3.624905754104807976e-01
-5.259353269110629725e+00 -8.381174439067378135e-01 -8.381174439067378135e-01 8.884369773926850122e-01
-9.913908228335168715e-01 -1.022282013853639260e-01 -1.022282013853639260e-01 -9.163276493038564618e-01
-9.239450571906004939e-01 -7.325033145617831920e-02 -7.325033145617831920e-02 -9.618545268284673933e-01
2.411198926315273994e+00 6.198678251447908849e-01 6.198678251447908849e-01 -9.939551239375014058e-01
7.669283538428510738e-01 -1.412096184881983518e-02 -1.412096184881983518e-02 9.993178098480477445e-01
1.002107979766011958e+00 -3.002977355115374891e-01 -3.002977355115374891e-01 9.075348927434216950e-01
-3.925336166495387413e+00 4.790956377590012139e-01 4.790956377590012139e-01 -9.999945242684967761e-01
-5.530237414413033292e+00 1.165701176911650760e+00 1.165701176911650760e+00 9.978946990023508379e-01
-3.355544238482120356e+00 -1.017146858322429237e+00 -1.017146858322429237e+00 -4.149639405502653644e-01
-3.266762933375675360e-01 6.426652611534575676e-01 6.426652611534575676e-01 -6.078519395763897215e-01
-4.438996393331313683e+00 4.563836177682900619e-02 4.563836177682900619e-02 -5.199438147319388470e-01
6.206694118514381131e+00 4.884463946521946376e-01 4.884463946521946376e-01 -1.523863519560736957e-01
-6.152944158096988581e+00 -8.337504310985475175e-01 -8.337504310985475175e-01 2.575466100874549413e-01
3.160791769942235874e+00 8.268646637507492958e-01 8.268646637507492958e-01 3.838879751941683127e-02
2.442904429496724816e+00 4.168762173567159834e-01 4.168762173567159834e-01 -9.850004214587655405e-01
-1.951096765207703143e+00 1.077207091872527167e+00 1.077207091872527167e+00 6.893568578770070676e-01
1.630078268403717168e+00 9.513998458964325611e-01 9.513998458964325611e-01 -1.182862951863102724e-01
5.965763445763281325e+00 -5.169026855833388501e-01 -5.169026855833388501e-01 -5.930516927885999268e-01
3.320780792873403442e-01 -2.914065761985547010e-01 -2.914065761985547010e-01 6.163948801311958103e-01
4.510875404577934233e-01 1.452719772865411763e-01 1.452719772865411763e-01 7.846771075902581050e-01
-1.382203828821637615e+00 6.826978051006153958e-01 6.826978051006153958e-01 -3.683048085202055844e-01
4.974852938968837179e+00 -2.950017619023981297e-01 -2.950017619023981297e-01 -5.011506283716622434e-01
-5.225465361434977751e-03 -1.061628462620984648e+00 -1.061628462620984648e+00 -1.045074047873157524e-02
4.326977747299983079e+00 4.652529872973594216e-01 4.652529872973594216e-01 6.967254603486670028e-01
-4.722777408969173862e+00 -1.007751254865481672e+00 -1.007751254865481672e+00 2.077536238325412843e-02
-5.122824303305746341e+00 -7.806716397385859985e-01 -7.806716397385859985e-01 7.317395255962887424e-01
-5.848750545682131374e+00 -7.520198961299517926e-02 -7.520198961299517926e-02 7.635994871990148258e-01
3.585135625437537499e+00 2.568371058936933515e-01 2.568371058936933515e-01 7.752343087013624512e-01
-4.260358573828746387e+00 -3.793131928741141357e-01 -3.793131928741141357e-01 -7.858446859985256383e-01
4.830587331786269090e-01 4.118361141753357213e-01 4.118361141753357213e-01 8.226847072209211298e-01
-4.161979086954321616e-01 -8.529654699885678149e-01 -8.529654699885678149e-01 -7.395461308055741867e-01
4.502704464820217467e+00 -2.244411144549929293e-01 -2.244411144549929293e-01 4.071842412308137038e-01
7.375181355424746954e-01 -2.989564003971414419e-01 -2.989564003971414419e-01 9.954185084896304270e-01
-4.695681746367212028e+00 -4.666500412782159657e-03 -4.666500412782159657e-03 -3.340825035793250353e-02
9.783826222674223416e-01 -2.029163995935512332e-02 -2.029163995935512332e-02 9.264341117802410430e-01
-8.345034271224864852e-01 -2.735903735457707597e-01 -2.735903735457707597e-01 -9.951812212346177189e-01
5.222505576013061201e-01 -1.084817846282718490e+00 -1.084817846282718490e+00 8.646740390886222816e-01
-7.300523392230733322e-01 -2.820781025497978156e-01 -2.820781025497978156e-01 -9.938799322391714819e-01
-2.692736324779148926e+00 7.745520130126453129e-01 7.745520130126453129e-01 7.819030268869470168e-01
-4.721550342434429837e+00 5.558555309796211485e-01 5.558555309796211485e-01 1.832169889242563424e-02
2.929755378730469317e+00 -7.574773383173598607e-01 -7.574773383173598607e-01 -4.111128833657535231e-01
-6.049749866010992072e+00 -1.190895186217577839e+00 -1.190895186217577839e+00 4.500942506651230968e-01
1.345784929980148981e+00 -7.358006423641958449e-01 -7.358006423641958449e-01 4.349860584558664645e-01
1.752517115342325127e+00 -5.118920409445665287e-01 -5.118920409445665287e-01 -3.554931017424701745e-01
3.143759262991213888e+00 9.339146138579585976e-01 9.339146138579585976e-01 4.333205242200919606e-03
4.751878843135589392e+00 5.522189066162503934e-01 5.522189066162503934e-01 -7.889764119091527417e-02
2.169910423851497683e-01 6.040985302062404916e-01 6.040985302062404916e-01 4.204870663761742788e-01
1.544745270181602237e-01 1.717010225407975543e-01 1.717010225407975543e-01 3.040576170396360189e-01
5.355553756949646527e+00 -1.608443832776444982e-01 -1.608443832776444982e-01 -9.598114367771621858e-01
5.669868327365580996e+00 3.642942624242169192e-01 3.642942624242169192e-01 -9.413584070715156349e-01
-3.269169474707463330e+00 -2.322708669459618847e-01 -2.322708669459618847e-01 -2.523940796083548044e-01
5.396467434829293808e+00 -2.299154261396465504e-01 -2.299154261396465504e-01 -9.795387932329729930e-01
-5.183851439766130831e+00 6.426935463796150660e-01 6.426935463796150660e-01 8.092797256181437637e-01
-5.042339124182500854e+00 1.075918017774396107e+00 1.075918017774396107e+00 6.130380769007450770e-01
4.517476037901232644e+00 -3.853998623577372662e-01 -3.853998623577372662e-01 3.800273687895124319e-01
3.918931974867710721e+00 1.052356540456161449e+00 1.052356540456161449e+00 9.998701129392570941e-01
-2.546808971879784167e+00 1.353765976102205837e-01 1.353765976102205837e-01 9.282080867146758063e-01
4.449945907518236154e+00 1.167774671008515730e+00 1.167774671008515730e+00 5.011144806022790332e-01
5.099552525666629421e+00 -1.104651103960596403e+00 -1.104651103960596403e+00 -6.992351763095038253e-01
2.389071566954550363e-01 2.048363014518024272e-01 2.048363014518024272e-01 4.598393811487369032e-01
4.110654244422146775e+00 4.286411561357250655e-02 4.286411561357250655e-02 9.332906639197088294e-01
-4.309023740245399026e-01 1.012483933161157035e+00 1.012483933161157035e+00 -7.590188133138399129e-01
-4.466772479320386680e+00 -5.714870301515514450e-01 -5.714870301515514450e-01 -4.717134484434340469e-01
-2.694527912720860563e+00 7.003704948099691574e-01 7.003704948099691574e-01 7.796642600641469079e-01
3.809662913694417341e+00 -5.032848070515162364e-01 -5.032848070515162364e-01 9.725944267467998561e-01
-3.942570460298894464e+00 1.697180437110152873e-01 1.697180437110152873e-01 -9.995145887043350719e-01
-5.980985865587244987e-01 -2.418753471541108535e-01 -2.418753471541108535e-01 -9.306543661487727270e-01
2.327536886992126242e+00 9.637502032063711699e-01 9.637502032063711699e-01 -9.983579331517813404e-01
-1.321347832453406035e+00 -8.553432051018976523e-01 -8.553432051018976523e-01 -4.784572636604322859e-01
-6.294226939736198290e-01 -7.016984116708455677e-01 -7.016984116708455677e-01 -9.517366071510704462e-01
5.530553733153624307e+00 2.984080857664221931e-01 2.984080857664221931e-01 -9.978534696139114146e-01
1.681214017143910056e+00 5.445450080269502724e-01 5.445450080269502724e-01 -2.190447927315150867e-01
1.936947027548445277e+00 -3.781424612764546778e-01 -3.781424612764546778e-01 -6.685828129627596761e-01
3.719230282045080216e+00 -4.295368459984418852e-01 -4.295368459984418852e-01 9.149061061403895856e-01
