-2.720771763183969405e+00 2.048654547970892636e+00 -1.416586210221790765e-01 -4.392022349984354701e-01 -5.808608560206145466e-01 -5.808608560206145466e-01 7.825051491053010011e-01 7.825051491053010011e-01
6.714567969592373231e-01 -4.603010232102855426e+00 7.427275873063579059e-01 9.875836583345054542e-02 8.414859531398084513e-01 8.414859531398084513e-01 -7.038731740625211453e-01 -7.038731740625211453e-01
4.973009614468827166e+00 -2.539121592255243254e+00 9.745546221172836088e-01 7.303608714350406927e-01 1.704915493552324302e+00 1.704915493552324302e+00 -7.598560756663750304e-01 -7.598560756663750304e-01
-4.240890148647430635e+00 1.518045163852384860e+00 8.319313591453252332e-01 -1.299671638329615853e-01 7.019641953123636480e-01 7.019641953123636480e-01 -9.135988753045948263e-01 -9.135988753045948263e-01
6.120678632589360291e-01 -5.246954849414539268e+00 -7.001889355657104907e-01 -8.728177968008772325e-01 -1.573006732366587723e+00 -1.573006732366587723e+00 -7.742443080897494501e-02 -7.742443080897494501e-02
-3.569484220370256811e+00 -7.073853233850737610e-01 1.182706746208878945e+00 3.703226762003803962e-01 1.553029422409259341e+00 1.553029422409259341e+00 -4.218814060122055842e-01 -4.218814060122055842e-01
3.709650249520539234e+00 1.081606911021578021e+00 -8.869230463311947865e-01 1.955006980367477443e-01 -6.914223482944470422e-01 -6.914223482944470422e-01 7.878644307374128852e-02 7.878644307374128852e-02
-2.454382669582996002e+00 -5.662849771761696793e+00 -2.523747804682519025e-01 -1.053341751460234343e+00 -1.305716531928486246e+00 -1.305716531928486246e+00 -2.602207356422748252e-01 -2.602207356422748252e-01
3.211078109654371460e+00 4.824675334108853519e+00 -6.038432133247693123e-01 5.695109901981423306e-01 -3.433222312662698172e-02 -3.433222312662698172e-02 -1.807724753846474686e-01 -1.807724753846474686e-01
6.006127115775690584e+00 5.433578062009074117e+00 -8.405890172292499463e-01 -1.104061539995482955e+00 -1.944650557224732790e+00 -1.944650557224732790e+00 4.296732500697207358e-01 4.296732500697207358e-01
-4.482018284819973886e+00 2.271828507541920672e+00 -7.724988196947401020e-01 8.518711556331675094e-01 7.937233593842740742e-02 7.937233593842740742e-02 -5.967088207430268909e-01 -5.967088207430268909e-01
-3.421660653303701949e+00 5.176385591172754985e+00 5.767105501366811549e-01 -1.027377200720550166e+00 -4.506666505838690107e-01 -4.506666505838690107e-01 -1.828933211420454563e-01 -1.828933211420454563e-01
-1.873114796981871777e-01 -2.206742672016084761e+00 2.755244322434458049e-01 -9.588283674849527038e-01 -6.833039352415068990e-01 -6.833039352415068990e-01 -7.333645030684096122e-01 -7.333645030684096122e-01
-1.770507059339752054e+00 -3.968890386890452593e+00 -1.019378387608214531e+00 3.879550354952927549e-01 -6.314233521129217763e-01 -6.314233521129217763e-01 8.557550572276001466e-01 8.557550572276001466e-01
4.071016258869113003e+00 5.785876320424332420e+00 -1.023490172728791503e-01 -2.368536934459726240e-01 -3.392027107188517743e-01 -3.392027107188517743e-01 -9.080821953408038105e-01 -9.080821953408038105e-01
-3.233636013015113608e+00 -1.231871869951195464e+00 2.826084657076648465e-01 9.078366882369293123e-02 3.733921345313577778e-01 3.733921345313577778e-01 -2.443808173838110109e-01 -2.443808173838110109e-01
2.844014694502593699e+00 -2.918323653395037631e+00 -9.018475305316016044e-01 -1.091756340682671578e+00 -1.993603871214273182e+00 -1.993603871214273182e+00 9.972403595183150227e-01 9.972403595183150227e-01
-1.363429112567907886e+00 -1.535098988927579455e+00 4.093590507832838288e-01 1.178125888012335754e-01 5.271716395845174041e-01 5.271716395845174041e-01 -9.706049627638085875e-01 -9.706049627638085875e-01
5.498981048764832735e+00 4.481526149160707462e+00 -3.860688572642955174e-01 1.082666405978625068e-01 -2.778022166664330106e-01 -2.778022166664330106e-01 -8.495159476872710114e-01 -8.495159476872710114e-01
2.196726427005639692e+00 -5.440031459193930274e+00 6.493456366760064213e-01 1.021453155378829747e+00 1.670798792054836168e+00 1.670798792054836168e+00 -9.948317539601090331e-01 -9.948317539601090331e-01
-5.509989958865299187e+00 3.810180333430677635e+00 -9.597854537474886927e-01 -6.864927540378551463e-02 -1.028434729151274318e+00 -1.028434729151274318e+00 -1.286557042045523569e-01 -1.286557042045523569e-01
1.460656687800686804e+00 -3.903223026119715833e+00 9.118710846273312409e-01 9.008862645617659037e-01 1.812757349189097145e+00 1.812757349189097145e+00 -7.654690895508812210e-01 -7.654690895508812210e-01
2.211638344988482885e+00 2.923242082929013108e+00 -8.351546658894930530e-01 1.155793886038304352e+00 3.206392201488112992e-01 3.206392201488112992e-01 4.100340983463498512e-01 4.100340983463498512e-01
-5.158558077179763224e+00 1.498817661334348017e+00 -3.586808823400569057e-01 -6.987269064957926101e-01 -1.057407788835849516e+00 -1.057407788835849516e+00 -8.687380306472080038e-01 -8.687380306472080038e-01
2.854477207353248502e+00 5.371367091345017997e+00 1.333561410953914006e-01 -7.149329779059100387e-01 -5.815768368105186381e-01 -5.815768368105186381e-01 -3.633514169026563212e-01 -3.633514169026563212e-01
-8.119562078195254884e-01 -2.748226464798373847e+00 -9.822330482209369329e-01 3.188336109333183011e-01 -6.633994372876186318e-01 -6.633994372876186318e-01 -9.136629669703006940e-01 -9.136629669703006940e-01
3.580620216949339962e+00 4.056241120413336176e+00 2.296698564458476977e-01 1.284245780900681311e-01 3.580944345359158287e-01 3.580944345359158287e-01 2.154184269187970902e-01 2.154184269187970902e-01
-4.307316006345782711e+00 -3.576294418819113918e+00 1.133557345650124448e+00 -5.438604199904828462e-01 5.896969256596416020e-01 5.896969256596416020e-01 -2.962445636623683293e-02 -2.962445636623683293e-02
6.071590092068030131e+00 5.773162228435088750e+00 -9.723776035868862966e-01 8.874494291695611548e-01 -8.492817441732514183e-02 -8.492817441732514183e-02 7.507376670008233388e-01 7.507376670008233388e-01
2.991208772198753252e+00 4.336514560854666911e+00 -4.835382289758083374e-01 2.759983600021493899e-01 -2.075398689736589475e-01 -2.075398689736589475e-01 5.023014455086921570e-01 5.023014455086921570e-01
2.166237159385996591e+00 2.804175047736201520e+00 -4.723307823840663389e-01 2.243720464046599083e-01 -2.479587359794064305e-01 -2.479587359794064305e-01 2.551697169783853636e-01 2.551697169783853636e-01
-1.587677750898324192e-01 1.953241505785404897e+00 1.040402111928766749e+00 -5.438493756848431504e-01 4.965527362439235981e-01 4.965527362439235981e-01 -2.218169084884284437e-01 -2.218169084884284437e-01
-1.533172093821367099e+00 -1.522025883436493032e-01 -9.022664119248344772e-01 6.045798629391068157e-01 -2.976865489857276614e-01 -2.976865489857276614e-01 -1.143278186298442162e-01 -1.143278186298442162e-01
5.122157740706638762e-01 -4.705580720949334328e+00 -1.010643248192754973e+00 -2.153081859135985709e-02 -1.032174066784114830e+00 -1.032174066784114830e+00 -4.960329388942146811e-01 -4.960329388942146811e-01
-2.773465892613959038e+00 -2.772844325376691899e+00 -4.123379600174192916e-02 -2.796612868125293305e-01 -3.208950828142712597e-01 -3.208950828142712597e-01 7.405720392903389904e-01 7.405720392903389904e-01
-8.928013334435789261e-01 1.862466837397681374e+00 -2.569799172423496980e-01 5.003100791764458766e-01 2.433301619340961786e-01 2.433301619340961786e-01 5.655754205396330558e-01 5.655754205396330558e-01
3.029530867418458229e+00 2.059032884324549784e-01 -1.041839094810972588e+00 -3.289626151203570714e-01 -1.370801709931329659e+00 -1.370801709931329659e+00 -9.956001165134876763e-01 -9.956001165134876763e-01
-3.011592635645745197e+00 -2.750815344681141195e+00 -5.065075034391118836e-01 4.002058684735416705e-01 -1.063016349655702131e-01 -1.063016349655702131e-01 8.674326792585957957e-01 8.674326792585957957e-01
5.817264667312018744e+00 -2.675167723618145477e+00 8.238382534132722146e-01 7.086266847909472588e-03 8.309245202611816872e-01 8.309245202611816872e-01 -9.999998728457482056e-01 -9.999998728457482056e-01
4.937917060116303603e+00 -4.077641120645996153e+00 8.309035658545440572e-01 5.183441347466333227e-02 8.827379793292073895e-01 8.827379793292073895e-01 6.522283246521842770e-01 6.522283246521842770e-01
-3.730859217955931673e+00 -3.952307496376105345e+00 -6.145754803943148659e-02 -3.245444411393383355e-02 -9.391199215336532014e-02 -9.391199215336532014e-02 1.699854651874589118e-01 1.699854651874589118e-01
-4.500200440530020884e+00 -3.328686562162102902e+00 4.942281001005182084e-01 2.533776158308893578e-01 7.476057159314075662e-01 7.476057159314075662e-01 2.509199751426806346e-02 2.509199751426806346e-02
4.704141664385383947e-01 3.747746158521625404e-02 -2.677244856914897664e-01 7.831998604843140033e-01 5.154753747928242369e-01 5.154753747928242369e-01 8.737718263346122560e-01 8.737718263346122560e-01
-2.012521043103404850e+00 -5.300717536117090845e+00 9.440754512883915428e-01 -6.097061014263461809e-01 3.343693498620453619e-01 3.343693498620453619e-01 5.147731741726485621e-01 5.147731741726485621e-01
9.822297343611756659e-01 -2.574005443002529869e+00 -1.503501869958041581e-01 3.925508867008855596e-01 2.422006997050814014e-01 2.422006997050814014e-01 -2.097784292216533716e-02 -2.097784292216533716e-02
5.847048694399738622e+00 -2.617275990205655933e+00 -3.330550251656173577e-01 -4.744246233091923282e-01 -8.074796484748096859e-01 -8.074796484748096859e-01 -9.961146579282601499e-01 -9.961146579282601499e-01
-9.531938012348071254e-01 3.023382618479477202e+00 -1.807445224370751724e-01 3.311686080799589593e-01 1.504240856428837869e-01 1.504240856428837869e-01 -4.788923103792619429e-01 -4.788923103792619429e-01
-1.948372247236846988e+00 6.145563834546653226e+00 -6.605216896630273782e-01 2.895592107428863748e-01 -3.709624789201410033e-01 -3.709624789201410033e-01 -4.927066291959260047e-01 -4.927066291959260047e-01
-6.893276409868711596e-01 4.733242885616716578e+00 -6.293649730833058564e-01 -3.433767384846940773e-01 -9.727417115679999338e-01 -9.727417115679999338e-01 -6.197889452299460977e-01 -6.197889452299460977e-01
-3.973834250375356536e+00 4.887810380119089970e+00 1.161712071993766360e+00 7.201866555011284809e-01 1.881898727494894841e+00 1.881898727494894841e+00 6.106017369247571658e-01 6.106017369247571658e-01
5.154684179188402382e-01 2.486720447700855985e+00 -2.569763478517428368e-02 -1.184185535122063593e+00 -1.209883169907237876e+00 -1.209883169907237876e+00 -9.902990174959160896e-01 -9.902990174959160896e-01
-6.256474751734485196e+00 -2.933856714814953470e+00 -4.030092399294107341e-01 8.081924624143359548e-01 4.051832224849252206e-01 4.051832224849252206e-01 -9.726430722904408910e-01 -9.726430722904408910e-01
1.876308899484683934e+00 -9.632719277113679368e-01 -3.747688953056208527e-01 1.573185504914984545e-01 -2.174503448141223982e-01 -2.174503448141223982e-01 6.113452222552167026e-01 6.113452222552167026e-01
-5.401874256134492569e+00 3.136679570006055684e+00 -7.081133107873505139e-03 -8.556561461395233437e-01 -8.627372792473968488e-01 -8.627372792473968488e-01 -6.399232313173683906e-01 -6.399232313173683906e-01
4.979965827446783067e+00 -3.201941585959454439e+00 -2.984402248455761963e-01 7.187315101334323941e-01 4.202912852878561978e-01 4.202912852878561978e-01 -2.057479172393246181e-01 -2.057479172393246181e-01
-4.545514931735972652e+00 -5.597478582313045514e+00 -3.756811818070030506e-01 8.889985043376971152e-01 5.133173225306940646e-01 5.133173225306940646e-01 -7.529811683633852448e-01 -7.529811683633852448e-01
-2.477838994526680771e+00 -5.103870611409673685e+00 -2.532099420399380740e-01 -3.800354984109932666e-02 -2.912134918810374007e-01 -2.912134918810374007e-01 2.689204608553825704e-01 2.689204608553825704e-01
1.893025423718356137e+00 -2.645458601223567463e+00 1.109088366963368211e+00 8.820917608396732223e-01 1.991180127803041433e+00 1.991180127803041433e+00 7.300281564857402650e-01 7.300281564857402650e-01
2.911699392563393829e+00 -8.429308406644580032e-01 1.654812941596945919e-01 9.291774893431636873e-01 1.094658783502858279e+00 1.094658783502858279e+00 -4.776450142679546929e-01 -4.776450142679546929e-01
5.426090321234706693e-01 1.259804492847661272e+00 -4.915028010915366563e-01 1.056261981406698025e+00 5.647591803151613687e-01 5.647591803151613687e-01 -2.295518362489413766e-01 -2.295518362489413766e-01
-6.796633398675213655e-01 2.006756562947217049e+00 -7.344942564867661394e-01 -2.106254695354436990e-02 -7.555568034403105093e-01 -7.555568034403105093e-01 2.412979536662031577e-01 2.412979536662031577e-01
7.395822818635284790e-01 -6.013514098611411285e+00 -3.496257831822807693e-01 -6.457327883667812740e-01 -9.953585715490620434e-01 -9.953585715490620434e-01 5.324927411936422050e-01 5.324927411936422050e-01
3.753804497593668188e+00 3.405510904671151806e+00 -1.489451307756264331e-01 6.336274599663926921e-01 4.846823291907662590e-01 4.846823291907662590e-01 6.401290518950967234e-01 6.401290518950967234e-01
-5.755010056357433790e+00 4.740476454243855997e-01 2.791301652258892929e-02 1.905181340205497342e-02 4.696482992464390271e-02 4.696482992464390271e-02 5.384304698262587507e-01 5.384304698262587507e-01
-3.600010523658622397e+00 2.429616684001265625e+00 4.220757628761351299e-02 1.015477695914919209e-01 1.437553458791054339e-01 1.437553458791054339e-01 3.897890259595310769e-01 3.897890259595310769e-01
5.283774620390856214e+00 -3.458842195945493803e+00 -5.413770601967928808e-01 8.760916505504903196e-01 3.347145903536974387e-01 3.347145903536974387e-01 -2.514093480148510973e-01 -2.514093480148510973e-01
-4.367275464906653859e+00 -4.161836842055913976e+00 6.407612786346827960e-02 4.711441235993125698e-01 5.352202514627808494e-01 5.352202514627808494e-01 -6.249993287023366539e-01 -6.249993287023366539e-01
3.955672508965378142e+00 2.649854055796037500e+00 -1.022795341681566716e+00 9.759907057103778261e-01 -4.680463597118889041e-02 -4.680463597118889041e-02 9.484963358005994438e-01 9.484963358005994438e-01
-5.666064362723361114e+00 8.163718253990595031e-01 1.427043125796794154e-01 8.728365291934416792e-01 1.015540841773121095e+00 1.015540841773121095e+00 1.368725495334517095e-01 1.368725495334517095e-01
8.532838858146458705e-01 -3.845001501931422538e+00 -5.384226555413038628e-01 4.143621459483328717e-01 -1.240605095929709911e-01 -1.240605095929709911e-01 -9.887897443825121035e-01 -9.887897443825121035e-01
4.193245624177563968e+00 7.991505799699725188e-01 -3.048593951311536765e-01 -5.264590987549921941e-02 -3.575053050066528959e-01 -3.575053050066528959e-01 2.763625909934719904e-01 2.763625909934719904e-01
-1.982874716920628444e+00 -3.093793017751190089e+00 -5.237989291751398158e-01 -5.530777153982538996e-01 -1.076876644573393715e+00 -1.076876644573393715e+00 3.562754689356100180e-01 3.562754689356100180e-01
-5.583973080769992769e+00 -1.353584061181451581e+00 -1.781967250944005432e-01 1.218248170473263947e-01 -5.637190804707414848e-02 -5.637190804707414848e-02 7.934304242665531914e-01 7.934304242665531914e-01
6.011816448827817183e+00 5.324577139426814654e+00 5.823038818575376752e-04 1.107916814738332034e+00 1.108499118620189572e+00 1.108499118620189572e+00 3.342593796755021218e-01 3.342593796755021218e-01
5.483758674192914739e+00 -2.711317844124772947e+00 -1.585683737349086186e-01 1.182405178673720192e+00 1.023836804938811573e+00 1.023836804938811573e+00 -9.326337239131774481e-01 -9.326337239131774481e-01
4.322171657690921265e+00 -2.292680002918810800e+00 1.903006705211982563e-01 3.016903324582360657e-01 4.919910029794343220e-01 4.919910029794343220e-01 -4.427786748353869095e-01 -4.427786748353869095e-01
4.300920567905379244e+00 -4.822514655555201202e+00 1.185856033625971806e+00 -2.805795111770947869e-02 1.157798082508262327e+00 1.157798082508262327e+00 8.670260069078056242e-01 8.670260069078056242e-01
1.514407018264257054e+00 -1.690199441920845480e+00 8.703947575487609445e-01 4.211632314883004824e-01 1.291557989037061427e+00 1.291557989037061427e+00 9.845882623401015499e-01 9.845882623401015499e-01
4.961823729534337701e+00 4.191512127747225591e-01 -6.816990734295120813e-01 1.168373144784901063e+00 4.866740713553889819e-01 4.866740713553889819e-01 6.198770128940807034e-01 6.198770128940807034e-01
4.120045473323619589e+00 -1.936386003613725926e+00 -2.447584195955132547e-01 1.027383537346719278e+00 7.826251177512060231e-01 7.826251177512060231e-01 -5.752118782453418122e-01 -5.752118782453418122e-01
-1.398229318892427742e-01 2.111344596023609910e+00 -5.453375462574294730e-02 -6.777667921070703594e-01 -7.323005467328133067e-01 -7.323005467328133067e-01 -3.900863197416833406e-01 -3.900863197416833406e-01
-4.954379052643226089e+00 2.988168746240001283e+00 4.846776929722780292e-01 -6.924376364686753993e-01 -2.077599434963973701e-01 -2.077599434963973701e-01 -3.851902575794911021e-01 -3.851902575794911021e-01
-5.645065271247606375e+00 -7.450612529223006320e-01 6.453866883499370655e-01 -2.893871977418484009e-01 3.559994906080886645e-01 3.559994906080886645e-01 9.942872356352281393e-01 9.942872356352281393e-01
-2.570749296837706588e+00 -3.291521879968318132e+00 6.633408202181709790e-01 -5.932727091532253860e-01 7.006811106494559294e-02 7.006811106494559294e-02 9.127158126447321163e-01 9.127158126447321163e-01
6.065629923499951559e+00 3.673684595386106366e-02 1.102833679008915935e+00 3.149814789293028383e-01 1.417815157938218773e+00 1.417815157938218773e+00 9.836968207550166321e-01 9.836968207550166321e-01
-2.426341424213722675e-01 6.200267565293533067e+00 -3.003099015702113128e-01 -3.025524402149947223e-01 -6.028623417852060351e-01 -6.028623417852060351e-01 9.474743605996566176e-01 9.474743605996566176e-01
9.358108330098131589e-01 -4.499555171237554774e-01 -7.417149619331833144e-01 -1.073592868791965582e+00 -1.815307830725148897e+00 -1.815307830725148897e+00 8.842758701423861778e-01 8.842758701423861778e-01
3.073794114127062826e+00 2.918245581642308295e+00 -6.717690562721045922e-02 3.701566610168345317e-01 3.029797553896240725e-01 3.029797553896240725e-01 9.579156566407154294e-01 9.579156566407154294e-01
-4.838904208471678459e+00 5.885542965385923253e+00 3.763680438783438831e-01 -1.212447707471437930e-01 2.551232731312000901e-01 2.551232731312000901e-01 5.004838519560620425e-01 5.004838519560620425e-01
-6.273816800899923329e+00 9.668687355933984762e-01 -1.095741606207452090e-01 5.681192950429585498e-01 4.585451344222133407e-01 4.585451344222133407e-01 5.601435568673158727e-01 5.601435568673158727e-01
4.251962314029134049e-01 5.620722996251823034e+00 -9.448056469268539814e-02 8.842658240174132711e-01 7.897852593247278730e-01 7.897852593247278730e-01 9.719842040761415003e-01 9.719842040761415003e-01
-4.453584212278742349e+00 1.679422608661091942e-01 3.396102691068692003e-01 4.239619854613518868e-03 3.438498889614827192e-01 3.438498889614827192e-01 -4.139117627708548963e-01 -4.139117627708548963e-01
-5.754524083832884607e+00 -5.803302220794361865e+00 8.912023482407016584e-01 -6.426916963267637062e-01 2.485106519139379522e-01 2.485106519139379522e-01 5.330928822984782878e-01 5.330928822984782878e-01
-1.764128693303643303e+00 4.245115759646731490e+00 6.340220036864405717e-01 8.532956860893710083e-01 1.487317689775811580e+00 1.487317689775811580e+00 -7.896207909145077641e-01 -7.896207909145077641e-01
-4.705033752171660311e+00 -5.446642154224341503e+00 2.108040119174652283e-01 -2.148854295758153565e-01 -4.081417658350128264e-03 -4.081417658350128264e-03 -7.472394795875159090e-01 -7.472394795875159090e-01
2.456804521967384858e+00 3.112018412218265695e+00 -1.037708422277243914e+00 -9.529947289610314343e-01 -1.990703151238275348e+00 -1.990703151238275348e+00 7.555111270553136471e-01 7.555111270553136471e-01
-5.424497004829387237e-01 2.433910846063636058e+00 2.832326762051948776e-01 -1.038325745994765015e+00 -7.550930697895701371e-01 -7.550930697895701371e-01 -3.151975605910256606e-01 -3.151975605910256606e-01
-5.516032569192773849e+00 1.972189871173586795e+00 -1.362192196351961204e-01 -1.184961421389361114e+00 -1.321180641024557234e+00 -1.321180641024557234e+00 -9.201824546436664365e-01 -9.201824546436664365e-01
4.298995422078947470e+00 5.940318000435715007e+00 1.169813851924513370e+00 2.733638248785290603e-01 1.443177676803042431e+00 1.443177676803042431e+00 -6.862063758203107433e-01 -6.862063758203107433e-01
2.447488885855706897e+00 2.715628598849479047e+00 -1.101766091653175961e+00 -6.795090531182027549e-01 -1.781275144771378827e+00 -1.781275144771378827e+00 4.356213982355163217e-01 4.356213982355163217e-01
6.187287285698541695e-01 -1.067933860246926159e+00 -5.842619007525273744e-02 -7.309785458009132597e-01 -7.894047358761659972e-01 -7.894047358761659972e-01 9.007925581826290440e-01 9.007925581826290440e-01
3.388581091096874331e+00 3.295934921771179305e+00 -2.182805884266606489e-01 -2.244188241912212778e-01 -4.426994126178819267e-01 -4.426994126178819267e-01 9.205419774555366752e-01 9.205419774555366752e-01
-6.098273881084518955e+00 -2.984194284674307696e+00 -3.597514975405259330e-01 -8.890072290141890488e-01 -1.248758726554715093e+00 -1.248758726554715093e+00 -9.419818645226994969e-01 -9.419818645226994969e-01
