-2.720771763183969405e+00 2.048654547970892636e+00 1.816727354284610296e+00 -1.745737943566747052e+00
6.714567969592373231e-01 -4.603010232102855426e+00 1.217016899005524788e+00 -1.974146901575421387e+00
4.973009614468827166e+00 -2.539121592255243254e+00 6.618148715683014327e-02 -5.020430488924843004e-01
-4.240890148647430635e+00 1.518045163852384860e+00 8.946932850584586872e-01 -1.906775445726890394e-01
6.120678632589360291e-01 -5.246954849414539268e+00 1.232166999190311696e-01 -1.940512545817327794e+00
-3.569484220370256811e+00 -7.073853233850737610e-01 1.987852666514282607e+00 -2.449154085681360948e-01
3.709650249520539234e+00 1.081606911021578021e+00 1.704067478441259054e-01 -1.907004369249781117e+00
-2.454382669582996002e+00 -5.662849771761696793e+00 5.399825221307896772e-02 -1.980780048131562054e+00
3.211078109654371460e+00 4.824675334108853519e+00 1.222689819515795584e+00 -1.138524021663282593e+00
6.006127115775690584e+00 5.433578062009074117e+00 1.991765713095650980e+00 -4.738078920528688842e-01
-4.482018284819973886e+00 2.271828507541920672e+00 1.985798503574491169e+00 -5.553876897326001094e-01
-3.421660653303701949e+00 5.176385591172754985e+00 1.800418607227115331e+00 -4.686985807815271521e-01
-1.873114796981871777e-01 -2.206742672016084761e+00 4.434008749112339220e-02 -6.340783360956647741e-01
-1.770507059339752054e+00 -3.968890386890452593e+00 1.996490906296238155e+00 -1.388885411229167310e+00
4.071016258869113003e+00 5.785876320424332420e+00 1.838550890441091434e+00 -1.958799409074952980e+00
-3.233636013015113608e+00 -1.231871869951195464e+00 1.627118944509756915e+00 -8.169512402091720915e-01
2.844014694502593699e+00 -2.918323653395037631e+00 5.681544138035887759e-01 -4.393621289128261109e-01
-1.363429112567907886e+00 -1.535098988927579455e+00 1.071334039036999419e+00 -5.970531126856800652e-01
5.498981048764832735e+00 4.481526149160707462e+00 5.545062706743304481e-01 -2.850816860910931894e-06
2.196726427005639692e+00 -5.440031459193930274e+00 6.664023488354708924e-03 -5.043046009817353514e-02
-5.509989958865299187e+00 3.810180333430677635e+00 2.716548536516227852e-02 -1.999702197390331948e+00
1.460656687800686804e+00 -3.903223026119715833e+00 1.998870396965808816e+00 -1.218502161243339321e+00
2.211638344988482885e+00 2.923242082929013108e+00 1.422952504969019039e+00 -4.150265954911491750e-02
-5.158558077179763224e+00 1.498817661334348017e+00 8.565393758570782889e-01 -1.778541309169282325e+00
2.854477207353248502e+00 5.371367091345017997e+00 1.968205861748705710e+00 -4.568107992153498387e-01
-8.119562078195254884e-01 -2.748226464798373847e+00 2.919504165653297179e-01 -1.410327818226475571e-03
3.580620216949339962e+00 4.056241120413336176e+00 3.322564350099277419e-02 -1.769498243772116064e+00
-4.307316006345782711e+00 -3.576294418819113918e+00 1.763944181688514412e+00 -2.756122023732325843e-01
6.071590092068030131e+00 5.773162228435088750e+00 1.852132178299775944e+00 -5.893284805944087879e-01
2.991208772198753252e+00 4.336514560854666911e+00 3.170826769299414094e-01 -7.037464087086258147e-01
2.166237159385996591e+00 2.804175047736201520e+00 1.624768656878015083e+00 -7.130371405041591171e-02
-1.587677750898324192e-01 1.953241505785404897e+00 1.692457900582808872e+00 -6.877737353329780312e-01
-1.533172093821367099e+00 -1.522025883436493032e-01 1.299725751714503108e+00 -9.248225275786230437e-01
5.122157740706638762e-01 -4.705580720949334328e+00 1.013616098102423591e+00 -1.854418968667824075e+00
-2.773465892613959038e+00 -2.772844325376691899e+00 3.275628397506992195e-01 -1.671516529675663332e+00
-8.928013334435789261e-01 1.862466837397681374e+00 1.550815512409182251e+00 -2.298230727045424970e-02
3.029530867418458229e+00 2.059032884324549784e-01 5.997344741304327931e-01 -7.777480599613497692e-01
-3.011592635645745197e+00 -2.750815344681141195e+00 2.956162322475481830e-01 -1.257080586574051306e+00
5.817264667312018744e+00 -2.675167723618145477e+00 1.966795735603896755e-01 -1.972806390117524122e-01
4.937917060116303603e+00 -4.077641120645996153e+00 1.954951325477065627e+00 -5.640836929333807870e-01
-3.730859217955931673e+00 -3.952307496376105345e+00 1.998718405330519809e+00 -7.595374981405300652e-02
-4.500200440530020884e+00 -3.328686562162102902e+00 1.365516666027635440e+00 -5.882468027285596701e-01
4.704141664385383947e-01 3.747746158521625404e-02 9.251152429137686761e-01 -1.808046364113820026e+00
-2.012521043103404850e+00 -5.300717536117090845e+00 7.667254063525319463e-02 -1.772932099132636941e+00
9.822297343611756659e-01 -2.574005443002529869e+00 9.339221055437796348e-02 -1.923510173358710995e+00
5.847048694399738622e+00 -2.617275990205655933e+00 1.332576013108984769e-01 -2.342072029030506375e-01
-9.531938012348071254e-01 3.023382618479477202e+00 1.234223788928037191e+00 -5.578424865496023344e-02
-1.948372247236846988e+00 6.145563834546653226e+00 1.271780745585651129e+00 -1.685399242151977450e+00
-6.893276409868711596e-01 4.733242885616716578e+00 1.041695719438202383e+00 -1.840237072146977404e-02
-3.973834250375356536e+00 4.887810380119089970e+00 1.343689388403093155e+00 -4.385405452643986735e-03
5.154684179188402382e-01 2.486720447700855985e+00 1.966119016623881777e+00 -1.857780913652852695e+00
-6.256474751734485196e+00 -2.933856714814953470e+00 5.963782916722440985e-01 -1.053395705520199011e+00
1.876308899484683934e+00 -9.632719277113679368e-01 1.937386393116802275e+00 -4.262925826881041047e-01
-5.401874256134492569e+00 3.136679570006055684e+00 1.009826009042999573e+00 -1.981657784670876721e+00
4.979965827446783067e+00 -3.201941585959454439e+00 1.120405024221708068e+00 -4.900267483599861640e-01
-4.545514931735972652e+00 -5.597478582313045514e+00 1.981100539001789951e-02 -6.724133972696384465e-01
-2.477838994526680771e+00 -5.103870611409673685e+00 2.946170484931984745e-01 -1.970550916505256822e+00
1.893025423718356137e+00 -2.645458601223567463e+00 1.627316867799607492e-01 -3.992346068775047829e-01
2.911699392563393829e+00 -8.429308406644580032e-01 1.993387282976369690e+00 -5.562431905967701873e-01
5.426090321234706693e-01 1.259804492847661272e+00 4.173515191253980294e-01 -1.884405210377589235e+00
-6.796633398675213655e-01 2.006756562947217049e+00 1.765565898285685886e+00 -2.227650385042334591e-02
7.395822818635284790e-01 -6.013514098611411285e+00 4.864281339972178486e-01 -1.995804746643074834e+00
3.753804497593668188e+00 3.405510904671151806e+00 4.963345217002480547e-01 -1.940610344317901026e+00
-5.755010056357433790e+00 4.740476454243855997e-01 1.876939071458287867e-01 -1.870565539072194916e+00
-3.600010523658622397e+00 2.429616684001265625e+00 1.989237722942119424e+00 -2.063193321635279354e-01
5.283774620390856214e+00 -3.458842195945493803e+00 1.592774167232595239e+00 -9.021272321051165832e-02
-4.367275464906653859e+00 -4.161836842055913976e+00 1.891707712187405521e+00 -3.632877374639201795e-01
3.955672508965378142e+00 2.649854055796037500e+00 1.832429222209873920e+00 -1.998355172198175378e+00
-5.666064362723361114e+00 8.163718253990595031e-01 1.918121963091712345e-03 -1.943898117607930853e+00
8.532838858146458705e-01 -3.845001501931422538e+00 1.986585603188128601e+00 -1.990797207358541154e+00
4.193245624177563968e+00 7.991505799699725188e-01 3.782340772603420831e-04 -1.861535661054582125e+00
-1.982874716920628444e+00 -3.093793017751190089e+00 9.045462789370679602e-01 -1.733975348541562767e+00
-5.583973080769992769e+00 -1.353584061181451581e+00 1.420888456226800045e+00 -1.985180715731641898e+00
6.011816448827817183e+00 5.324577139426814654e+00 1.940594261736552362e+00 -4.835177746436977175e-01
5.483758674192914739e+00 -2.711317844124772947e+00 2.417989596045109213e-01 -3.935700990844726022e-04
4.322171657690921265e+00 -2.292680002918810800e+00 8.057336765886047303e-03 -1.703588348050333989e+00
4.300920567905379244e+00 -4.822514655555201202e+00 7.815250916585667618e-01 -1.733146238073159928e+00
1.514407018264257054e+00 -1.690199441920845480e+00 7.634570965603635351e-01 -1.112539696872154815e+00
4.961823729534337701e+00 4.191512127747225591e-01 2.564910202655337201e-01 -5.215668761242573392e-01
4.120045473323619589e+00 -1.936386003613725926e+00 3.322520048240279467e-01 -1.926381250001617307e+00
-1.398229318892427742e-01 2.111344596023609910e+00 1.882474106227291610e+00 -7.239847132995828050e-01
-4.954379052643226089e+00 2.988168746240001283e+00 1.302055193963125301e+00 -1.465305876554770181e+00
-5.645065271247606375e+00 -7.450612529223006320e-01 1.996747631820401381e+00 -1.956931062489849271e+00
-2.570749296837706588e+00 -3.291521879968318132e+00 1.295384978455200065e+00 -1.909336565539040409e+00
6.065629923499951559e+00 3.673684595386106366e-02 9.265923967776388270e-01 -5.784891496189989990e-01
-2.426341424213722675e-01 6.200267565293533067e+00 1.165076410096220760e+00 -5.335543124526556102e-01
9.358108330098131589e-01 -4.499555171237554774e-01 1.783271604528995358e+00 -1.955092259354692441e+00
3.073794114127062826e+00 2.918245581642308295e+00 1.431986414184249323e+00 -8.648180667166728286e-01
-4.838904208471678459e+00 5.885542965385923253e+00 1.714062935584244052e+00 -1.250339065354065804e+00
-6.273816800899923329e+00 9.668687355933984762e-01 6.514331211934498711e-02 -1.018735916227126337e+00
4.251962314029134049e-01 5.620722996251823034e+00 1.969925518864160008e+00 -1.751539366112122798e+00
-4.453584212278742349e+00 1.679422608661091942e-01 6.703956074030112955e-01 -5.051957701688538638e-01
-5.754524083832884607e+00 -5.803302220794361865e+00 1.809425586819353171e-01 -1.871043375766179739e+00
-1.764128693303643303e+00 4.245115759646731490e+00 1.956703360470193331e-01 -1.377101487586136042e+00
-4.705033752171660311e+00 -5.446642154224341503e+00 5.227059863268435080e-03 -9.852900741192688328e-01
2.456804521967384858e+00 3.112018412218265695e+00 1.059113999857117294e+00 -2.017654074908958872e-02
-5.424497004829387237e-01 2.433910846063636058e+00 1.987944636197172876e+00 -1.157435610045329799e-01
-5.516032569192773849e+00 1.972189871173586795e+00 1.719295085662037925e+00 -1.999334282779521299e+00
4.298995422078947470e+00 5.940318000435715007e+00 1.633241739429182271e+00 -1.735759269032367769e+00
2.447488885855706897e+00 2.715628598849479047e+00 1.752551527630572314e+00 -1.662307368103488336e-02
6.187287285698541695e-01 -1.067933860246926159e+00 1.844550372955341855e+00 -1.944955134845105071e+00
3.388581091096874331e+00 3.295934921771179305e+00 6.961943873204412547e-01 -1.474131084826315830e+00
-6.098273881084518955e+00 -2.984194284674307696e+00 6.903767961054618763e-01 -1.361450266544484977e+00
