3.475345215478682803e+00 -4.648242587943359760e-01 -4.648242587943359760e-01 6.190285183946960812e-01
1.816169659160490113e+00 -4.271335875125227277e-01 -4.271335875125227277e-01 -4.712845637477398597e-01
4.426666489323629605e+00 5.203089644632228339e-01 5.203089644632228339e-01 5.408480167997611332e-01
-3.697105692533277033e+00 3.226510720255408859e-01 3.226510720255408859e-01 -8.961544714377077669e-01
4.296035372204642044e+00 -2.506236204629697095e-01 -2.506236204629697095e-01 7.397556994215390702e-01
-9.378622698701972737e-01 -3.714827223259798972e-01 -3.714827223259798972e-01 -9.538685072724754077e-01
3.812814836473650715e+00 8.763467733073546651e-01 8.763467733073546651e-01 9.740407884245456671e-01
-5.966494877323470725e+00 -7.029920359355700255e-01 -7.029920359355700255e-01 5.918732133656215977e-01
2.679049188927296044e+00 -6.592517270727127343e-01 -6.592517270727127343e-01 -7.986730772561505542e-01
2.035347282254226897e+00 -1.035149867751874453e+00 -1.035149867751874453e+00 -8.010827095051359370e-01
-4.062554792645165058e+00 -1.352232383859428566e-01 -1.352232383859428566e-01 -9.634694232643515877e-01
-2.126895596737694127e+00 -5.921977446130700651e-01 -5.921977446130700651e-01 8.966741262589452699e-01
-2.968446548136265406e+00 -1.072617013649416418e+00 -1.072617013649416418e+00 3.394124625116850535e-01
-5.890516858959044200e+00 -9.470643260547757514e-01 -9.470643260547757514e-01 7.070634575791550080e-01
-5.736677645005793025e+00 9.151072618764539701e-01 9.151072618764539701e-01 8.880174250402859126e-01
-5.709166500625457275e+00 -9.082521617959493643e-01 -9.082521617959493643e-01 9.119605728663808808e-01
-2.346662540823035936e+00 3.426689022527842354e-01 3.426689022527842354e-01 9.998182893858331699e-01
3.979567499483849247e-01 4.052153648768994643e-01 4.052153648768994643e-01 7.145030170543881232e-01
-4.138287728529163267e+00 -3.802328320338124179e-01 -3.802328320338124179e-01 -9.120282114303334131e-01
-6.093984344195022551e+00 -6.668124546733117386e-01 -6.668124546733117386e-01 3.694359215713823863e-01
-1.801712420511583979e+00 3.548175627674692301e-01 3.548175627674692301e-01 4.455890970257162520e-01
3.432963678325394952e+00 -1.082293567525417943e+00 -1.082293567525417943e+00 5.503154956349579630e-01
1.782059179235798041e+00 1.760058216906723594e-01 1.760058216906723594e-01 -4.100653432126770137e-01
-2.668654050681838807e+00 -1.153107016388541073e+00 -1.153107016388541073e+00 8.110104389473750119e-01
3.755906108829487167e+00 -5.013213157285052457e-01 -5.013213157285052457e-01 9.420289752832079477e-01
5.671124572225627603e+00 5.988090697234693671e-02 5.988090697234693671e-02 -9.405077019107710434e-01
4.635943053544595571e+00 -9.369411013266835120e-01 -9.369411013266835120e-01 1.522968849072854347e-01
5.761857692738324488e+00 -1.302161168024618121e-03 -1.302161168024618121e-03 -8.637453162350708924e-01
4.778977627329034306e+00 2.932445909898313552e-01 2.932445909898313552e-01 -1.327839665235445721e-01
4.126907635772818495e-01 4.989825294900893660e-01 4.989825294900893660e-01 7.348066166871239924e-01
-3.748005156997512355e+00 4.804745931546039461e-01 4.804745931546039461e-01 -9.366095490255601508e-01
5.196137579899474446e+00 1.160308751854444820e+00 1.160308751854444820e+00 -8.234682990544225367e-01
6.580656455672251326e-02 4.851894382794204041e-01 4.851894382794204041e-01 1.312334906185132211e-01
-3.582365842130374567e+00 -3.757001332699870799e-01 -3.757001332699870799e-01 -7.717232329060658147e-01
-5.750004357115751752e+00 4.916996572933203247e-01 4.916996572933203247e-01 8.754479630256341016e-01
-5.514704386571034789e+00 -6.935502972818868850e-01 -6.935502972818868850e-01 9.994276683950877871e-01
4.651390477457944428e+00 -7.323617844226835150e-01 -7.323617844226835150e-01 1.216946119203074911e-01
6.219953980295640505e-01 2.145111467124820592e-01 2.145111467124820592e-01 9.470726602585664011e-01
5.544062749376683641e+00 -2.433011618761853345e-01 -2.433011618761853345e-01 -9.957201929340322444e-01
-1.000687711804611801e+00 -1.832425525480960715e-01 -1.832425525480960715e-01 -9.087241887224593029e-01
-5.870330543259650646e+00 9.734151180894157207e-02 9.734151180894157207e-02 7.350290523676336063e-01
3.070729498955611092e+00 8.452401030995082554e-01 8.452401030995082554e-01 -1.412523249179140072e-01
-5.492741241053132661e+00 -1.239752628265495815e-01 -1.239752628265495815e-01 9.999490781634770009e-01
3.329583804364718347e+00 1.195870872412244212e+00 1.195870872412244212e+00 3.671863913070453345e-01
-5.741209852123060564e+00 -7.670626184993406538e-01 -7.670626184993406538e-01 8.838130945055249210e-01
-2.112737238240207205e+00 -5.130714999586541980e-01 -5.130714999586541980e-01 8.837807706192133406e-01
-2.433293300833121009e+00 -5.523628348099692831e-01 -5.523628348099692831e-01 9.881350840205422870e-01
-8.979893071688032080e-01 3.742734401812166656e-01 3.742734401812166656e-01 -9.747534213630585365e-01
3.024332745539437539e-01 4.790080393280715665e-01 4.790080393280715665e-01 5.686523075559505314e-01
-1.032500208929649332e+00 1.052234463264367426e+00 1.052234463264367426e+00 -8.803465130148959705e-01
-1.069324784668230777e+00 -2.792900290963404863e-01 -2.792900290963404863e-01 -8.430574934198657999e-01
-1.533066946981390899e+00 7.366624629661868706e-01 7.366624629661868706e-01 -7.538716934208515574e-02
2.056376691043341864e+00 -3.347455198435771440e-01 -3.347455198435771440e-01 -8.255413167858678403e-01
-2.573940724693557947e+00 -4.418588527562191670e-01 -4.418588527562191670e-01 9.066624007781002303e-01
-2.132075519616905446e+00 -8.622207469991594042e-01 -8.622207469991594042e-01 9.012121389476531741e-01
1.395989319096750947e+00 1.467160731939669560e-01 1.467160731939669560e-01 3.425351985169886593e-01
-5.407804510841721424e+00 -2.262377603545709936e-01 -2.262377603545709936e-01 9.838499106291742624e-01
5.559621382814249557e+00 -7.921523169141776455e-01 -7.921523169141776455e-01 -9.923627947639875879e-01
-2.622127563408910955e+00 1.009071745443706591e+00 1.009071745443706591e+00 8.618621694573489478e-01
-1.617654165573434000e+00 1.067773900196174131e+00 1.067773900196174131e+00 9.357855945806346776e-02
-5.185146162528652347e+00 9.852525388902202419e-01 9.852525388902202419e-01 8.107981117765618029e-01
-7.242203736951591253e-02 -1.166630819556758292e+00 -1.166630819556758292e+00 -1.443381389880493137e-01
-1.927304072751052644e+00 8.880618644899131997e-01 8.880618644899131997e-01 6.541176380370248289e-01
3.539436729947526672e+00 -7.468805715213910901e-03 -7.468805715213910901e-03 7.143453387338203342e-01
-8.152732173372454483e-01 -1.065759742253362674e+00 -1.065759742253362674e+00 -9.982154933009241837e-01
-2.101600354146552441e+00 -6.387370428400451772e-02 -6.387370428400451772e-02 8.731404871711613280e-01
-2.179155675769786527e+00 -4.193565304785207282e-01 -4.193565304785207282e-01 9.379666972404553382e-01
-3.410384156402881839e+00 -7.547360142069514666e-02 -7.547360142069514666e-02 -5.120614148593408688e-01
-1.348853236552409740e-01 -1.073689035595675856e+00 -1.073689035595675856e+00 -2.665103862282173219e-01
-4.212516058419225828e+00 -2.046165979349033881e-01 -2.046165979349033881e-01 -8.413336365216664836e-01
5.700859220192507237e+00 9.023830440793647600e-01 9.023830440793647600e-01 -9.186509779962063194e-01
5.328332044693427250e+00 -8.056692663768365570e-01 -8.056692663768365570e-01 -9.431175404575030674e-01
2.711157820109713512e+00 -9.707577466880953354e-01 -9.707577466880953354e-01 -7.584096795474251085e-01
2.440880756566984999e+00 -8.203314236685015359e-01 -8.203314236685015359e-01 -9.856907292662130393e-01
-1.887138559183689779e+00 -1.191423759683834183e+00 -1.191423759683834183e+00 5.913117539316886662e-01
3.405209645356094939e+00 -8.335896909581144154e-01 -8.335896909581144154e-01 5.031448718048741053e-01
5.185854042571982347e+00 -7.823128085458844749e-01 -7.823128085458844749e-01 -8.116259799897777016e-01
4.301883930878725337e+00 -1.086888774650315082e+00 -1.086888774650315082e+00 7.318345675830923991e-01
8.056025234095374188e-01 1.629359006683626099e-01 1.629359006683626099e-01 9.991836787605813397e-01
4.728303681864339580e+00 4.832206612488054720e-01 4.832206612488054720e-01 -3.182402877906408828e-02
5.258506439828066092e+00 1.142301563933245667e-01 1.142301563933245667e-01 -8.876583165814904142e-01
-2.933118568713912744e+00 1.015845670481256180e+00 1.015845670481256180e+00 4.049719660665164755e-01
2.378209197916911322e+00 3.470648354599361607e-01 3.470648354599361607e-01 -9.990308618661920548e-01
3.297799656165173232e+00 1.176048677860076497e+00 1.176048677860076497e+00 3.073566835014762688e-01
-5.916884175951999225e+00 4.733505479630442103e-01 4.733505479630442103e-01 6.688065142423283982e-01
9.149861933388425683e-01 1.189576889531597681e+00 1.189576889531597681e+00 9.666014690605064796e-01
-4.811600027808481173e+00 -1.194698304127583599e+00 -1.194698304127583599e+00 1.971226320120197106e-01
-8.280063670594142167e-01 -2.370029286419308434e-01 -2.370029286419308434e-01 -9.963712786905654095e-01
4.940672013435749577e+00 -5.301598112546661579e-01 -5.301598112546661579e-01 -4.408685104735173832e-01
8.688455502850951362e-01 7.067310635889521020e-01 7.067310635889521020e-01 9.861053638201693339e-01
-4.593101934047165713e-01 -6.047324821939598083e-01 -6.047324821939598083e-01 -7.947650656751705789e-01
-3.736622223295786416e+00 1.388664211591772446e-01 1.388664211591772446e-01 -9.283909453719870752e-01
-3.783745604390641226e+00 -9.722112784468728286e-02 -9.722112784468728286e-02 -9.592415427835874198e-01
1.801118539097027238e+00 -9.975117170304554914e-01 -9.975117170304554914e-01 -4.445254530196048881e-01
-3.711494726137698041e+00 -4.657988378477907476e-01 -4.657988378477907476e-01 -9.085516907576417500e-01
7.970350762528983779e-01 5.127727924448022279e-02 5.127727924448022279e-02 9.997291767434782761e-01
3.662103571638679611e-01 4.636158072071452363e-01 4.636158072071452363e-01 6.686715337147141058e-01
-5.044769364967241820e+00 -4.322977488533281676e-01 -4.322977488533281676e-01 6.168708603128056911e-01
2.995819721204002306e+00 -1.803930343933748404e-01 -1.803930343933748404e-01 -2.874331982949452913e-01
-4.936228660414422542e+00 -6.826362309183144905e-01 -6.826362309183144905e-01 4.328747512521426422e-01
-4.347133332839677955e+00 2.374192030065036541e-02 2.374192030065036541e-02 -6.672505518328096796e-01
-1.948039279349318420e+00 -7.141813356360020570e-01 -7.141813356360020570e-01 6.849141774355340662e-01
5.882811078578358277e-01 -2.483508926430791908e-01 -2.483508926430791908e-01 9.232910139543920591e-01
