3.360309920575014431e+00 -8.192299502728337401e-01 1.997711693650903175e+00 -1.423616956270711498e+00
4.149266063419684514e+00 5.977442985024323363e+00 1.574083714071618179e+00 -1.902804068088928657e+00
-2.534297712555078519e+00 -1.941526579021671139e+00 3.246342712890860627e-01 -1.937226457982004435e+00
-1.713420272173820535e+00 -4.759380473535008704e+00 9.061553081226170203e-01 -1.281395333908673884e+00
2.160867951990399050e+00 4.639483350714092680e+00 8.547048720164664992e-01 -7.533942944890181792e-02
-2.359901163880484987e+00 1.421161361834376358e+00 7.051773346192253822e-01 -1.999972521266186964e+00
-3.995163280598723610e+00 1.570825291824855974e+00 1.000057930059886413e+00 -9.280579099615771099e-03
-1.099906627300982542e+00 5.718972400730974570e+00 1.903739426693424663e+00 -1.913937104033512915e-01
5.470026237040624295e+00 4.204531906798790075e+00 1.501428666018213010e-01 -1.540939974187249817e-03
-4.969808041568390955e+00 -4.835931938245173534e+00 7.554205796677275764e-01 -1.492393961657889179e+00
3.282154483542557344e+00 -1.460740303964679576e+00 1.218338966785014188e+00 -1.277435373334981250e+00
-6.969225634880551468e-01 -1.971447512275916303e+00 2.817371471485730083e-01 -1.561505516138439464e-02
-2.004931447802441369e+00 4.653414582566316682e+00 8.823244965296148656e-01 -1.763212400252994527e+00
-4.662327305314790671e+00 -3.083379416404171458e+00 8.838363766314937253e-01 -9.000438502100915894e-01
-2.673139968198882777e+00 3.367903689736346351e+00 5.626749264461297084e-01 -1.805729061183664719e+00
-5.728253652860791689e+00 -4.609494251605852355e+00 1.204340023482220356e+00 -1.895637895923848237e+00
-1.295592773876182768e+00 2.675962317950489222e+00 1.802372975810964117e+00 -4.769657466832729620e-01
-7.464543882157803623e-01 3.135474334543509656e+00 1.012236332718716714e+00 -3.031702141500502989e-03
4.852305858086738866e+00 1.399090334694238713e+00 6.632981912417050818e-01 -7.238041255269889174e-01
-5.894169336225769662e+00 3.517236849789188824e+00 3.174191036052824710e-01 -1.701878938973143240e+00
1.557175807937984935e+00 6.010764435216856327e+00 1.518282754924924483e+00 -1.027237668693909312e+00
-5.624269188487287963e+00 -1.305862535802924995e+00 1.505419085572518689e+00 -1.968174838983893782e+00
-2.269169921115983257e+00 -5.711259036899180686e+00 8.976445109137431988e-02 -1.984891646500891893e+00
4.375941086956295578e+00 1.460715701493233709e-01 7.119947820979395381e-01 -1.623253160679957618e+00
9.025757195855810266e-01 5.577427024807825262e+00 1.987341774325553256e+00 -1.972664296657217431e+00
4.938571463319412658e+00 -5.334716458548772522e+00 5.271434038880962181e-02 -5.629061576039334769e-01
1.719691141324904748e+00 -2.823488766306922138e+00 4.058505734017058275e-01 -7.065921615497443575e-01
-5.673287361483621893e+00 -2.562649146079841955e+00 8.404273565513420419e-02 -1.939029195703013020e+00
2.345727707729002631e+00 -5.543212381117124998e+00 4.124066598109488169e-03 -2.190990690685845621e-04
6.110080075229692653e+00 -1.155248933862044858e+00 1.738669773179577493e+00 -6.606644329347538536e-01
4.596463155189624672e+00 3.082628479845814340e+00 1.117655197368662812e+00 -1.229780021442321125e+00
5.823032065059672746e+00 2.664163327040599327e+00 1.816232089083142931e+00 -2.042127430028195523e-01
-4.903170134739286645e+00 2.196953812627524982e+00 1.949712038190299257e+00 -1.372370876998026068e+00
-1.253222743502124814e+00 -1.797134504595216953e+00 5.626261099221774309e-01 -4.067040124154474023e-01
-5.744106469285067185e+00 -1.348174972026948915e+00 1.430676939835761718e+00 -1.881087970967661782e+00
5.647345773068858321e+00 -5.480171638046173577e+00 6.205478940968234269e-04 -4.440301519402900521e-02
-5.305914147201332476e+00 -4.331547444081365938e+00 1.690140420403412058e+00 -1.927268657564919607e+00
-2.181374018171466922e+00 -2.643360797946231688e+00 1.604449375896366270e-01 -1.939495771793049883e+00
-5.159555036157779995e+00 -7.514119820817155571e-01 1.997690768265381944e+00 -1.779791130390424581e+00
-2.663607788542329491e+00 -5.376048523128389434e+00 2.949444519221833261e-02 -1.816873481132406987e+00
-5.237862793723865096e+00 -5.310156831379174491e+00 6.958786939591410370e-02 -1.867894347651400722e+00
-3.096196315948434030e+00 -4.264631234698109452e+00 1.780531427046662785e+00 -1.090667987992673282e+00
2.890177132839065521e+00 -5.702229728235005624e+00 8.243536512314386666e-02 -5.180919133085446493e-01
-5.411174469532076259e-01 -3.642484961606856864e+00 1.842433876473477561e+00 -1.169910276817275330e-01
4.049955633035100533e-01 -3.453199044258206118e+00 1.583646970845580260e+00 -1.724281056151073965e+00
3.349548701459426070e-02 2.348618289816881699e-01 5.473601097066576049e-01 -1.066940878360849165e+00
-3.907817558192836493e+00 -6.007453496631780077e+00 4.760655584865391976e-01 -7.351376167139545004e-04
3.177032275201602474e+00 -4.340758644020731083e+00 1.676692227144362723e+00 -1.070819910146401543e+00
-2.157367654235732068e+00 -2.172705863998726450e+00 6.658384321051646904e-02 -1.921972161021703318e+00
4.602927078051289200e+00 3.650306026518741476e+00 1.492415513396414539e-01 -1.217179240626583780e+00
6.074592064617174714e+00 -3.129828147896473123e+00 9.764731595530951047e-01 -5.948101467545421350e-01
-1.196001592412250680e+00 -4.874761396526370305e+00 6.809330344075931185e-01 -3.186616785432876409e-01
5.181111125819603203e+00 4.161918491620093974e+00 1.083662107986811396e-01 -1.939518619360947049e-01
1.882506519861534500e+00 1.251751835280518144e+00 4.043384667848383129e-01 -4.161844650771313603e-01
3.110451668327357311e+00 1.725623409808585862e+00 1.304729268905594486e+00 -9.377582874153663761e-01
-3.345413778553974815e+00 4.954805784485010633e+00 1.466061150338946462e+00 -6.035541196290730159e-01
9.038049198129183281e-01 -6.019619361282651404e+00 4.969433587101778071e-01 -1.972090478606137731e+00
-5.644448389445839709e-01 6.180191266002315942e+00 1.204534453258202298e+00 -9.606209782887054072e-02
1.494517535348229842e+00 -5.394265584318033824e+00 2.135697057223340245e-02 -1.151966504956621673e+00
1.183100317782832533e+00 -2.156750235546760486e+00 7.850674016156955481e-02 -1.699996087496067565e+00
1.059039085705648198e+00 1.292368514509726118e+00 4.714805117853526628e-01 -1.853942116034461574e+00
2.104460415265450024e-01 6.079809425932165112e+00 1.395628204098621428e+00 -1.408574841870792849e+00
2.176451062792960300e+00 -1.985559371212971769e+00 2.623885429016373783e-01 -6.392253171691220093e-02
3.542516281865170313e+00 3.870668619106609754e-01 3.009030730448364332e-01 -1.718641862263263986e+00
-5.942631624912962707e+00 4.605957637167668040e-01 2.036770935707225005e-01 -1.629653694762619232e+00
-2.139272149010984947e+00 5.571317574027993658e+00 1.989206026056173249e+00 -1.907356299833924407e+00
5.440021425980905434e-01 -5.993550444799793375e+00 4.525870572477002085e-01 -1.885702160506313563e+00
2.312503922889451502e+00 -4.315635108992536217e+00 1.712817805500845392e+00 -3.815302781909335472e-03
3.858133824444925253e+00 1.488937800853996407e+00 8.370133274111282162e-01 -1.990532406210178795e+00
-6.895771613960794966e-01 -4.659691480141037623e+00 1.105199985689284459e+00 -1.830719563327320998e-02
-4.172384593670896535e+00 -4.070308007913950199e+00 1.959200852499871193e+00 -1.180380579837233546e-01
5.362330380073267122e+00 2.349452969748918818e+00 1.999909105181233215e+00 -3.647317222977142226e-02
1.515799451520366325e+00 2.294118822330773355e+00 1.992303116903313853e+00 -1.109772089155161012e+00
1.301417453310379280e+00 -5.308548045209922961e+00 7.077197215136743491e-02 -1.513070104012670614e+00
4.713172457577440966e+00 4.141654857318428640e+00 9.075435198066694742e-02 -9.984330462557335917e-01
4.475937272298965652e+00 4.533655734212258537e+00 6.500979965194111365e-01 -1.455472966653238220e+00
4.278422750911339278e+00 -2.064668855086781107e+00 1.652134104385443170e-01 -1.762994098968866608e+00
-3.198723036455412227e+00 4.339436385316382427e+00 3.213630730709573502e-01 -8.859876943590828668e-01
7.669578164494765815e-01 3.738898249729311729e+00 6.992711367179094140e-02 -1.999319984293082442e+00
-4.414228722548937611e+00 -1.526688460265985370e+00 1.088101361534409506e+00 -4.383981514447908845e-01
1.695091864471927501e+00 5.426680970844000029e+00 1.989904855537854012e+00 -7.539614104414187334e-01
-4.330727657107101614e+00 5.826430257950226732e+00 1.791653179625116277e+00 -3.086739882827241876e-01
-5.256336577936927767e+00 4.813651207917544639e+00 1.201142829157427094e+00 -1.885651509735766673e+00
-5.779385376592196977e+00 -4.706274156201412318e+00 1.012229343515703706e+00 -1.845552867119956364e+00
-4.316143508906663762e+00 1.081758440642026642e+00 1.705760045783953904e-01 -2.878956946620188084e-01
-1.709311377849163982e+00 -3.702885742051844176e+00 1.901224182735087531e+00 -1.273500197472091200e+00
-1.045819799308205234e+00 3.371082140018382134e+00 5.569670182040225015e-01 -1.326001338478908220e-01
-4.336695362648992358e-01 6.201363795542132351e+00 1.162913633425935123e+00 -2.373896035500204782e-01
4.561507529045222498e+00 5.384870129950996898e+00 1.974607691178452251e+00 -1.297203911832403911e+00
-1.630811692002017033e+00 5.882253685840916901e-01 7.675181082236237629e-02 -1.119742716653030712e+00
-3.781778186587421153e+00 -3.698570142894340051e+00 1.897450302696645164e+00 -4.187781540318769036e-02
5.756890507502143706e+00 -1.020281798729237188e+00 1.891673663974066777e+00 -1.312911746606962859e-01
1.745022505393457379e+00 -1.703424165532794632e+00 7.378439879992605421e-01 -6.585564160364769659e-01
-2.214798189658774064e+00 6.078044775539659383e-01 6.241865623289277742e-02 -1.960279940783786978e+00
2.365258276589599973e+00 3.743088751035994477e+00 6.688084300568875040e-02 -1.642999484341434169e-04
-2.697862396183980049e+00 2.107240365280883765e+00 1.878583479719416083e+00 -1.775470861065262085e+00
1.560155681229941749e+00 -4.048062945450626948e+00 1.970826046713026969e+00 -1.021279684807071764e+00
-5.424467020590065580e+00 -1.321324359050798591e+00 1.478498487631706437e+00 -1.989267571706194726e+00
-3.203521021758685361e+00 -2.364878715619756377e+00 1.508277508939226408e-04 -8.764596913845017490e-01
-2.101202683022227902e+00 2.742067009194665062e+00 1.716694794704401339e+00 -1.872752506634862257e+00
5.707885416671176770e+00 3.333267742969242775e+00 6.259704254182781868e-01 -8.699122091911515309e-02
-2.586573042230536412e+00 4.857082039692070197e+00 1.285363923183488577e+00 -1.895716125824566944e+00
4.198642352346979578e+00 -1.831046770143982982e+00 5.026852454214221222e-01 -1.856005777996943218e+00
1.724760923318154227e+00 4.534843647872545347e+00 6.523246244512708181e-01 -6.969141152079496582e-01
1.287252421563236382e-01 -3.037181442769919304e+00 7.926919524632554115e-01 -1.254615892636729235e+00
-2.452758155228121240e+00 -2.885581442431570220e+00 5.100586947205124622e-01 -1.981408809886721745e+00
2.093034534329104801e+00 7.148710606420252134e-01 9.931661118429357948e-03 -1.353383688765851245e-01
5.947386677844647807e+00 -6.099804707237572288e+00 6.414060813107516079e-01 -3.777628396848218273e-01
5.727809455729389043e+00 4.336982054860127889e-01 2.373525149686723790e-01 -1.039673140601087287e-01
1.980304446010858754e+00 -3.025497544161756647e+00 7.698904824824898130e-01 -2.695256669661273419e-01
-2.062777151731485681e+00 -1.006526981261663956e+00 1.903787742160332197e+00 -1.832697575838974968e+00
-4.224282979400838300e+00 -6.190331179178931720e+00 8.153573421679799482e-01 -1.716185831399035244e-01
-3.150757012731135731e-01 6.740857396404740243e-01 2.467873137437137654e-02 -4.107329113884211624e-01
-4.938524211660748620e-01 -4.133090488776847593e+00 1.916241926549997032e+00 -1.652355520210493367e-01
6.047062187109229825e+00 4.434602106036393820e+00 4.725691572852034339e-01 -5.451121823677715916e-01
1.654893559277527793e+00 -1.632579643797478219e+00 8.767475765986187941e-01 -8.325974335560064610e-01
-5.543276222180246293e+00 4.561556810252652028e+00 7.028901983877329229e-01 -1.995864341253154262e+00
-1.723432636178769073e+00 -3.506911410470416435e+00 1.667344558391702591e+00 -1.300553200627823314e+00
2.984282663103346778e+00 -2.585405988560558477e+00 1.032485093649722074e-01 -6.905448718495814653e-01
1.405194388348047774e+00 -5.882426221739673444e+00 2.815870163652389735e-01 -1.325181711816668439e+00
-8.194337710001651232e-01 2.197615929679644253e+00 1.950125855699980093e+00 -2.315950679351641561e-03
5.738470434444082002e+00 -5.414883016615283040e+00 1.371472449878430311e-02 -1.136369640724718133e-01
-6.170262673512262097e+00 4.405825647197980643e+00 4.245725783657671171e-01 -1.223930243948179397e+00
2.337801133036117918e+00 5.673556676277168975e+00 1.938843858489364358e+00 -6.765548734372073270e-04
5.868870045010361025e+00 1.074265437593084016e+00 1.622979759131356614e-01 -2.629935465107325898e-01
1.333847519607362919e+00 -5.897453264823298014e+00 3.028144258099162434e-01 -1.456357825973666476e+00
1.552811832373509837e+00 2.275433758020403374e+00 1.986983743855281759e+00 -1.035961233422400651e+00
2.451116797600320751e+00 -5.390527368797098262e+00 2.292121577758887696e-02 -1.796643086372051723e-02
2.211696733637475987e-01 -4.167883497432178785e-01 1.740340473656304843e+00 -1.428054825492573343e+00
-1.781684575186411656e+00 4.333080399637987412e+00 3.120815444088895774e-01 -1.409381908337687062e+00
2.654059329923104116e-01 -5.826405111731065567e+00 2.083160941678943168e-01 -1.506233658234566342e+00
4.600852247850010457e+00 -4.794409317481528099e+00 8.366940410296842545e-01 -1.221227974362376179e+00
5.827647362020243804e+00 3.700044863813255702e+00 1.012525579953804655e-01 -2.098363942684585703e-01
2.922855477453431661e+00 5.614271499469948523e+00 1.972985305953824042e+00 -5.763469749977239154e-01
-5.484751054274234150e+00 4.739655985205551758e+00 1.054506983349861926e+00 -1.999660139993232555e+00
-5.808865385939439463e+00 -3.746935305952462603e+00 1.935857707695699759e+00 -1.812623571984296467e+00
1.898169864325762290e+00 5.410594443806770570e+00 1.984833359786181584e+00 -3.910413577509761485e-01
-1.237844763047680097e+00 2.793602275764660803e+00 1.641138404430650954e+00 -3.822304328328571810e-01
-5.357642277352355542e+00 2.402635379000384930e+00 1.995689587866547043e+00 -1.960975328661614281e+00
1.872486410650667565e+00 2.771604078544360306e+00 1.674271037512652160e+00 -4.325709847884481318e-01
-1.172202114568881015e-01 1.364587656900157597e+00 5.991748461605472809e-01 -7.677012476552720344e-01
-2.229588604663065965e+00 1.796778902087329044e+00 1.436734207243797634e+00 -1.968112820809830854e+00
3.864774128152882682e+00 1.157040935024832073e+00 2.637508251890086086e-01 -1.992268151435714563e+00
-6.044187006136474416e+00 -1.013707161940131662e+00 1.897548803960879438e+00 -1.460001246253476381e+00
-4.734657987380783695e+00 2.416255501635991010e+00 1.992794020833470459e+00 -1.044523290927590109e+00
-5.243850804510681307e+00 -3.683225152595542617e+00 1.883491989398168309e+00 -1.873781041994212915e+00
5.446003242649009479e+00 -5.740249000673003366e+00 1.152894881930596194e-01 -5.358352659740273083e-03
1.782475813604662562e+00 5.594655411579697812e+00 1.981291703560380313e+00 -5.891748113630905781e-01
-3.852610791762899112e+00 4.309252577190214595e+00 2.782877447166649532e-01 -1.104438647138361596e-02
6.525268989150099230e-01 -2.740209247835556639e-01 1.521016856652183780e+00 -1.964897759629922636e+00
4.734776003208429174e+00 -5.371369003526743846e+00 3.179318157561239477e-02 -9.552409127211204387e-01
4.315525511176721452e+00 -3.110904273353415128e+00 9.386617677374012869e-01 -1.712971521068069158e+00
3.764652717206320887e+00 -5.878235667179066759e+00 2.757822755849624885e-01 -1.947754069058740711e+00
-1.561342388318736063e+00 -2.737368260426582545e+00 2.767832560108746121e-01 -9.810932496464898067e-01
-6.133377480758766431e+00 5.253331418300545508e+00 1.882844635110958009e+00 -1.295153003977979944e+00
2.523418077863707865e+00 5.345084752755591140e+00 1.953725321139855087e+00 -5.540808298597943438e-02
8.951554064398292709e-01 3.526715021532300653e+00 3.036890837190457937e-01 -1.976003287824059207e+00
5.528468371620864019e+00 -2.927204552847892494e+00 5.842419003989265391e-01 -1.882084813027984360e-03
-2.206383391519483261e+00 4.718959033660784286e+00 1.013139728421730723e+00 -1.955448069261516819e+00
-4.374534551104744651e+00 2.235160898816943131e+00 1.970844525051216767e+00 -3.745494295129087048e-01
-3.389575121923671830e+00 -6.048258205041756597e-01 1.935492967302866463e+00 -5.241194559378447027e-01
3.725200464301561709e+00 -3.095466189701660209e+00 9.078778712215231916e-01 -1.919660699969689244e+00
-7.913863856326024404e-01 -2.128469755015694354e+00 1.019365878311981888e-01 -7.171675384332054648e-05
-9.028311299928235556e-01 -2.242569716342283748e+00 2.571024736619476059e-02 -2.745445089126896665e-02
-4.023128165076825802e+00 -5.010115150256969407e+00 4.391166983768043375e-01 -1.842790168209262891e-02
-3.004340777118835959e+00 8.998615259032227698e-03 9.820037410176143400e-01 -1.271069302867036122e+00
8.978084061675417615e-01 3.921888301121846609e+00 5.207088441072649232e-05 -1.974834142180222019e+00
-3.877398865367055691e+00 5.273480122285924665e+00 1.901049080865885088e+00 -4.914692346484339502e-03
2.009290164338734641e+00 -2.377781075529337151e+00 9.318165833618330396e-04 -2.311839213416708727e-01
5.070627336204818647e+00 -1.894746338300489441e+00 3.964866850996563441e-01 -3.432682435742141491e-01
-2.290484508848984468e+00 -3.347640334084763136e+00 1.400530150719082600e+00 -1.991376818491205292e+00
-5.167632680718645233e+00 3.256198730010719800e+00 7.727896474409219341e-01 -1.789802785989314859e+00
-6.062850694491306314e+00 -1.303928665334702863e+00 1.508752669979064542e+00 -1.426544852412140463e+00
9.721809111050960794e-01 -6.024666117784757802e+00 5.056921892043091393e-01 -1.931032083953626355e+00
-2.011543976053815186e+00 -3.994289828765277939e+00 1.990955353280271511e+00 -1.771690748051315989e+00
-1.817893535777193925e+00 4.808135780553140393e+00 1.190325405630437539e+00 -1.474322610224425789e+00
-1.563561005335732723e+00 -5.304146003817082011e+00 7.406111141664872832e-02 -9.855298621006322035e-01
3.547987159890171327e+00 -2.681215300576509808e+00 2.039413904636496744e-01 -1.726207374729657351e+00
-4.724771651856716659e+00 -4.547282301629167023e+00 1.324244866257645370e+00 -1.024762811499202009e+00
5.514486702461342205e+00 2.622805265127269081e+00 1.861173995194750352e+00 -5.576986744810774610e-04
1.430968076080896267e-01 3.047254335677131110e+00 1.187559180758100075e+00 -1.282302717489378852e+00
2.245426990926846500e+00 -5.408624786011787755e+00 1.585776250677584098e-02 -2.443868240325242081e-02
-5.140769622755397172e+00 1.252144269782362151e+00 4.049690848701306134e-01 -1.755725532799307764e+00
3.364746694372458435e+00 -1.397510241636151562e+00 1.339675789567824182e+00 -1.431638200062957056e+00
4.223015532062536437e+00 -1.293372426266214958e-01 1.255799362256264207e+00 -1.829798711800451727e+00
9.002720270319688467e-01 -5.766038571485056607e+00 1.404985592891969670e-01 -1.973723876534414501e+00
-3.104115182573112808e+00 -1.071688398315453483e+00 1.840505669449476578e+00 -1.074884775896196132e+00
2.726415155378587585e-01 6.978141040190317668e-01 1.530274585468971438e-02 -1.518660097333918158e+00
-7.946182108082675555e-01 -5.198664724286585326e+00 1.736746184059472231e-01 -1.700137308522364776e-04
-6.446902283694289082e-02 3.187760828087986553e-01 4.047697434157401242e-01 -8.714189237222774720e-01
-7.605898204944923080e-01 1.226791065312810680e+00 3.649984527143369517e-01 -1.230655253585455355e-03
5.980402146011009279e+00 -8.451020364283579056e-02 1.168216796390545653e+00 -4.307722136627185616e-01
2.932741678979047251e+00 -5.735518776096306226e+00 1.109192425223934908e-01 -5.943389465422971307e-01
3.873580306656998928e+00 1.823604189841327994e+00 1.484346216339420543e+00 -1.994300057908160451e+00
1.761429337355581382e+00 5.561685927246687200e+00 1.991844999117455606e+00 -6.279041191151640833e-01
-3.990508736451102045e+00 -3.271769628837866151e-01 1.608646748398475212e+00 -8.058206421298175215e-03
3.837625305189732217e+00 -3.579599189427146388e+00 1.768192484015159938e+00 -1.984070084889427932e+00
3.158977628887317479e+00 4.187272713382920841e+00 1.324610956708964782e-01 -1.034762945166330939e+00
4.982773729810565655e-01 -4.891105932782952692e+00 6.501285242743073400e-01 -1.839604515758626491e+00
6.878939714860301535e-01 4.813681049916377575e+00 1.201201292970703882e+00 -1.981046045010798284e+00
4.318959356042629594e+00 -3.843431279022859304e+00 1.986068077699501000e+00 -1.708139169377944855e+00
1.572570632732133156e+00 -5.022608181919324011e+00 4.186080884973917282e-01 -9.964513955732579031e-01
-4.923587159797380153e+00 -4.423543662065148041e+00 1.546090780963608857e+00 -1.409947368916946608e+00
5.680332740543656556e-01 5.171138411351817510e+00 1.794083893243503258e+00 -1.906983883260646939e+00
9.065225229114757255e-01 -4.807043195507507249e+00 8.118202745596807546e-01 -1.970800992984024003e+00
-4.927472143649663572e+00 4.527237546919351985e+00 6.381022135030045561e-01 -1.417021981781233952e+00
2.603750087603199148e+00 5.427410726469565461e+00 1.990110662726773283e+00 -1.200841166635493451e-01
-3.369606912263098053e+00 -5.373758288617710654e+00 3.060887604205964063e-02 -5.596140417498980391e-01
1.996784539822694882e+00 5.849835221042676281e+00 1.762196963035153718e+00 -2.474166551709540141e-01
3.183136229041672038e-02 1.936941019560315169e+00 1.668573877381597903e+00 -1.063619729734176067e+00
5.630460438328359629e+00 2.798902183819883760e+00 1.632967972439527404e+00 -3.499833197778734473e-02
-2.104927811331464227e+00 -4.443726861687606444e+00 1.511839129045386088e+00 -1.876365190681643647e+00
5.343033938731299060e+00 -5.345360022846260328e+00 4.610928739373010288e-02 -4.751597226803805363e-02
1.006107544211037208e+00 -4.055379072591463796e+00 1.967213652160122672e+00 -1.904146446273988769e+00
-4.379515257078178792e+00 -1.118953611443076035e+00 1.785612485180773090e+00 -3.823528614090972999e-01
5.642015234453953809e+00 4.325831410117089604e+00 3.016317500425593767e-01 -4.131580821023772554e-02
-9.719343556893171865e-01 4.074619134094188411e-01 2.723266482890478457e-01 -6.878807469490555437e-02
3.721962671057926997e+00 3.351739754220178114e+00 5.919709326735971278e-01 -1.917098382903603682e+00
-4.208249811088222714e+00 -2.815981386294324373e+00 3.938408067783503164e-01 -1.540850940619903353e-01
-5.034995801223455025e+00 -4.623770949220640247e-01 1.798472802017956784e+00 -1.601369145807286287e+00
-4.107124443069783304e+00 4.227033099256493287e+00 1.747121367715008811e-01 -6.419735579510632562e-02
5.602443581259354488e+00 -5.476844186288806426e+00 8.770866936274046566e-04 -2.182607815309645094e-02
-2.885672456043137935e+00 -2.806610271236537724e+00 3.790416315353599686e-01 -1.489782613944641954e+00
5.650706553150625311e+00 4.903533302536349225e-01 1.691092110676739591e-01 -4.640527451607034948e-02
-5.557790317271515512e+00 -3.059850023829924659e+00 8.372420246848752967e-01 -1.992807876023032776e+00
-1.148229661925657119e+00 -2.459662877782540669e+00 2.133511533317933306e-02 -2.519403993552216114e-01
5.633829213636481370e+00 -4.818667623402640210e+00 7.890396797125496242e-01 -3.678710194576906289e-02
9.361947647642168135e-01 -9.382141695013519467e-01 1.953656973125672769e+00 -1.954864453261082602e+00
-4.920404525428380360e+00 -4.003834525281546597e+00 1.988213316363266259e+00 -1.404133283260280862e+00
4.438108251754687927e+00 5.961114786991233316e+00 1.600511822378070992e+00 -1.521460295566020360e+00
9.705268181063484434e-01 5.981577135460083738e+00 1.567294111035585136e+00 -1.932234267686967044e+00
1.254092260666727299e+00 3.257364019159636470e+00 7.705206428888176085e-01 -1.591895195663640461e+00
5.257556328592198014e+00 3.642393358866934605e+00 1.576648487293775824e-01 -1.132183430198343554e-01
4.843806931376777314e+00 1.660212981091224727e+00 1.177881609858955514e+00 -7.401798982887390910e-01
5.801573952011722213e+00 -6.150551900217384294e+00 7.378332410585746182e-01 -1.789644001130533679e-01
5.641539276059354791e+00 9.311649536379524861e-01 4.219578189818573577e-02 -4.104544842730029064e-02
-1.021235065929371189e-01 -1.696317892478090172e+00 7.515854725933662772e-01 -7.971701177473061728e-01
-1.566521959568497380e+00 2.882144887460272642e+00 1.495921356690327331e+00 -9.914513696716330537e-01
-1.347351494021300056e+00 -2.221498158448205196e+00 3.606728565086658733e-02 -5.678372569842449202e-01
3.261344248836559601e+00 -2.798562210318440879e+00 3.665057739227081113e-01 -1.237220027172243553e+00
4.522401517269962312e+00 6.248817180862422660e+00 1.068682139373030804e+00 -1.370897184172401806e+00
-4.099404013563890281e+00 -1.834165888838767522e+00 4.972828483465921989e-01 -5.886584831677499352e-02
4.996685365190449701e+00 2.513251268291618601e-01 5.182503314275799244e-01 -4.615532338272189117e-01
7.173145132192981777e-01 -4.549675449236499247e+00 1.319713462621969313e+00 -1.990743548826127363e+00
2.603081307404099931e+00 4.907545205268531774e+00 1.380477384181420630e+00 -1.194493895692593233e-01
-2.771997325173369831e-02 1.610926110641956122e+00 1.080173428794524382e+00 -9.445884490550201518e-01
-3.498717219969587511e+00 5.384640582673998921e+00 1.974504788347669404e+00 -3.449497428469344706e-01
5.624626625774764577e+00 4.874360383123796936e+00 1.318306756447737094e+00 -3.200432349096182794e-02
-1.156328912171059820e+00 -3.211983035435981293e+00 1.140316196730963849e+00 -2.627879052994540610e-01
4.532135227840710101e+00 6.090317469517227522e+00 1.376240857794191363e+00 -1.352749160288398755e+00
-2.471919312224812870e-02 -4.963421669717087426e-01 1.837495831595910012e+00 -9.505817504663511830e-01
2.681882558523307480e+00 -2.433374765852249766e+00 1.188995307803852874e-02 -2.047497741808860239e-01
-5.909034229565266472e+00 -3.987509734971753428e+00 1.992683859562734527e+00 -1.680395484028002873e+00
2.270605370706139325e+00 -2.454229075222837952e+00 1.916006051877394700e-02 -1.461525439893895939e-02
-2.552503873080231855e-01 4.444661921171375596e+00 4.897683493189398662e-01 -5.113857660510123804e-01
5.056982184257819313e+00 -4.022116836875179402e+00 1.981956603973769937e+00 -3.640905081646040875e-01
1.370504654920843279e-01 -5.355622755410760050e+00 4.014984411980260237e-02 -1.270681540648347596e+00
4.385990279208602516e-01 -2.847145197490227986e+00 4.445575790273408323e-01 -1.768950593817012917e+00
-5.353494462032679202e+00 1.537298637376028232e+00 9.330547267114853716e-01 -1.958647435016024341e+00
4.492392480919024322e+00 -2.944394220560770492e+00 6.157485717052200158e-01 -1.425933130827038431e+00
-1.592312062546765716e+00 -9.891035104744014816e-01 1.918149868707807126e+00 -1.043018192449872261e+00
5.085202895768228259e+00 1.722234587658755700e+00 1.298267026417870174e+00 -3.215668123915522703e-01
-1.881371526840227126e+00 -5.252589413195096313e+00 1.178533246451318739e-01 -1.581971061704279258e+00
-3.955777429356101660e+00 -2.568663288879299067e+00 8.893553892024252949e-02 -1.656880358996914993e-03
-1.160860239885901812e+00 1.019989530480319928e+00 1.080618811076943242e-01 -2.689413819783713633e-01
3.303469998937282881e+00 -2.801141892839869030e-01 1.531379678975684833e+00 -1.318128420303262605e+00
4.507819129213739728e+00 2.981373658636028878e+00 1.314982285963351316e+00 -1.397820183677907169e+00
3.016491041227983061e+00 -5.668714002941878327e+00 5.786514502970141471e-02 -7.523991388966453364e-01
7.773842081293915740e-01 7.907698050621680963e-01 5.770851329445214617e-05 -1.999871555791669753e+00
-4.763518266148031977e+00 -5.042225707572120186e+00 3.871411492180228953e-01 -1.102080448180558170e+00
3.510829338582817982e+00 -3.489160665594788213e-01 1.642558098692173507e+00 -1.673159758052655821e+00
2.104295716802432992e+00 -5.211010240136827676e+00 1.600220855181223589e-01 -1.242444026040024907e-01
-3.440507759588546932e-01 -1.185475099983419156e+00 1.696596319242536399e+00 -3.649281344897882251e-01
-3.735164569647316579e+00 -3.306789120153060590e+00 1.324414734745634536e+00 -7.269634097170762921e-02
-1.208755900685529738e+00 -4.070571551422382583e+00 1.959051698308337475e+00 -3.375528189419729763e-01
-8.567491192454728122e-01 -1.536873866932992883e-01 1.302557496679432880e+00 -1.016465095017426989e-02
-2.176435456638343702e+00 5.702468222519526009e+00 1.917374886217577679e+00 -1.936066487526007185e+00
-3.419089600175763355e+00 -6.205848306103345813e+00 8.459419985388489938e-01 -4.730618900023809692e-01
-1.662893556642339732e-01 -1.771618737586265979e+00 6.090672041459886943e-01 -6.735184816027295351e-01
3.066707146429319408e-01 5.249492560269425567e+00 1.879212694358654456e+00 -1.575603052822410532e+00
1.076729120294419140e+00 3.016181583984172576e+00 1.248200456447176476e+00 -1.835000895665693132e+00
-8.024049002780104800e-01 4.205996352027872476e+00 1.516900733648887112e-01 -5.784024318186142821e-04
3.762701983951314944e+00 -2.067739891480053771e+00 1.618475143724625864e-01 -1.946502283828791757e+00
4.163582050472568241e+00 -2.031072014412531601e-01 1.395134630152522481e+00 -1.890122480042772279e+00
5.035939049617503827e-01 4.283889229082742389e-01 2.442636216470345234e-01 -1.845332804600923859e+00
-3.383546285669027043e+00 1.585207133229422638e+00 1.028817622752765004e+00 -5.347586347269936979e-01
1.439639185874156624e+00 1.373046238888847803e+00 6.147301987897162423e-01 -1.259316360225316345e+00
-6.015146638858256622e+00 -5.595706906576339179e+00 1.911534811834603165e-02 -1.510767542291707954e+00
6.042660346690873041e+00 -2.999322045012527749e+00 7.192828545822032016e-01 -5.372898045707490411e-01
6.167534717833719426e+00 1.282802487676627301e+00 4.553366227353986551e-01 -7.707557558467361680e-01
-2.458716845812052743e+00 -4.314096028944574002e+00 1.714973290382262094e+00 -1.979051881800866663e+00
5.939926850929895252e+00 -2.891449261993828568e+00 5.203228051860468995e-01 -3.661529908994358706e-01
1.728593160179912047e+00 6.165913587574491928e+00 1.232398949344262640e+00 -6.896191271862195382e-01
-3.851404556859837403e+00 8.910437099265511307e-02 8.227330307491943495e-01 -1.140482094398920232e-02
-1.455843400574518220e+00 -3.067258540286187163e+00 8.518788186735363199e-01 -7.721141457896524285e-01
-8.727782736898683780e-01 -3.034048362339607952e+00 7.865660295245826550e-01 -1.523174185607600872e-02
1.383637833415541252e+00 -5.140701407889816110e+00 2.443638204926442681e-01 -1.365636894674213453e+00
-4.247380062845948601e+00 4.718574012395270856e+00 1.012369748548835213e+00 -1.983693968283213316e-01
1.944720602536866849e+00 1.105110719132033736e+00 1.975610538697619711e-01 -3.199370072539291510e-01
-5.376302760328115937e+00 5.927280605991734674e+00 1.653204885021812398e+00 -1.970628011719485428e+00
4.747784195899180659e-01 3.561069809561180577e+00 2.560552449275700360e-01 -1.813157645768859849e+00
-4.589834106344162556e+00 -2.445332576875749453e+00 1.584915320182733733e-02 -7.573372059626184427e-01
-2.509739633962364103e+00 -5.530955623085188400e+00 2.199489273127075428e-03 -1.953217170120389534e+00
-2.908754666260788824e-01 9.522523757230096919e-01 5.516584804702717726e-02 -4.505123137452556881e-01
4.081820167137054867e+00 5.996142712286648191e+00 1.543066861539257095e+00 -1.952437630838387950e+00
-5.465519061711639814e+00 6.006677099436068090e+00 1.525256415300751289e+00 -1.997918264430702084e+00
-4.426792928747666167e+00 -5.651772643356949288e-01 1.904563395672453030e+00 -4.593647020330915431e-01
-4.613843420771607029e+00 2.098218894685336622e+00 1.869823833941335778e+00 -8.041824025381378860e-01
9.760367832583440872e-01 -3.554130177859420314e-01 1.652459982451816689e+00 -1.928190123863772421e+00
3.897389752413394248e+00 6.155250315824808638e+00 1.253087163405629090e+00 -1.998248065736920154e+00
4.256364147947357068e+00 -1.597278282280467643e+00 9.470608477367749023e-01 -1.790760053512033600e+00
5.350868644191580259e+00 3.982051128415609043e-02 9.204431404886679324e-01 -4.286037414273091706e-02
-4.156030958662822350e+00 3.997138756802568693e+00 9.825335096090070941e-03 -1.030968995417924639e-01
4.298410610401438348e+00 1.459169155941095752e-01 7.122909991947530273e-01 -1.736550885002758005e+00
-4.734799427920018289e+00 -8.307143736557227598e-01 1.995895692808788091e+00 -1.044805889700890500e+00
-6.203716367759573025e+00 -5.703426171593909189e+00 8.338937096240928160e-02 -1.158269561960481697e+00
5.889532756850304196e+00 2.883623291719963788e+00 1.493351596343602150e+00 -2.915460970266429142e-01
1.841437884237819844e-01 5.944477859155362864e+00 1.626780818913417193e+00 -1.360018363613816117e+00
-4.071334628081671347e+00 -9.715078692100140856e-01 1.931522476548923617e+00 -4.138167244836754577e-02
-1.301062615113120380e+00 2.540722930761697640e+00 1.932667977249840519e+00 -4.863208768440834273e-01
4.139588043216493318e+00 4.760164667031109076e+00 1.095406041279392451e+00 -1.910958538940848550e+00
6.063422958487700853e+00 2.827229225641101351e-01 4.642076815028517434e-01 -5.744906138629146675e-01
-2.394006977949012516e+00 -3.349494100884858661e+00 1.403924542293636168e+00 -1.997141794134815296e+00
4.196877410107987316e+00 -2.512165657668836705e+00 4.826075221122538839e-02 -1.857825272417286788e+00
-6.082484314533207481e+00 -3.819599519876166749e+00 1.977022754081571687e+00 -1.390709273139915769e+00
2.983909501039782697e+00 2.708729056638118138e+00 1.761566749489634987e+00 -6.898352680030059858e-01
-6.866636299331503324e-01 -4.102310694740050501e+00 1.939153149865595838e+00 -1.943374288243104875e-02
-3.497023519429542482e+00 -2.716612228674184504e+00 2.487454338870128678e-01 -3.475129666261090877e-01
6.027035701474343199e+00 -1.783132817676120752e+00 5.879771665790404223e-01 -5.098174210976011977e-01
4.194420398600719579e+00 2.500758803796363949e+00 1.958492682677189345e+00 -1.860340425109564100e+00
1.745005218762402777e+00 -1.100368290501831936e+00 1.808062705789693636e+00 -6.585889117281071847e-01
4.411332968747210259e-01 2.333934297756972143e+00 1.999009131345513834e+00 -1.772181060648998496e+00
-2.291206072002607286e-01 2.324655045095136430e+00 1.998011186385698856e+00 -5.576285430891179118e-01
-2.228507426536372016e+00 2.745036845306833229e+00 1.712539926754082620e+00 -1.967568856071576278e+00
-5.341353585750336919e+00 3.992935666093726965e+00 8.684845960138520837e-03 -1.951455018310029210e+00
-2.092848830212505895e+00 1.531581930889116094e+00 9.216515870321044801e-01 -1.864474992811622212e+00
4.340972920893266362e+00 -4.444579419541318188e+00 1.510373552645473350e+00 -1.676376635460250064e+00
1.223134412817564964e+00 -7.218166587944283563e-01 1.991925673792061868e+00 -1.640634123209259609e+00
-1.734383853088540484e+00 3.459521435349463658e+00 4.061323037273231185e-01 -1.321369219094849834e+00
3.813843207925481593e+00 1.906003100506085346e+00 1.621310081355881394e+00 -1.974504318093730948e+00
4.096924175794846690e+00 -3.650861153876645560e-01 1.666997967077310960e+00 -1.942799105109513258e+00
-2.680569757546042986e+00 3.118663745361969220e+00 1.045841745444589854e+00 -1.796839336353419858e+00
-4.781731246835168925e+00 -4.557453759837787999e+00 1.304935250587857976e+00 -1.138240397719523012e+00
1.265970373532173454e+00 -5.782924751629573201e+00 1.582475719294611505e-01 -1.572582111272892824e+00
-4.659776305099822657e+00 -1.563697343533263506e+00 1.014197489518393169e+00 -8.949687243686071936e-01
-4.034132823301757043e+00 -5.312967597166267097e+00 6.754220565943658272e-02 -2.287110215945709069e-02
-9.265038443415782865e-01 5.814139812678737584e+00 1.806430717761697835e+00 -3.955803337791774510e-02
2.699457390403901869e+00 1.061238599515991865e+00 1.483552523104751941e-01 -2.265471867316780630e-01
-6.866788429290160423e-02 1.807832718914887948e+00 1.456513684476784531e+00 -8.630955420459325289e-01
1.569927287674165228e+00 5.504121185558245699e+00 1.999919760902632015e+00 -1.001738077366364887e+00
-4.754641696778673321e+00 -5.094390178342235842e+00 3.081829999149884314e-01 -1.084404890776240249e+00
4.868995373149189732e+00 1.386415662187388875e+00 6.395396917989717434e-01 -6.918832997129200635e-01
2.476562192906673232e+00 1.839941325529785843e-01 6.402608939663043675e-01 -2.883709559413993873e-02
2.344875764169117360e+00 4.885137321055898596e+00 1.338664050132423400e+00 -2.562161757085901215e-04
3.507126184802933366e-01 5.989094617697782397e+00 1.554848937497684602e+00 -1.645307113923267561e+00
5.179296783383721348e+00 5.932338917957590496e+00 1.645511471984747232e+00 -1.961048010473974701e-01
3.304875565486078415e+00 -2.614498807925597745e+00 1.305007124183783507e-01 -1.320792247863891600e+00
-5.242394220185763842e+00 1.139347201864112868e+00 2.402696958307393160e-01 -1.872360605482003226e+00
3.699832526177255332e+00 -1.079622995133785679e+00 1.831802226970066449e+00 -1.898561155006570189e+00
-2.249650887876892824e-01 -4.809311550688737391e+00 8.073665661140433381e-01 -5.650973383489139579e-01
6.133032042102835035e-01 4.173388134199713662e-01 2.589198964586856277e-01 -1.941349110708640691e+00
1.054568237923967366e+00 -3.670482903090255711e+00 1.871268282470511357e+00 -1.858560888546035628e+00
7.936069556251403867e-01 2.334192910163386259e-01 5.499345931296821810e-01 -1.999865234487391064e+00
3.320146258920091853e+00 -1.377780437560550020e+00 1.376515187341608604e+00 -1.349565410741825566e+00
-2.653327273961559651e+00 -6.497760496792777118e-01 1.963438275872168681e+00 -1.828559931278950890e+00
5.935379480918872019e-01 -5.776030519763539317e+00 1.508839327505465677e-01 -1.927278227794721577e+00
1.873424449810778825e-01 3.354623238460710866e+00 5.867126838542903178e-01 -1.365979298614551141e+00
3.597827128369480931e+00 5.213565031107982861e+00 1.842739501803260849e+00 -1.791016639155781576e+00
-5.893091636212575146e+00 -3.364498052134714090e+00 1.431189572831729873e+00 -1.703412590775266189e+00
-3.139809345643925109e+00 1.866418979473543516e+00 1.557395366126379077e+00 -1.003566608330070276e+00
-6.204893611256669494e+00 -4.760470340006666135e+00 9.039854193275151939e-01 -1.155944314513436710e+00
5.136859108101647919e+00 -4.141216388939927384e+00 1.909610332015904799e+00 -2.494194301472520969e-01
3.537824442375690381e+00 -5.312363184460789256e+00 6.797960997929686222e-02 -1.712085092555198251e+00
-1.540933710522018885e-01 -4.206453721252296774e+00 1.847825217767996797e+00 -6.966686904767679378e-01
-6.181683108555517947e-01 -3.373478535945571899e+00 1.447324640296468123e+00 -5.541219591037360725e-02
-5.308135105615425786e-01 6.176249252383209765e+00 1.212245370527742727e+00 -1.268502674507462347e-01
8.465833757662837300e-01 -6.244908362642910937e+00 9.235208630038369559e-01 -1.992522078090466664e+00
-2.629571859513013088e+00 5.578842535415065029e+00 1.986888798172512960e+00 -1.854216286477417874e+00
-5.564314562177133716e+00 4.689157670375125875e-01 1.937227324948741503e-01 -1.991161256544617952e+00
1.222288235974092530e+00 2.493519942216318341e+00 1.962519934918387721e+00 -1.641932672676085003e+00
4.970014231072740429e+00 -4.856434866800401373e+00 7.158768414059988316e-01 -5.072471568951371079e-01
5.542994837235967864e+00 2.292354583788203115e+00 1.991860000001435482e+00 -4.084687283518295686e-03
-3.924569045595513561e+00 1.578832336052123253e+00 1.016071326596797775e+00 -1.172993041564929229e-05
3.603184530304240241e+00 1.351938237719641833e+00 5.761279355706275807e-01 -1.797526366559592859e+00
4.884580692061529561e+00 -5.988744530277758216e+00 4.445686873174389264e-01 -6.623836321475120581e-01
2.429638526598292714e+00 3.665875558447437399e+00 1.332912778262175246e-01 -1.076866989775371319e-02
-1.417412669055389429e+00 -1.980404958276241523e+00 2.693883940033622304e-01 -6.980215461527309317e-01
-5.431082843177017061e+00 3.152979391656208108e+00 9.772284923220578845e-01 -1.991114263218819680e+00
-6.013386722047136423e+00 -7.169808700138178281e-01 1.990652746197379308e+00 -1.513790439386666131e+00
-4.175425353320370903e+00 1.314575375003887103e+00 5.096930527693083190e-01 -1.209206953770980419e-01
-1.138065911916545936e+00 2.503143554232504897e+00 1.957121919495895312e+00 -2.386059045271553547e-01
-3.056079495790754219e+00 -5.671144562799295130e+00 5.950588333006234798e-02 -1.170193780807045281e+00
-3.893941317659244117e+00 2.811305752706893202e+00 1.613570049952071761e+00 -2.183743559184492256e-03
1.586347642674661884e+00 -1.636899746482463058e+00 8.681779569946135311e-01 -9.689023826425964270e-01
-1.462976740753285654e+00 1.456723901578285130e+00 7.738291645209260938e-01 -7.860281592851723342e-01
4.959334402687938237e+00 -5.471117559230403771e+00 1.422196245390305869e-03 -5.259446627675967711e-01
2.069316374133896019e+00 1.766014401493420038e+00 1.380591777478235471e+00 -1.601319426051435180e-01
1.979010299973424480e+00 -6.075795522543245397e+00 5.970117991642868160e-01 -2.712957603867535150e-01
2.770283060543439646e+00 4.575953882075179280e+00 7.305034538107811892e-01 -3.237802168563866934e-01
3.234287136929678397e+00 -1.253554555411351856e+00 1.592761650165095411e+00 -1.184328849053131627e+00
-1.060069818800778663e+00 5.592529942300787482e+00 1.982101254763826592e+00 -1.471324187320568466e-01
-2.859207975022050263e+00 -4.751173938445709233e+00 9.225078513630664556e-01 -1.535221003437748033e+00
-2.020359388813331769e+00 -1.741670724405842918e+00 6.648647337941608892e-01 -1.782783400589526668e+00
3.903911530832351318e+00 1.349956519677292910e+00 5.725415026852544997e-01 -1.998934882234193244e+00
-2.046058591467462939e+00 2.347083457737499046e+00 1.999833982769037011e+00 -1.813720502727452111e+00
1.851525391157693434e-01 -5.778044319940716100e+00 1.530182179004648813e-01 -1.361899847910095218e+00
3.791451069094929238e+00 2.086056214399098607e+00 1.857566463442357652e+00 -1.963482399413849722e+00
-4.712482414030313649e+00 -7.765192457481120414e-01 1.999842333786032711e+00 -1.000186867290159931e+00
1.729261328019678245e+00 1.065154900247427427e+00 1.524865532172338112e-01 -6.883490675902552702e-01
