-2.593521101096486259e+00 -4.645337579395234506e+00 1.133701222242976980e+00 -1.889451263148706817e+00
1.901346315755064964e+00 1.823199926334323706e+00 1.483638696888080588e+00 -3.860145451106847814e-01
-3.111851805349556965e+00 -2.572476878483791474e+00 9.210641924766493904e-02 -1.059446627595244994e+00
-2.110351364157094345e+00 -3.120994583256452515e+00 9.588155108240546953e-01 -1.881538010675209982e+00
-4.087012534142903775e+00 -4.589325030620659440e+00 1.243650387702671223e+00 -5.077824579486589496e-02
1.336175422361041143e+00 2.875824942328288003e+00 1.506857518190445777e+00 -1.452210176102199934e+00
3.889174738957162702e+00 5.059338983100687415e-01 1.521762254573751916e-01 -1.997141251597892575e+00
5.338294395971962203e+00 -2.637122452103654702e+00 1.537321887044901247e-01 -5.044594130445223534e-02
2.399449723103094456e+00 -3.402909987553179416e+00 1.499164826017938879e+00 -3.739697131936892127e-03
2.953926013506768200e+00 -5.358277597998508668e-01 1.877994156891810595e+00 -6.334173715269346694e-01
5.315883092644265062e+00 1.220537685600731947e+00 3.553867595768465115e-01 -6.545145540175567600e-02
3.752363393195107477e+00 -6.170853233822823469e+00 7.772210382495063907e-01 -1.939627963158973678e+00
-4.117490607445128070e+00 -3.911344845168859941e+00 1.999510447080608877e+00 -7.170659332741413650e-02
2.676498464263190158e+00 -3.900526696208026056e+00 1.998599627585357474e+00 -1.982674541798146173e-01
-1.057476193923604590e+00 -4.147647309856628439e+00 1.904191631072579716e+00 -1.444355005785392665e-01
1.871021002434298808e-01 -1.854423958398636607e+00 4.626807776261345762e-01 -1.365531915672099528e+00
-4.841244884542240001e+00 -5.271221423885197765e+00 1.009193786541007221e-01 -1.254868595295859590e+00
3.441606492388801897e+00 -1.494374053313375583e+00 1.152250129862490535e+00 -1.564665316486139268e+00
5.530474637979274632e-01 -4.253581107041657816e+00 1.794154931325935731e+00 -1.893955425164755679e+00
6.067258790091974774e+00 -6.110177641941472615e+00 6.608479946517000769e-01 -5.814455696483302738e-01
2.058304216479340809e+00 2.158020121539854230e+00 1.922476719853109639e+00 -1.722892570580615290e-01
-3.956768110547029149e+00 1.320936421555845008e+00 5.208203696499515978e-01 -1.772850342646625776e-03
3.141866144343358869e+00 3.491546934847596262e+00 3.558522507008671232e-01 -1.000546981479856212e+00
5.147631823348840285e+00 -3.426880168297296247e+00 1.540116077315482279e+00 -2.353579699557069027e-01
-3.446838107111396710e+00 3.608009705234911380e+00 1.966889574884067571e-01 -4.267302379583535199e-01
6.062236458648943227e+00 -3.516966806509080445e+00 1.682186096179067558e+00 -5.723443583499392417e-01
4.849891455623005498e+00 -4.697182368188422608e+00 1.030408536085313020e+00 -7.284482985837643643e-01
-5.444694257601192078e+00 5.855087576522139514e+00 1.755354860601185951e+00 -1.994367586177413276e+00
1.385326908545682301e+00 1.748319543422208966e+00 1.347633902839221243e+00 -1.362490575410480798e+00
-5.259353269110629725e+00 -4.388372674371438187e+00 1.603619029833696974e+00 -1.888436977392685012e+00
-9.913908228335168715e-01 -5.352656107699287347e-01 1.877455432823577075e+00 -8.367235069614353815e-02
-9.239450571906004939e-01 -3.835378386262444650e-01 1.694032862562716568e+00 -3.814547317153260675e-02
2.411198926315273994e+00 3.245620342785928258e+00 7.934423931559879684e-01 -6.044876062498594216e-03
7.669283538428510738e-01 -7.393718334312371354e-02 1.147336031709103921e+00 -1.999317809848047744e+00
1.002107979766011958e+00 -1.572355266287828179e+00 9.968821260657060312e-01 -1.907534892743421695e+00
-3.925336166495387413e+00 2.508538893250991109e+00 1.953940355779314908e+00 -5.475731503223890684e-06
-5.530237414413033292e+00 6.103597089444363633e+00 1.351503342468420854e+00 -1.997894699002350727e+00
-3.355544238482120356e+00 -5.325768496212802461e+00 5.859939995314411565e-02 -5.850360594497345801e-01
-3.266762933375675360e-01 3.364987438595113289e+00 5.679275248667767784e-01 -3.921480604236102785e-01
-4.438996393331313683e+00 2.389619034665990682e-01 5.400633911115790831e-01 -4.800561852680611530e-01
6.206694118514381131e+00 2.557499341852926378e+00 1.920041592350343329e+00 -8.476136480439262488e-01
-6.152944158096988581e+00 -4.365507048777533150e+00 1.639435531073420771e+00 -1.257546610087454830e+00
3.160791769942235874e+00 4.329453255253914890e+00 3.068346156372334654e-01 -1.038388797519416817e+00
2.442904429496724816e+00 2.182758769840267732e+00 1.940440889988905848e+00 -1.499957854123445955e-02
-1.951096765207703143e+00 5.640243143702594608e+00 1.959686390841988368e+00 -1.689356857877007068e+00
1.630078268403717168e+00 4.981517944157824118e+00 1.512641021587767476e+00 -8.817137048136897137e-01
5.965763445763281325e+00 -2.706496132749086847e+00 2.355465988157628976e-01 -4.069483072114000732e-01
3.320780792873403442e-01 -1.525801264988555950e+00 1.089868712778685467e+00 -1.616394880131195810e+00
4.510875404577934233e-01 7.606422943597683783e-01 1.225455731505786794e-03 -1.784677107590258105e+00
-1.382203828821637615e+00 3.574597348543283815e+00 2.382503934215429720e-01 -6.316951914797943601e-01
4.974852938968837179e+00 -1.544625613314365431e+00 1.052317530921173416e+00 -4.988493716283377566e-01
-5.225465361434977751e-03 -5.558673631686519734e+00 7.405171300851054461e-03 -9.895492595212683762e-01
4.326977747299983079e+00 2.436058944923482628e+00 1.987270436757692771e+00 -1.696725460348667003e+00
-4.722777408969173862e+00 -5.276573231552154297e+00 9.628510846774884779e-02 -1.020775362383254059e+00
-5.122824303305746341e+00 -4.087587147114398967e+00 1.948859572022786590e+00 -1.731739525596288853e+00
-5.848750545682131374e+00 -3.937566968392021138e-01 1.708600891878957473e+00 -1.763599487199014826e+00
3.585135625437537499e+00 1.344795941741484313e+00 5.632337500464356106e-01 -1.775234308701362451e+00
-4.260358573828746387e+00 -1.986079233571675928e+00 2.616868931809035459e-01 -2.141553140014743617e-01
4.830587331786269090e-01 2.156368851293670730e+00 1.921196736818403306e+00 -1.822684707220921130e+00
-4.161979086954321616e-01 -4.466116757136416204e+00 1.472869411035435450e+00 -2.604538691944258133e-01
4.502704464820217467e+00 -1.175170927225519080e+00 1.711233085629449313e+00 -1.407184241230813759e+00
7.375181355424746954e-01 -1.565332052052180067e+00 1.010928331948137249e+00 -1.995418508489630316e+00
-4.695681746367212028e+00 -2.443373902461676295e-02 1.048848030867454373e+00 -9.665917496420675104e-01
9.783826222674223416e-01 -1.062467783759988293e-01 1.210898024826578379e+00 -1.926434111780241043e+00
-8.345034271224864852e-01 -1.432515846040467444e+00 1.273048914208999127e+00 -4.818778765382281115e-03
5.222505576013061201e-01 -5.680092960608149610e+00 6.573768219110742717e-02 -1.864674039088622282e+00
-7.300523392230733322e-01 -1.476957491181654980e+00 1.186577851057774913e+00 -6.120067760828518111e-03
-2.692736324779148926e+00 4.055544856506186235e+00 3.287060732162527810e-02 -1.781903026886947128e+00
-4.721550342434429837e+00 2.910452754304719392e+00 1.445989770693028920e+00 -1.018321698892425742e+00
2.929755378730469317e+00 -3.966142068864279668e+00 1.996935924992001787e+00 -5.888871166342464214e-01
-6.049749866010992072e+00 -6.235512613694318418e+00 9.047990074464918875e-01 -1.450094250665123097e+00
1.345784929980148981e+00 -3.852643154263347913e+00 1.988965204478374105e+00 -1.434986058455866464e+00
1.752517115342325127e+00 -2.680260458770893361e+00 2.027870649008902681e-01 -6.445068982575298255e-01
3.143759262991213888e+00 4.889965483293853055e+00 1.347733826534866397e+00 -1.004333205242200933e+00
4.751878843135589392e+00 2.891411433665000530e+00 1.479743577999666604e+00 -9.211023588090847536e-01
2.169910423851497683e-01 3.163052507567194027e+00 9.570934679067673034e-01 -1.420487066376174390e+00
1.544745270181602237e-01 8.990244517133749724e-01 2.571092978486844149e-02 -1.304057617039636074e+00
5.355553756949646527e+00 -8.421792214603813775e-01 1.993558749743547409e+00 -4.018856322283781424e-02
5.669868327365580996e+00 1.907440297628053116e+00 1.623559785707110237e+00 -5.864159292848436511e-02
-3.269169474707463330e+00 -1.216167415400610352e+00 1.651270752647016060e+00 -7.476059203916451956e-01
5.396467434829293808e+00 -1.203834356178800746e+00 1.669788514068300422e+00 -2.046120676702700703e-02
-5.183851439766130831e+00 3.365135539692950317e+00 5.676604171666159715e-01 -1.809279725618143875e+00
-5.042339124182500854e+00 5.633493567508224942e+00 1.963393083750866852e+00 -1.613038076900745077e+00
4.517476037901232644e+00 -2.017948960462641494e+00 2.202256754340092826e-01 -1.380027368789512376e+00
3.918931974867710721e+00 5.510125960757079611e+00 1.999695522643649248e+00 -1.999870112939257094e+00
-2.546808971879784167e+00 7.088302075337509223e-01 1.170240784294107605e-02 -1.928208086714675806e+00
4.449945907518236154e+00 6.114453879147649928e+00 1.331094117079870465e+00 -1.501114480602279144e+00
5.099552525666629421e+00 -5.783939654970774669e+00 1.593451242469881013e-01 -3.007648236904961747e-01
2.389071566954550363e-01 1.072520366382478052e+00 1.603970188541360420e-01 -1.459839381148736903e+00
4.110654244422146775e+00 2.244359845237049456e-01 5.660504746127321685e-01 -1.933290663919708940e+00
-4.309023740245399026e-01 5.301353477161315553e+00 1.923815132356785362e+00 -2.409811866861600871e-01
-4.466772479320386680e+00 -2.992299092576604647e+00 7.058298617347092963e-01 -5.282865515565660086e-01
-2.694527912720860563e+00 3.667131335476746301e+00 1.320412129022719983e-01 -1.779664260064147019e+00
3.809662913694417341e+00 -2.635193087494000164e+00 1.516827263807349890e-01 -1.972594426746799856e+00
-3.942570460298894464e+00 8.886415988402616151e-01 2.124277569878574301e-02 -4.854112956649281330e-04
-5.980985865587244987e-01 -1.266456356173059739e+00 1.571784977745164458e+00 -6.934563385122727297e-02
2.327536886992126242e+00 5.046184263814675219e+00 1.619095620440981875e+00 -1.642066848218659558e-03
-1.321347832453406035e+00 -4.478566549076782977e+00 1.450785265508821809e+00 -5.215427363395677141e-01
-6.294226939736198290e-01 -3.674084291901257959e+00 1.874780825479703372e+00 -4.826339284892955384e-02
5.530553733153624307e+00 1.562461083359307779e+00 9.833302852537372241e-01 -2.146530386088585374e-03
1.681214017143910056e+00 2.851230994610769898e+00 1.548628821835029701e+00 -7.809552072684848856e-01
1.936947027548445277e+00 -1.979949297260787944e+00 2.700109418771577952e-01 -3.314171870372403239e-01
3.719230282045080216e+00 -2.249049666391392144e+00 2.287230043995491791e-02 -1.914906106140389586e+00
