-3.095352824780222001e+00 -4.925878688010152828e+00 9.772974968453677080e-01 9.989311295841178939e-01
6.301711604281958756e-01 5.732853195563571091e+00 -5.229703333964577094e-01 -8.079266582076620740e-01
7.297380358339733419e-02 2.148804533154265783e+00 8.375525405613711838e-01 -9.973385933480519716e-01
3.260799006606470485e+00 5.730483928980929065e+00 -5.249883101481044312e-01 9.929033324031555363e-01
-3.901143322501069211e+00 -4.731907522690196544e+00 9.998095193005906989e-01 7.251454913818415893e-01
-5.190971443704663457e+00 2.581275376959590417e+00 5.314549854271322094e-01 -4.605213641727098350e-01
2.971949967356209754e+00 2.064278444279084468e+00 8.806887380878638538e-01 9.856451551742865247e-01
2.947053336235232024e+00 1.857884907486184289e+00 9.590723399577987252e-01 9.811368303232080867e-01
-1.499923358280580210e+00 2.682263927521542968e+00 4.433465103041908661e-01 -7.081365119076052372e-02
5.120351759264089253e+00 -4.378272614361860882e+00 9.447004525019708776e-01 -3.967401241985561433e-01
5.576923936654596403e+00 6.164133937022981513e+00 -1.187703456650047035e-01 -7.607935353239643206e-01
-2.771467747401985093e+00 4.387199419326464067e+00 -9.475901808776765467e-01 9.322821703282140327e-01
-1.916983039613961992e+00 5.695513530213291986e-01 5.392542781081162140e-01 3.393132251499638707e-01
-1.136108104165499455e+00 -1.788632652733740613e+00 -9.763673424130656642e-01 -4.211276393323361011e-01
-8.133418988104423875e-01 -1.505411805637563383e+00 -9.978631936206853181e-01 -6.870740927559247924e-01
-5.219296126288396565e+00 7.914129080454115339e-01 7.113470317536914056e-01 -4.854756448728155260e-01
2.097676242996017848e+00 2.237850903171592520e+00 7.856473300041874053e-01 5.028388545483014616e-01
-2.929192127701579995e+00 -4.417919568021829058e+00 9.569562706028583721e-01 9.775276838563002890e-01
-1.122082573649212378e-01 4.885782360793179180e+00 -9.850049934286424502e-01 -9.937112559493200825e-01
-8.075810591555905305e-01 4.867417711461401453e+00 -9.880070948599757319e-01 -6.912484218509113987e-01
1.202452342470878399e+00 9.220286004388196233e-01 7.968289491918826295e-01 -3.600709881263934875e-01
3.572461909140022485e+00 2.246090150475346547e+00 7.805233078054498730e-01 9.086030390521722122e-01
-3.408076087544243293e+00 -1.053976003735983547e+00 -8.693947083600327419e-01 9.647029140428223792e-01
-4.830152789048730355e+00 1.763740174604841116e+00 9.814440089368527964e-01 -1.174917997560370048e-01
-4.009114109521413560e+00 4.430587211230802680e+00 -9.605559495257450786e-01 6.467189876115412295e-01
6.081692548919852115e+00 -4.003360514904489520e+00 7.589947969995846089e-01 -9.797689207125674926e-01
-1.017448328965192772e+00 2.508679640531314092e+00 5.914960496617931440e-01 -5.255385444268089179e-01
-2.867728491181014139e+00 -4.188419654423730876e+00 8.658400691514267500e-01 9.627330099553780274e-01
2.552605355580052304e+00 -2.301603235705413475e+00 -7.446360567603711456e-01 8.315036808271287772e-01
1.903822604292018994e+00 -6.114657438541948764e+00 1.677312560219376969e-01 3.269045268308821139e-01
5.498686694239715678e+00 6.275193593538594072e+00 -7.991628572819653442e-03 -7.077425732371237510e-01
4.906637909707720624e+00 -3.015357983509288076e+00 -1.258996748199536497e-01 -1.930296442418475145e-01
-4.294891332628736791e+00 -4.571969197392233397e+00 9.901573311412940059e-01 4.054743086355605541e-01
-7.371344488302868925e-01 2.159561835503167160e+00 8.316268685998242649e-01 -7.403977306769334854e-01
4.827972747958373390e+00 -4.170397272784448717e+00 8.566829722573505723e-01 -1.153265804717248516e-01
3.333146823815130944e+00 -5.721231989882401336e+00 5.328401415754943082e-01 9.817095303756557811e-01
-1.832861222995995298e+00 2.320475494875260836e+00 7.319075226844365956e-01 2.590754973993601995e-01
2.868518385400635751e+00 2.632377666200715893e+00 4.874919810903215467e-01 9.629463393307183816e-01
4.212237937989897318e+00 5.826137342207280412e+00 -4.413009980541933164e-01 4.795580853067147320e-01
2.484733691030923453e+00 -5.467635892573700751e+00 7.281023148593578354e-01 7.919141542440958359e-01
5.113697459119087796e+00 1.870809100332502695e+00 9.553327142091950774e-01 -3.906231973237265787e-01
-1.965125634458130044e+00 4.784773339065589326e+00 -9.973813959557508158e-01 3.841890555832893073e-01
2.947054932006301087e+00 1.610810201037256029e+00 9.991995517430933837e-01 9.811371388077453348e-01
-2.121523763310301014e+00 2.769562430840379008e+00 3.635075175978130790e-01 5.233072480499928458e-01
5.704579011311896153e+00 -1.701117719475955248e+00 -9.915201790400244297e-01 -8.372256205161531240e-01
-4.794755051322626471e+00 9.240041987999507711e-01 7.980210597243966308e-01 -8.227297162396414454e-02
3.210101720182390039e-02 3.393115521798346634e-01 3.328379757678155415e-01 -9.994848065907574464e-01
2.819855941364252772e+00 1.342426219469859738e+00 9.740366804400126810e-01 9.486876752384714173e-01
4.536639638576904332e+00 4.554946459962703642e+00 -9.876315074134063288e-01 1.748459854073752540e-01
-1.341501175641218069e+00 4.131482582919170810e+00 -8.359655788752662353e-01 -2.272911793258223512e-01
4.319149469233897420e+00 -4.989844648872201915e+00 9.617554671838801639e-01 3.831826681662935385e-01
7.889621511765936290e-01 -2.848098439603131027e+00 -2.892987817741846657e-01 -7.045821757613852654e-01
-2.119767843200290436e+00 4.975626362544769421e+00 -9.655526474060195374e-01 5.218101451566662385e-01
-5.857466605136528948e+00 1.703593104834010497e+00 9.911954582843663930e-01 -9.107421619007060043e-01
-3.567724619846648348e+00 -5.494622767963957877e+00 7.093407888274722017e-01 9.105714161631869308e-01
-5.508731272270548374e+00 -5.759463475472371918e+00 5.001065659304414490e-01 -7.148029481111256578e-01
4.342172397578959675e+00 -1.496364885126810762e-01 -1.490786929629343838e-01 3.618173495544051432e-01
4.624026398174047259e+00 -4.796960038157776829e+00 9.964259990387136501e-01 8.824763871602116228e-02
-8.398274648947321452e-01 -2.146396813405706538e+00 -8.388655856302564828e-01 -6.675912929851242072e-01
-2.851357538180761431e+00 -1.167501205953081822e+00 -9.197728154757045527e-01 9.581766172534436077e-01
-9.296882438887106304e-01 1.454906402377114993e+00 9.932922750806760792e-01 -5.980838631464500121e-01
-1.425387300611547836e+00 5.449247084305531175e+00 -7.405834528925805404e-01 -1.448971514363546764e-01
-1.610585146113084676e+00 2.677037799624512715e+00 4.480248759044905826e-01 3.977832153670358278e-02
1.710710482746868877e+00 4.851300047218076728e-01 4.663233674292510123e-01 1.394581099806435631e-01
3.896608689425038463e+00 -2.783311660930933407e+00 -3.506649000743470301e-01 7.282605539128651495e-01
9.120818494779543428e-01 -2.113480922890547120e-01 -2.097781859587756481e-01 -6.121007927113668590e-01
4.679515156390207764e+00 3.510354575150357093e+00 -3.604608607258189545e-01 3.286790325489830772e-02
-4.740170049461602808e+00 1.717141411935477535e+00 9.893106561772291307e-01 -2.777749569978379962e-02
5.561697816340309686e+00 5.123343268928339356e+00 -9.167400169636219509e-01 -7.508240691100547259e-01
5.120321129886763245e+00 -5.798146322874848657e+00 4.662428475322078492e-01 -3.967120083582822976e-01
5.277716664513510736e+00 3.248488173528532030e-01 3.191655138630651312e-01 -5.356925455403303005e-01
2.753272875051607116e+00 2.193180697354570441e+00 8.124907413051835059e-01 9.255465547158663320e-01
1.405075411791251838e+00 -5.178491867350722977e+00 8.933264624398018494e-01 -1.649634120386424263e-01
-2.662825599530599163e+00 3.739486766239627613e+00 -5.629031588217080495e-01 8.875635972099616966e-01
-1.150528385349881333e+00 -6.271791753229264188e+00 1.139330744654977294e-02 -4.080050927896424207e-01
-2.691003122487864108e+00 2.210714371211921048e+00 8.021446986910596433e-01 9.001905201831004177e-01
4.937022848235590899e+00 4.567097009895114468e+00 -9.894636761714623585e-01 -2.227494437243586756e-01
-3.333643828630383332e+00 3.278492517525926075e+00 -1.364726446776029500e-01 9.816147869355043021e-01
3.317421902960514757e+00 -1.555765661657897425e-01 -1.549497276194613804e-01 9.845818212821358939e-01
-1.679669611911315918e+00 -1.269778193327618432e+00 -9.550351150160959479e-01 1.086583262639077424e-01
2.927948237981683022e+00 -3.811780871555258354e+00 6.211335053554026819e-01 9.772647069119495544e-01
4.770425957341313250e+00 -1.414764902871985086e+00 -9.878517739341128312e-01 -5.800440154171303958e-02
5.718527226771874084e+00 -4.109683497552198972e-01 -3.994972346816923481e-01 -8.447716202072940161e-01
-4.707783117177681831e-01 -1.906398172354069942e+00 -9.442122703384685511e-01 -8.912155314859300237e-01
2.811505648550985725e+00 1.602105133589042829e+00 9.995099193436373097e-01 9.460141465714497766e-01
5.796914479574329704e+00 4.806967343342295251e+00 -9.955307995620062966e-01 -8.840817644388482277e-01
2.476221398513761329e+00 3.057626082886084617e+00 8.386793937120080866e-02 7.866876445679540364e-01
2.323884450653634914e+00 3.392374613563598373e+00 -2.481615342702290228e-01 6.838950520606245087e-01
2.225093726515204651e+00 -5.640844071979031149e+00 5.990716977418880651e-01 6.086018973243074726e-01
5.802563323204426027e+00 8.318080034680113144e-01 7.391503420569348615e-01 -8.867075319773283226e-01
-3.146126704048937128e-01 -2.425195552215456019e+00 -6.566717183118276902e-01 -9.509163086781712293e-01
5.135126872344411453e+00 3.320433651935381647e+00 -1.778891769696442915e-01 -4.102588605085810691e-01
1.800867991033829441e+00 3.391477092683839345e+00 -2.472919892055730762e-01 2.280473000108819148e-01
-3.363083703811266201e+00 -4.085498135694603405e+00 8.098553423775248783e-01 9.755709733009343410e-01
5.985041312870100327e+00 -1.553509758884081826e+00 -9.998505910055885959e-01 -9.558833305453148244e-01
-2.720552896547303590e-01 4.665628601753075699e+00 -9.989069326858707187e-01 -9.632206508021381453e-01
-3.799001394825565203e+00 -6.049816563334013964e+00 2.312562564142927046e-01 7.915783218874500315e-01
3.325771391813200140e+00 2.050267412767823316e-01 2.035933411727636477e-01 9.830869873892400523e-01
-1.702074997394681155e+00 -2.538242233193114483e+00 -5.674045203575563967e-01 1.309019173397572844e-01
5.515304404536786720e+00 -1.790515298665318333e+00 -9.759587394559579021e-01 -7.193842349365564548e-01
-2.087242074740259135e+00 3.854029656253990410e+00 -6.536799634908627699e-01 4.937925577680049583e-01
5.133481580977839798e+00 6.209201840519305904e+00 -7.391599305378479534e-02 -4.087578509915520963e-01
-3.840296620633718128e+00 -5.855235760214943852e+00 4.150061358180948123e-01 7.656764720511315403e-01
