3.360309920575014431e+00 -8.192299502728337401e-01 -7.306202687481095914e-01 9.761765767235006663e-01
4.149266063419684514e+00 5.977442985024323363e+00 -3.010011541327546336e-01 5.338295107561000785e-01
-2.534297712555078519e+00 -1.941526579021671139e+00 -9.320630265647709134e-01 8.211946573930436477e-01
-1.713420272173820535e+00 -4.759380473535008704e+00 9.988961029436780326e-01 1.421409039669488672e-01
2.160867951990399050e+00 4.639483350714092680e+00 -9.973435615259109710e-01 5.564205377742114100e-01
-2.359901163880484987e+00 1.421161361834376358e+00 9.888255622122590349e-01 7.097229316687684308e-01
-3.995163280598723610e+00 1.570825291824855974e+00 9.999999995805135544e-01 6.572964022966494291e-01
-1.099906627300982542e+00 5.718972400730974570e+00 -5.347508799894605813e-01 -4.536793338847195933e-01
5.470026237040624295e+00 4.204531906798790075e+00 -8.737886308832705229e-01 -6.872069222736659766e-01
-4.969808041568390955e+00 -4.835931938245173534e+00 9.923782703016834628e-01 -2.545855050171594303e-01
3.282154483542557344e+00 -1.460740303964679576e+00 -9.939499463057965833e-01 9.901374404329833512e-01
-6.969225634880551468e-01 -1.971447512275916303e+00 -9.208072151657421545e-01 -7.668211014272521275e-01
-2.004931447802441369e+00 4.653414582566316682e+00 -9.982615141568055295e-01 4.206259110051761563e-01
-4.662327305314790671e+00 -3.083379416404171458e+00 -5.818036410423813032e-02 5.004076716770523153e-02
-2.673139968198882777e+00 3.367903689736346351e+00 -2.243841603361146630e-01 8.922679781929453435e-01
-5.728253652860791689e+00 -4.609494251605852355e+00 9.947110062241105721e-01 -8.499364525836137219e-01
-1.295592773876182768e+00 2.675962317950489222e+00 4.489861199119582480e-01 -2.717428357871715106e-01
-7.464543882157803623e-01 3.135474334543509656e+00 6.118280874337939969e-03 -7.341010910718023252e-01
4.852305858086738866e+00 1.399090334694238713e+00 9.852947090714203604e-01 -1.394608051331844845e-01
-5.894169336225769662e+00 3.517236849789188824e+00 -3.668718825186470522e-01 -9.252827284396667462e-01
1.557175807937984935e+00 6.010764435216856327e+00 -2.690638187458164743e-01 -1.362009771770320704e-02
-5.624269188487287963e+00 -1.305862535802924995e+00 -9.651098395188496548e-01 -7.906563132216644085e-01
-2.269169921115983257e+00 -5.711259036899180686e+00 5.412527754018725545e-01 6.429728920685772176e-01
4.375941086956295578e+00 1.460715701493233709e-01 1.455526715412990557e-01 3.301362302621334566e-01
9.025757195855810266e-01 5.577427024807825262e+00 -6.486111597869181900e-01 -6.195902780564412904e-01
4.938571463319412658e+00 -5.334716458548772522e+00 8.125239067830779538e-01 -2.242588832786079900e-01
1.719691141324904748e+00 -2.823488766306922138e+00 -3.127661388753181226e-01 1.483452660031074621e-01
-5.673287361483621893e+00 -2.562649146079841955e+00 -5.471399146027702276e-01 -8.197064771669728689e-01
2.345727707729002631e+00 -5.543212381117124998e+00 6.742679181293884660e-01 6.996670507952968965e-01
6.110080075229692653e+00 -1.155248933862044858e+00 -9.148954800848868585e-01 -9.850546655884387937e-01
4.596463155189624672e+00 3.082628479845814340e+00 5.893001216753244315e-02 1.156663490045497372e-01
5.823032065059672746e+00 2.664163327040599327e+00 4.594974779527274955e-01 -8.959844554556820606e-01
-4.903170134739286645e+00 2.196953812627524982e+00 8.102853345989362577e-01 -1.896259341619342398e-01
-1.253222743502124814e+00 -1.797134504595216953e+00 -9.744946783856970329e-01 -3.122623961940935167e-01
-5.744106469285067185e+00 -1.348174972026948915e+00 -9.753220397846420475e-01 -8.581819199895448502e-01
5.647345773068858321e+00 -5.480171638046173577e+00 7.194524736424253719e-01 -8.045734200606402542e-01
-5.305914147201332476e+00 -4.331547444081365938e+00 9.283521637402988302e-01 -5.592867644642744995e-01
-2.181374018171466922e+00 -2.643360797946231688e+00 -4.778730973365087897e-01 5.733408680751164166e-01
-5.159555036157779995e+00 -7.514119820817155571e-01 -6.826712117630481247e-01 -4.324119740044843896e-01
-2.663607788542329491e+00 -5.376048523128389434e+00 7.877432192967273039e-01 8.879236685664029238e-01
-5.237862793723865096e+00 -5.310156831379174491e+00 8.265939238864792316e-01 -5.016229504237773584e-01
-3.096196315948434030e+00 -4.264631234698109452e+00 9.014201412904871979e-01 9.989697632109646452e-01
2.890177132839065521e+00 -5.702229728235005624e+00 5.488229925575792700e-01 9.685612456851977470e-01
-5.411174469532076259e-01 -3.642484961606856864e+00 4.802084215933436484e-01 -8.571336262809012840e-01
4.049955633035100533e-01 -3.453199044258206118e+00 3.065880619449314892e-01 -9.191041452983799154e-01
3.349548701459426070e-02 2.348618289816881699e-01 2.327086099933500241e-01 -9.994390786214715217e-01
-3.907817558192836493e+00 -6.007453496631780077e+00 2.722511770913196849e-01 7.205335247135823407e-01
3.177032275201602474e+00 -4.340758644020731083e+00 9.317365520174949456e-01 9.993720823344439674e-01
-2.157367654235732068e+00 -2.172705863998726450e+00 -8.242559050316055069e-01 5.535087347601397312e-01
4.602927078051289200e+00 3.650306026518741476e+00 -4.870539464165656307e-01 1.092434395128691338e-01
6.074592064617174714e+00 -3.129828147896473123e+00 -1.176423432021939976e-02 -9.783231993969301321e-01
-1.196001592412250680e+00 -4.874761396526370305e+00 9.868465364119907157e-01 -3.660815201496658289e-01
5.181111125819603203e+00 4.161918491620093974e+00 -8.522785092426938824e-01 -4.517466213202324665e-01
1.882506519861534500e+00 1.251751835280518144e+00 9.495355557304074878e-01 3.066868638062854036e-01
3.110451668327357311e+00 1.725623409808585862e+00 9.880382109447098937e-01 9.995151587020226769e-01
-3.345413778553974815e+00 4.954805784485010633e+00 -9.707606579660399415e-01 9.793002843837079752e-01
9.038049198129183281e-01 -6.019619361282651404e+00 2.605250044535434850e-01 -6.186249797366286662e-01
-5.644448389445839709e-01 6.180191266002315942e+00 -1.028120481711931183e-01 -8.448857122648842921e-01
1.494517535348229842e+00 -5.394265584318033824e+00 7.763913548152866495e-01 -7.620484218994939829e-02
1.183100317782832533e+00 -2.156750235546760486e+00 -8.331849588285901165e-01 -3.780564257791388383e-01
1.059039085705648198e+00 1.292368514509726118e+00 9.614887333315975670e-01 -4.897101148827307515e-01
2.104460415265450024e-01 6.079809425932165112e+00 -2.019767808181852919e-01 -9.779378356641686976e-01
2.176451062792960300e+00 -1.985559371212971769e+00 -9.152118329073668512e-01 5.693004760439880352e-01
3.542516281865170313e+00 3.870668619106609754e-01 3.774738975843360822e-01 9.207009233885566912e-01
-5.942631624912962707e+00 4.605957637167668040e-01 4.444818637140577899e-01 -9.425698751413725818e-01
-2.139272149010984947e+00 5.571317574027993658e+00 -6.532490508777432092e-01 5.383482156538942354e-01
5.440021425980905434e-01 -5.993550444799793375e+00 2.856023151619690448e-01 -8.556441722901968472e-01
2.312503922889451502e+00 -4.315635108992536217e+00 9.223202410370231474e-01 6.755479339695887875e-01
3.858133824444925253e+00 1.488937800853996407e+00 9.966514613211235885e-01 7.540819264053876259e-01
-6.895771613960794966e-01 -4.659691480141037623e+00 9.986118080324736246e-01 -7.715150985360657021e-01
-4.172384593670896535e+00 -4.070308007913950199e+00 8.008512747923813846e-01 5.141397541706694829e-01
5.362330380073267122e+00 2.349452969748918818e+00 7.118576516311123648e-01 -6.051397539384486546e-01
1.515799451520366325e+00 2.294118822330773355e+00 7.496107809634418029e-01 -5.496915502628567374e-02
1.301417453310379280e+00 -5.308548045209922961e+00 8.274982767232468284e-01 -2.661327616164935739e-01
4.713172457577440966e+00 4.141654857318428640e+00 -8.415045919979367017e-01 -7.834771125966261216e-04
4.475937272298965652e+00 4.533655734212258537e+00 -9.840696897550620381e-01 2.342545465961522744e-01
4.278422750911339278e+00 -2.064668855086781107e+00 -8.805037351652678090e-01 4.204726808356681333e-01
-3.198723036455412227e+00 4.339436385316382427e+00 -9.312555792893951745e-01 9.983685035000616770e-01
7.669578164494765815e-01 3.738898249729311729e+00 -5.624166390208339417e-01 -7.200251154299588396e-01
-4.414228722548937611e+00 -1.526688460265985370e+00 -9.990274057526312701e-01 2.937621347164379171e-01
1.695091864471927501e+00 5.426680970844000029e+00 -7.555572353032141697e-01 1.239757366335521444e-01
-4.330727657107101614e+00 5.826430257950226732e+00 -4.410381285065522183e-01 3.724627690102378930e-01
-5.256336577936927767e+00 4.813651207917544639e+00 -9.948773601949567613e-01 -5.175178655294846441e-01
-5.779385376592196977e+00 -4.706274156201412318e+00 9.999813045208575391e-01 -8.757544465991209393e-01
-4.316143508906663762e+00 1.081758440642026642e+00 8.827852458526596058e-01 3.859574559492351953e-01
-1.709311377849163982e+00 -3.702885742051844176e+00 5.322813293317789629e-01 1.380725411336354014e-01
-1.045819799308205234e+00 3.371082140018382134e+00 -2.274804239398840744e-01 -5.011926932079898700e-01
-4.336695362648992358e-01 6.201363795542132351e+00 -8.173024629876123048e-02 -9.074299107500225503e-01
4.561507529045222498e+00 5.384870129950996898e+00 -7.822784957069921496e-01 1.503096278983549472e-01
-1.630811692002017033e+00 5.882253685840916901e-01 5.548855341746105063e-01 5.997934403040936641e-02
-3.781778186587421153e+00 -3.698570142894340051e+00 5.286229378424451841e-01 8.019849446194546871e-01
5.756890507502143706e+00 -1.020281798729237188e+00 -8.522554719742276852e-01 -8.646742460071160652e-01
1.745022505393457379e+00 -1.703424165532794632e+00 -9.912178128537074695e-01 1.733460830713383083e-01
-2.214798189658774064e+00 6.078044775539659383e-01 5.710665252238500411e-01 6.004005280133420941e-01
2.365258276589599973e+00 3.743088751035994477e+00 -5.658766235184805593e-01 7.134867132600334338e-01
-2.697862396183980049e+00 2.107240365280883765e+00 8.595315025117578056e-01 9.031565083396508875e-01
1.560155681229941749e+00 -4.048062945450626948e+00 7.873324826758509865e-01 -1.064044477118997536e-02
-5.424467020590065580e+00 -1.321324359050798591e+00 -9.690429239001590034e-01 -6.534082689654346909e-01
-3.203521021758685361e+00 -2.364878715619756377e+00 -7.009395203470663027e-01 9.980830513699125994e-01
-2.101202683022227902e+00 2.742067009194665062e+00 3.889813880679608982e-01 5.058839064830942256e-01
5.707885416671176770e+00 3.333267742969242775e+00 -1.905035741102233393e-01 -8.390291737951367512e-01
-2.586573042230536412e+00 4.857082039692070197e+00 -9.895502098661959067e-01 8.498901060320257494e-01
4.198642352346979578e+00 -1.831046770143982982e+00 -9.663255637138917775e-01 4.914436619529812256e-01
1.724760923318154227e+00 4.534843647872545347e+00 -9.842801863993528855e-01 1.533570261475178109e-01
1.287252421563236382e-01 -3.037181442769919304e+00 -1.042216042351609973e-01 -9.917263401624670793e-01
-2.452758155228121240e+00 -2.885581442431570220e+00 -2.532237914231097453e-01 7.719873761299339554e-01
2.093034534329104801e+00 7.148710606420252134e-01 6.555200500097400074e-01 4.988212510701566793e-01
5.947386677844647807e+00 -6.099804707237572288e+00 1.823545260066545270e-01 -9.441474437804752151e-01
5.727809455729389043e+00 4.336982054860127889e-01 4.202294861786138314e-01 -8.497023278406411473e-01
1.980304446010858754e+00 -3.025497544161756647e+00 -1.158344953644696168e-01 3.981581656721234208e-01
-2.062777151731485681e+00 -1.006526981261663956e+00 -8.449795789017772174e-01 4.723727106675029708e-01
-4.224282979400838300e+00 -6.190331179178931720e+00 9.272075584415868932e-02 4.689539074822263176e-01
-3.150757012731135731e-01 6.740857396404740243e-01 6.241832862422413974e-01 -9.507729226884159557e-01
-4.938524211660748620e-01 -4.133090488776847593e+00 8.368468874569261473e-01 -8.805132665533035308e-01
6.047062187109229825e+00 4.434602106036393820e+00 -9.616646939984914155e-01 -9.722522173932556244e-01
1.654893559277527793e+00 -1.632579643797478219e+00 -9.980920179115796431e-01 8.399814009647069146e-02
-5.543276222180246293e+00 4.561556810252652028e+00 -9.886463776344730503e-01 -7.385298585635142743e-01
-1.723432636178769073e+00 -3.506911410470416435e+00 3.572470347140081492e-01 1.520443166186630779e-01
2.984282663103346778e+00 -2.585405988560558477e+00 -5.279514760835438691e-01 9.876522784894551377e-01
1.405194388348047774e+00 -5.882426221739673444e+00 3.901173940378221960e-01 -1.648460643306210727e-01
-8.194337710001651232e-01 2.197615929679644253e+00 8.098971328763271416e-01 -6.826350938721221784e-01
5.738470434444082002e+00 -5.414883016615283040e+00 7.632331079569533161e-01 -8.552750711506589276e-01
-6.170262673512262097e+00 4.405825647197980643e+00 -9.533763288665878521e-01 -9.936310115775972562e-01
2.337801133036117918e+00 5.673556676277168975e+00 -5.725630286592461315e-01 6.939818377085736900e-01
5.868870045010361025e+00 1.074265437593084016e+00 8.792404581381076945e-01 -9.153921853379712870e-01
1.333847519607362919e+00 -5.897453264823298014e+00 3.762374917669245034e-01 -2.347377850999816662e-01
1.552811832373509837e+00 2.275433758020403374e+00 7.618464585290710689e-01 -1.798352494680590524e-02
2.451116797600320751e+00 -5.390527368797098262e+00 7.787419390777928774e-01 7.709430276577989849e-01
2.211696733637475987e-01 -4.167883497432178785e-01 -4.048258328102662396e-01 -9.756415244314796675e-01
-1.781684575186411656e+00 4.333080399637987412e+00 -9.289208751311004431e-01 2.093285518828358338e-01
2.654059329923104116e-01 -5.826405111731065567e+00 4.410606968062839028e-01 -9.649861037565770072e-01
4.600852247850010457e+00 -4.794409317481528099e+00 9.966382174386838599e-01 1.113056152864826398e-01
5.827647362020243804e+00 3.700044863813255702e+00 -5.298741893767082711e-01 -8.980244915939096240e-01
2.922855477453431661e+00 5.614271499469948523e+00 -6.201342398296241232e-01 9.761722566896451347e-01
-5.484751054274234150e+00 4.739655985205551758e+00 -9.996282782558417734e-01 -6.978290530930304492e-01
-5.808865385939439463e+00 -3.746935305952462603e+00 5.690438751510794591e-01 -8.896035421110838337e-01
1.898169864325762290e+00 5.410594443806770570e+00 -7.659970273340365177e-01 3.215571688689372043e-01
-1.237844763047680097e+00 2.793602275764660803e+00 3.410093320818081697e-01 -3.268339171386339115e-01
-5.357642277352355542e+00 2.402635379000384930e+00 6.735175252679785896e-01 -6.014008287734540215e-01
1.872486410650667565e+00 2.771604078544360306e+00 3.616047801437962672e-01 2.971343826103758357e-01
-1.172202114568881015e-01 1.364587656900157597e+00 9.788142239350327012e-01 -9.931375742225280190e-01
-2.229588604663065965e+00 1.796778902087329044e+00 9.745744177457053015e-01 6.121623139595759877e-01
3.864774128152882682e+00 1.157040935024832073e+00 9.156174250904464129e-01 7.497041123156269471e-01
-6.044187006136474416e+00 -1.013707161940131662e+00 -8.487977149061884941e-01 -9.715755939645419614e-01
-4.734657987380783695e+00 2.416255501635991010e+00 6.633877630113244050e-01 -2.226716647611435770e-02
-5.243850804510681307e+00 -3.683225152595542617e+00 5.155355145010416251e-01 -5.067940728028647035e-01
5.446003242649009479e+00 -5.740249000673003366e+00 5.166522672040146924e-01 -6.695585292446419867e-01
1.782475813604662562e+00 5.594655411579697812e+00 -6.354026826259864258e-01 2.101021950958765483e-01
-3.852610791762899112e+00 4.309252577190214595e+00 -9.198350928262282178e-01 7.576978261994189445e-01
6.525268989150099230e-01 -2.740209247835556639e-01 -2.706045202971325003e-01 -7.945520137214511225e-01
4.734776003208429174e+00 -5.371369003526743846e+00 7.906171854538855959e-01 -2.238515288709341106e-02
4.315525511176721452e+00 -3.110904273353415128e+00 -3.068356352971336742e-02 3.865274953631661070e-01
3.764652717206320887e+00 -5.878235667179066759e+00 3.939724738749150745e-01 8.120966443110969601e-01
-1.561342388318736063e+00 -2.737368260426582545e+00 -3.933057798251694548e-01 -9.453797649421204208e-03
-6.133377480758766431e+00 5.253331418300545508e+00 -8.572237592793351402e-01 -9.887997777386525744e-01
2.523418077863707865e+00 5.345084752755591140e+00 -8.064363740324531626e-01 8.149377357676895750e-01
8.951554064398292709e-01 3.526715021532300653e+00 -3.756725443527484942e-01 -6.253975593224539997e-01
5.528468371620864019e+00 -2.927204552847892494e+00 -2.127495772664463880e-01 -7.284654948576517741e-01
-2.206383391519483261e+00 4.718959033660784286e+00 -9.999784172776107205e-01 5.936500413046008617e-01
-4.374534551104744651e+00 2.235160898816943131e+00 7.873087228728454789e-01 3.314635792869680131e-01
-3.389575121923671830e+00 -6.048258205041756597e-01 -5.686188046312511402e-01 9.694095947477667785e-01
3.725200464301561709e+00 -3.095466189701660209e+00 -4.611010879448723676e-02 8.344800437572437168e-01
-7.913863856326024404e-01 -2.128469755015694354e+00 -8.484886596481631127e-01 -7.028598159786086930e-01
-9.028311299928235556e-01 -2.242569716342283748e+00 -7.827191838754213871e-01 -6.193897797326146648e-01
-4.023128165076825802e+00 -5.010115150256969407e+00 9.560059816071123651e-01 6.359669151256835962e-01
-3.004340777118835959e+00 8.998615259032227698e-03 8.998493815597304740e-03 9.905957383028006769e-01
8.978084061675417615e-01 3.921888301121846609e+00 -7.034895682944302120e-01 -6.233252084986313779e-01
-3.877398865367055691e+00 5.273480122285924665e+00 -8.466750072435619279e-01 7.412898771117285568e-01
2.009290164338734641e+00 -2.377781075529337151e+00 -6.916792030937091162e-01 4.245762794667840567e-01
5.070627336204818647e+00 -1.894746338300489441e+00 -9.479854745235575253e-01 -3.506249703134032836e-01
-2.290484508848984468e+00 -3.347640334084763136e+00 2.045927910928461435e-01 6.591502134009585845e-01
-5.167632680718645233e+00 3.256198730010719800e+00 -1.143553578719607999e-01 -4.396812072664316728e-01
-6.062850694491306314e+00 -1.303928665334702863e+00 -9.646016601218002640e-01 -9.758243722976305268e-01
9.721809111050960794e-01 -6.024666117784757802e+00 2.556492300237279691e-01 -5.634991857865694342e-01
-2.011543976053815186e+00 -3.994289828765277939e+00 7.530577604509441914e-01 4.266157828678014963e-01
-1.817893535777193925e+00 4.808135780553140393e+00 -9.954197758144701647e-01 2.445903705933329120e-01
-1.563561005335732723e+00 -5.304146003817082011e+00 8.299618576378244850e-01 -7.235258331298187288e-03
3.547987159890171327e+00 -2.681215300576509808e+00 -4.442862034594357024e-01 9.185520420349628790e-01
-4.724771651856716659e+00 -4.547282301629167023e+00 9.864008274992226433e-01 -1.238235503414249900e-02
5.514486702461342205e+00 2.622805265127269081e+00 4.958274452390357689e-01 -7.188160085329109439e-01
1.430968076080896267e-01 3.047254335677131110e+00 9.419844942544566835e-02 -9.897791105347419904e-01
2.245426990926846500e+00 -5.408624786011787755e+00 7.672617235721191919e-01 6.246089310339626444e-01
-5.140769622755397172e+00 1.252144269782362151e+00 9.496585733868542212e-01 -4.153983158670043752e-01
3.364746694372458435e+00 -1.397510241636151562e+00 -9.850234989610829883e-01 9.752042912437884903e-01
4.223015532062536437e+00 -1.293372426266214958e-01 -1.289769492408590346e-01 4.700729686982523248e-01
9.002720270319688467e-01 -5.766038571485056607e+00 4.944020011361405231e-01 -6.213968591798386676e-01
-3.104115182573112808e+00 -1.071688398315453483e+00 -8.780098945164734880e-01 9.992978017788791689e-01
2.726415155378587585e-01 6.978141040190317668e-01 6.425442840248956067e-01 -9.630629595467778969e-01
-7.946182108082675555e-01 -5.198664724286585326e+00 8.840794668841842618e-01 -7.005572604053549313e-01
-6.446902283694289082e-02 3.187760828087986553e-01 3.134045397533598010e-01 -9.979225922164658424e-01
-7.605898204944923080e-01 1.226791065312810680e+00 9.414114042132586402e-01 -7.244295446960943297e-01
5.980402146011009279e+00 -8.451020364283579056e-02 -8.440964460554492566e-02 -9.545103098145263365e-01
2.932741678979047251e+00 -5.735518776096306226e+00 5.206964682275356804e-01 9.782697947618502754e-01
3.873580306656998928e+00 1.823604189841327994e+00 9.682139266925028354e-01 7.438474257383389521e-01
1.761429337355581382e+00 5.561685927246687200e+00 -6.605111727783694597e-01 1.894804761483507849e-01
-3.990508736451102045e+00 -3.271769628837866151e-01 -3.213710280571207001e-01 6.607970837333599912e-01
3.837625305189732217e+00 -3.579599189427146388e+00 4.241350299238175747e-01 7.673919973464717881e-01
3.158977628887317479e+00 4.187272713382920841e+00 -8.652656612410402071e-01 9.998488851230565855e-01
4.982773729810565655e-01 -4.891105932782952692e+00 9.840725863828054809e-01 -8.784071307801248896e-01
6.878939714860301535e-01 4.813681049916377575e+00 -9.948743430464334070e-01 -7.725848690873603486e-01
4.318959356042629594e+00 -3.843431279022859304e+00 6.456228558405493478e-01 3.833582635832156194e-01
1.572570632732133156e+00 -5.022608181919324011e+00 9.522666776855004400e-01 1.774305006269725517e-03
-4.923587159797380153e+00 -4.423543662065148041e+00 9.585734204268266945e-01 -2.096316064366717802e-01
5.680332740543656556e-01 5.171138411351817510e+00 -8.966069844571652458e-01 -8.429606545888491675e-01
9.065225229114757255e-01 -4.807043195507507249e+00 9.955236334149784039e-01 -6.164875141584909013e-01
-4.927472143649663572e+00 4.527237546919351985e+00 -9.829083836989354062e-01 -2.134286761096639840e-01
2.603750087603199148e+00 5.427410726469565461e+00 -7.550789839210256815e-01 8.588158988682714767e-01
-3.369606912263098053e+00 -5.373758288617710654e+00 7.891519451869219992e-01 9.741171794331463518e-01
1.996784539822694882e+00 5.849835221042676281e+00 -4.199135710058063964e-01 4.132208806126217993e-01
3.183136229041672038e-02 1.936941019560315169e+00 9.337145519777265701e-01 -9.994934249628580902e-01
5.630460438328359629e+00 2.798902183819883760e+00 3.360223350150838839e-01 -7.944317915800064300e-01
-2.104927811331464227e+00 -4.443726861687606444e+00 9.641268887221317030e-01 5.090936906239897919e-01
5.343033938731299060e+00 -5.345360022846260328e+00 8.062735705309292955e-01 -5.896657794582731427e-01
1.006107544211037208e+00 -4.055379072591463796e+00 7.918219731665676608e-01 -5.351529394043089694e-01
-4.379515257078178792e+00 -1.118953611443076035e+00 -8.996440563604645169e-01 3.267603505654729235e-01
5.642015234453953809e+00 4.325831410117089604e+00 -9.262123489466616011e-01 -8.013964468832942556e-01
-9.719343556893171865e-01 4.074619134094188411e-01 3.962803145245061831e-01 -5.637028521834627215e-01
3.721962671057926997e+00 3.351739754220178114e+00 -2.086037665542828101e-01 8.362598142289715542e-01
-4.208249811088222714e+00 -2.815981386294324373e+00 -3.198879940630160457e-01 4.830538841006898343e-01
-5.034995801223455025e+00 -4.623770949220640247e-01 -4.460768525197171819e-01 -3.170399756620341791e-01
-4.107124443069783304e+00 4.227033099256493287e+00 -8.845089783324454613e-01 5.689796388517925907e-01
5.602443581259354488e+00 -5.476844186288806426e+00 7.217595404325829467e-01 -7.771061128156574460e-01
-2.885672456043137935e+00 -2.806610271236537724e+00 -3.287525315356650824e-01 9.674307704241903449e-01
5.650706553150625311e+00 4.903533302536349225e-01 4.709376136803931079e-01 -8.065646825164696221e-01
-5.557790317271515512e+00 -3.059850023829924659e+00 -8.165162806731186829e-02 -7.482374317761132376e-01
-1.148229661925657119e+00 -2.459662877782540669e+00 -6.302923932850030830e-01 -4.101027006769795702e-01
5.633829213636481370e+00 -4.818667623402640210e+00 9.943577388686183349e-01 -7.964733169220606923e-01
9.361947647642168135e-01 -9.382141695013519467e-01 -8.065035517941211429e-01 -5.928566961481004371e-01
-4.920404525428380360e+00 -4.003834525281546597e+00 7.593033383072826936e-01 -2.065186323600054774e-01
4.438108251754687927e+00 5.961114786991233316e+00 -3.165312960268021891e-01 2.708546218828051799e-01
9.705268181063484434e-01 5.981577135460083738e+00 -2.970561689840380271e-01 -5.648648880051450050e-01
1.254092260666727299e+00 3.257364019159636470e+00 -1.155129247141406107e-01 -3.114362405187187099e-01
5.257556328592198014e+00 3.642393358866934605e+00 -4.801280698307648920e-01 -5.185611872638936637e-01
4.843806931376777314e+00 1.660212981091224727e+00 9.960049938170740802e-01 -1.310399979992509234e-01
5.801573952011722213e+00 -6.150551900217384294e+00 1.322448761007807005e-01 -8.862496813147655583e-01
5.641539276059354791e+00 9.311649536379524861e-01 8.023158456528527438e-01 -8.011116694405668870e-01
-1.021235065929371189e-01 -1.696317892478090172e+00 -9.921325062156415298e-01 -9.947899251434336731e-01
-1.566521959568497380e+00 2.882144887460272642e+00 2.565468394413319420e-01 -4.274354210809627741e-03
-1.347351494021300056e+00 -2.221498158448205196e+00 -7.956588635456642855e-01 -2.215901250986680171e-01
3.261344248836559601e+00 -2.798562210318440879e+00 -3.363425209980458463e-01 9.928383423042818068e-01
4.522401517269962312e+00 6.248817180862422660e+00 -3.436136096094602466e-02 1.888465836872263715e-01
-4.099404013563890281e+00 -1.834165888838767522e+00 -9.655182447380967758e-01 5.753115264748899227e-01
4.996685365190449701e+00 2.513251268291618601e-01 2.486876735080501000e-01 -2.804821492339525379e-01
7.173145132192981777e-01 -4.549675449236499247e+00 9.867913343909908708e-01 -7.535737848830524888e-01
2.603081307404099931e+00 4.907545205268531774e+00 -9.810173864234535968e-01 8.584731012064655831e-01
-2.771997325173369831e-02 1.610926110641956122e+00 9.991949082761736323e-01 -9.996158261422407598e-01
-3.498717219969587511e+00 5.384640582673998921e+00 -7.824214667176782045e-01 9.369058944057166993e-01
5.624626625774764577e+00 4.874360383123796936e+00 -9.869112848365277912e-01 -7.908751073466568915e-01
-1.156328912171059820e+00 -3.211983035435981293e+00 7.033226779921263050e-02 -4.027024956570408598e-01
4.532135227840710101e+00 6.090317469517227522e+00 -1.916743432124411450e-01 1.792792204991796590e-01
-2.471919312224812870e-02 -4.963421669717087426e-01 -4.762122879909956863e-01 -9.996944963023780550e-01
2.681882558523307480e+00 -2.433374765852249766e+00 -6.504812506513012460e-01 8.961811626158482369e-01
-5.909034229565266472e+00 -3.987509734971753428e+00 7.485794931553306775e-01 -9.308182235300884733e-01
2.270605370706139325e+00 -2.454229075222837952e+00 -6.345016427048758567e-01 6.440716242205279940e-01
-2.552503873080231855e-01 4.444661921171375596e+00 -9.643746710610549000e-01 -9.676001063071599795e-01
5.056982184257819313e+00 -4.022116836875179402e+00 7.710727569764954659e-01 -3.378138234262215156e-01
1.370504654920843279e-01 -5.355622755410760050e+00 8.001603716714809078e-01 -9.906232755332662343e-01
4.385990279208602516e-01 -2.847145197490227986e+00 -2.902111305807523189e-01 -9.053475044345237199e-01
-5.353494462032679202e+00 1.537298637376028232e+00 9.994390048622375788e-01 -5.980817784089043077e-01
4.492392480919024322e+00 -2.944394220560770492e+00 -1.959228325778053503e-01 2.182262069170039509e-01
-1.592312062546765716e+00 -9.891035104744014816e-01 -8.355337479993085736e-01 2.151407575487094062e-02
5.085202895768228259e+00 1.722234587658755700e+00 9.885551243097003837e-01 -3.642374871068639886e-01
-1.881371526840227126e+00 -5.252589413195096313e+00 8.576056144142770732e-01 3.056063682607051968e-01
-3.955777429356101660e+00 -2.568663288879299067e+00 -5.420959648755709903e-01 6.864614250236668047e-01
-1.160860239885901812e+00 1.019989530480319928e+00 8.521025425125363650e-01 -3.985507111437150973e-01
3.303469998937282881e+00 -2.801141892839869030e-01 -2.764653889945203891e-01 9.869264485533376652e-01
4.507819129213739728e+00 2.981373658636028878e+00 1.595344005854414660e-01 2.031459991488921979e-01
3.016491041227983061e+00 -5.668714002941878327e+00 5.765266170098920506e-01 9.921849936129772951e-01
7.773842081293915740e-01 7.907698050621680963e-01 7.108948855734609218e-01 -7.127507363375632510e-01
-4.763518266148031977e+00 -5.042225707572120186e+00 9.460952383349877648e-01 -5.110701161227704237e-02
3.510829338582817982e+00 -3.489160665594788213e-01 -3.418793887209650717e-01 9.326031004550451309e-01
2.104295716802432992e+00 -5.211010240136827676e+00 8.782427308578405478e-01 5.085495381742394239e-01
-3.440507759588546932e-01 -1.185475099983419156e+00 -9.266777451946217603e-01 -9.413960530081580957e-01
-3.735164569647316579e+00 -3.306789120153060590e+00 1.644461260434560423e-01 8.289481076467163367e-01
-1.208755900685529738e+00 -4.070571551422382583e+00 8.010090735104591353e-01 -3.541831269465035015e-01
-8.567491192454728122e-01 -1.536873866932992883e-01 -1.530830895862232421e-01 -6.548976720771535476e-01
-2.176435456638343702e+00 5.702468222519526009e+00 -5.486236103756356730e-01 5.692876456940645369e-01
-3.419089600175763355e+00 -6.205848306103345813e+00 7.725993187560388498e-02 9.617441599006762987e-01
-1.662893556642339732e-01 -1.771618737586265979e+00 -9.799028586194433732e-01 -9.862057558021203318e-01
3.066707146429319408e-01 5.249492560269425567e+00 -8.591942353463422055e-01 -9.533439173659433719e-01
1.076729120294419140e+00 3.016181583984172576e+00 1.250825851438495950e-01 -4.742106156342800194e-01
-8.024049002780104800e-01 4.205996352027872476e+00 -8.744998620207882212e-01 -6.949795264312086385e-01
3.762701983951314944e+00 -2.067739891480053771e+00 -8.790437936601191993e-01 8.132333960650394156e-01
4.163582050472568241e+00 -2.031072014412531601e-01 -2.017136311323684816e-01 5.216697356648054562e-01
5.035939049617503827e-01 4.283889229082742389e-01 4.154058481578128403e-01 -8.758538882883362131e-01
-3.383546285669027043e+00 1.585207133229422638e+00 9.998961661259152534e-01 9.708717380294275001e-01
1.439639185874156624e+00 1.373046238888847803e+00 9.805110853955411043e-01 -1.307814324178716570e-01
-6.015146638858256622e+00 -5.595706906576339179e+00 6.345903870986113748e-01 -9.642921911200285079e-01
6.042660346690873041e+00 -2.999322045012527749e+00 -1.417911459280863651e-01 -9.712130565284599060e-01
6.167534717833719426e+00 1.282802487676627301e+00 9.588156129833980135e-01 -9.933199211111819471e-01
-2.458716845812052743e+00 -4.314096028944574002e+00 9.217244077081123699e-01 7.757612180082765763e-01
5.939926850929895252e+00 -2.891449261993828568e+00 -2.475428906090909875e-01 -9.416630094897924241e-01
1.728593160179912047e+00 6.165913587574491928e+00 -1.170031047726864254e-01 1.571427955210848992e-01
-3.851404556859837403e+00 8.910437099265511307e-02 8.898650911153882515e-02 7.584844703750235340e-01
-1.455843400574518220e+00 -3.067258540286187163e+00 -7.426567594193361765e-02 -1.146999254193910994e-01
-8.727782736898683780e-01 -3.034048362339607952e+00 -1.073371055946115982e-01 -6.427005463522004192e-01
1.383637833415541252e+00 -5.140701407889816110e+00 9.096679547191717230e-01 -1.860677647579536409e-01
-4.247380062845948601e+00 4.718574012395270856e+00 -9.999808727504896355e-01 4.484307721162435478e-01
1.944720602536866849e+00 1.105110719132033736e+00 8.935139134480116763e-01 3.652713477358328076e-01
-5.376302760328115937e+00 5.927280605991734674e+00 -3.484385127636774326e-01 -6.162040040753299364e-01
4.747784195899180659e-01 3.561069809561180577e+00 -4.072829942473906728e-01 -8.893940370318184074e-01
-4.589834106344162556e+00 -2.445332576875749453e+00 -6.413527374600015429e-01 1.222483148370201861e-01
-2.509739633962364103e+00 -5.530955623085188400e+00 6.832684993246999072e-01 8.069344248827911015e-01
-2.908754666260788824e-01 9.522523757230096919e-01 8.147236092433450816e-01 -9.579931666958803049e-01
4.081820167137054867e+00 5.996142712286648191e+00 -2.831170634014080756e-01 5.896042793602143117e-01
-5.465519061711639814e+00 6.006677099436068090e+00 -2.729981646988597910e-01 -6.839256628050159881e-01
-4.426792928747666167e+00 -5.651772643356949288e-01 -5.355655230354984253e-01 2.817294092160147478e-01
-4.613843420771607029e+00 2.098218894685336622e+00 8.641071810586707924e-01 9.838613732029317938e-02
9.760367832583440872e-01 -3.554130177859420314e-01 -3.479776002549592184e-01 -5.603096046373080563e-01
3.897389752413394248e+00 6.155250315824808638e+00 -1.275862837953472551e-01 7.277250690892465013e-01
4.256364147947357068e+00 -1.597278282280467643e+00 -9.996493735085688614e-01 4.403826499040258136e-01
5.350868644191580259e+00 3.982051128415609043e-02 3.980998839942927886e-02 -5.959752964358705496e-01
-4.156030958662822350e+00 3.997138756802568693e+00 -7.549291666358689534e-01 5.280969972074491814e-01
4.298410610401438348e+00 1.459169155941095752e-01 1.453996622390923699e-01 4.022548098361553026e-01
-4.734799427920018289e+00 -8.307143736557227598e-01 -7.384132962386903420e-01 -2.240857172279966600e-02
-6.203716367759573025e+00 -5.703426171593909189e+00 5.478224468105602485e-01 -9.968440052826866848e-01
5.889532756850304196e+00 2.883623291719963788e+00 2.551176348680720962e-01 -9.235142359678454316e-01
1.841437884237819844e-01 5.944477859155362864e+00 -3.322682544976813257e-01 -9.830933874679927964e-01
-4.071334628081671347e+00 -9.715078692100140856e-01 -8.257371730143219235e-01 5.980408007765252165e-01
-1.301062615113120380e+00 2.540722930761697640e+00 5.653600729768735178e-01 -2.664747863038257614e-01
4.139588043216493318e+00 4.760164667031109076e+00 -9.988589589445644457e-01 5.419880406113974924e-01
6.063422958487700853e+00 2.827229225641101351e-01 2.789715003765103063e-01 -9.759492843270735074e-01
-2.394006977949012516e+00 -3.349494100884858661e+00 2.064069929104141721e-01 7.333324318452382196e-01
4.196877410107987316e+00 -2.512165657668836705e+00 -5.886816581913348889e-01 4.929800004562426285e-01
-6.082484314533207481e+00 -3.819599519876166749e+00 6.272419696785406229e-01 -9.799270713149126344e-01
2.983909501039782697e+00 2.708729056638118138e+00 4.194720012135605414e-01 9.875937494168476327e-01
-6.866636299331503324e-01 -4.102310694740050501e+00 8.196031680354537441e-01 -7.733654421517673905e-01
-3.497023519429542482e+00 -2.716612228674184504e+00 -4.123029480043472472e-01 9.374966369745129091e-01
6.027035701474343199e+00 -1.783132817676120752e+00 -9.775411808853167184e-01 -9.673726735629784024e-01
4.194420398600719579e+00 2.500758803796363949e+00 5.978640610502889974e-01 4.951162101390689241e-01
1.745005218762402777e+00 -1.100368290501831936e+00 -8.913743547601037376e-01 1.733290581171642863e-01
4.411332968747210259e-01 2.333934297756972143e+00 7.226706301217756812e-01 -9.042683664445361202e-01
-2.291206072002607286e-01 2.324655045095136430e+00 7.290531761339931194e-01 -9.738665002887161304e-01
-2.228507426536372016e+00 2.745036845306833229e+00 3.862437282073069578e-01 6.113070340507847922e-01
-5.341353585750336919e+00 3.992935666093726965e+00 -7.521660929555580299e-01 -5.883078149512883659e-01
-2.092848830212505895e+00 1.531581930889116094e+00 9.992312141023645955e-01 4.986602918046887933e-01
4.340972920893266362e+00 -4.444579419541318188e+00 9.643528427850267537e-01 3.629352999505962574e-01
1.223134412817564964e+00 -7.218166587944283563e-01 -6.607493576432252880e-01 -3.407005379964837544e-01
-1.734383853088540484e+00 3.459521435349463658e+00 -3.125998135731623551e-01 1.628588776149701989e-01
3.813843207925481593e+00 1.906003100506085346e+00 9.443423086224432828e-01 7.824221193295967103e-01
4.096924175794846690e+00 -3.650861153876645560e-01 -3.570297355830883146e-01 5.773380999946960968e-01
-2.680569757546042986e+00 3.118663745361969220e+00 2.292689919301455631e-02 8.955979160653373405e-01
-4.781731246835168925e+00 -4.557453759837787999e+00 9.880215293595995263e-01 -6.928670949550920499e-02
1.265970373532173454e+00 -5.782924751629573201e+00 4.796541813348044192e-01 -3.001271567118633521e-01
-4.659776305099822657e+00 -1.563697343533263506e+00 -9.999748023241467054e-01 5.258840584248711952e-02
-4.034132823301757043e+00 -5.312967597166267097e+00 8.250087651571141878e-01 6.274361039517998284e-01
-9.265038443415782865e-01 5.814139812678737584e+00 -4.520350723663676407e-01 -6.006329109802739374e-01
2.699457390403901869e+00 1.061238599515991865e+00 8.729603297614051405e-01 9.038401085134510904e-01
-6.866788429290160423e-02 1.807832718914887948e+00 9.720381655837696533e-01 -9.976432870981778445e-01
1.569927287674165228e+00 5.504121185558245699e+00 -7.026137826981455614e-01 -8.690390113441383551e-04
-4.754641696778673321e+00 -5.094390178342235842e+00 9.279204912318401721e-01 -4.224014527646516998e-02
4.868995373149189732e+00 1.386415662187388875e+00 9.830499867059555585e-01 -1.559670339941183481e-01
2.476562192906673232e+00 1.839941325529785843e-01 1.829577370620364685e-01 7.868979887206516421e-01
2.344875764169117360e+00 4.885137321055898596e+00 -9.851160745200803204e-01 6.990581096543528883e-01
3.507126184802933366e-01 5.989094617697782397e+00 -2.898696997932173058e-01 -9.391281190351056241e-01
5.179296783383721348e+00 5.932338917957590496e+00 -3.436927594784616735e-01 -4.501272198099287025e-01
3.304875565486078415e+00 -2.614498807925597745e+00 -5.030237594271345092e-01 9.866989367578894443e-01
-5.242394220185763842e+00 1.139347201864112868e+00 9.083606976165158331e-01 -5.055378621353218138e-01
3.699832526177255332e+00 -1.079622995133785679e+00 -8.817800511247706474e-01 8.481887535004046796e-01
-2.249650887876892824e-01 -4.809311550688737391e+00 9.953066834877838387e-01 -9.748018953884819426e-01
6.133032042102835035e-01 4.173388134199713662e-01 4.053291120319134078e-01 -8.177512514300633306e-01
1.054568237923967366e+00 -3.670482903090255711e+00 5.045755295300795584e-01 -4.936032741531101165e-01
7.936069556251403867e-01 2.334192910163386259e-01 2.313054331010685194e-01 -7.012785299220645197e-01
3.320146258920091853e+00 -1.377780437560550020e+00 -9.814301925230186630e-01 9.841016109899259900e-01
-2.653327273961559651e+00 -6.497760496792777118e-01 -6.050081073393402953e-01 8.831478880250408503e-01
5.935379480918872019e-01 -5.776030519763539317e+00 4.856921306240998271e-01 -8.289671063184501643e-01
1.873424449810778825e-01 3.354623238460710866e+00 -2.114229437089557295e-01 -9.825026696818278671e-01
3.597827128369480931e+00 5.213565031107982861e+00 -8.770181263788134896e-01 8.977178387308634155e-01
-5.893091636212575146e+00 -3.364498052134714090e+00 2.210640690464404090e-01 -9.248734431831823199e-01
-3.139809345643925109e+00 1.866418979473543516e+00 9.566209269118953751e-01 9.999984099068065513e-01
-6.204893611256669494e+00 -4.760470340006666135e+00 9.988443140987289803e-01 -9.969367703494839139e-01
5.136859108101647919e+00 -4.141216388939927384e+00 8.412676285890910988e-01 -4.118379897100980513e-01
3.537824442375690381e+00 -5.312363184460789256e+00 8.253501801093500179e-01 9.225218618383670410e-01
-1.540933710522018885e-01 -4.206453721252296774e+00 8.747216064035352456e-01 -9.881510901611670894e-01
-6.181683108555517947e-01 -3.373478535945571899e+00 2.298133373146401814e-01 -8.149413665481415325e-01
-5.308135105615425786e-01 6.176249252383209765e+00 -1.067323632974032793e-01 -8.623955283452409137e-01
8.465833757662837300e-01 -6.244908362642910937e+00 3.826759847326286629e-02 -6.625461316357115216e-01
-2.629571859513013088e+00 5.578842535415065029e+00 -6.475331369965958705e-01 8.717562206553224335e-01
-5.564314562177133716e+00 4.689157670375125875e-01 4.519193516443669179e-01 -7.525498630611517914e-01
1.222288235974092530e+00 2.493519942216318341e+00 6.036509994707818239e-01 -3.414959675926621530e-01
4.970014231072740429e+00 -4.856434866800401373e+00 9.896433176517186459e-01 -2.547848952194264882e-01
5.542994837235967864e+00 2.292354583788203115e+00 7.507773260263950199e-01 -7.383401137544776116e-01
-3.924569045595513561e+00 1.578832336052123253e+00 9.999677114513687570e-01 7.088171569048329346e-01
3.603184530304240241e+00 1.351938237719641833e+00 9.761460118013238763e-01 8.953446518398030518e-01
4.884580692061529561e+00 -5.988744530277758216e+00 2.902047388315608933e-01 -1.713420586377476240e-01
2.429638526598292714e+00 3.665875558447437399e+00 -5.005923562636427349e-01 7.570866628907203522e-01
-1.417412669055389429e+00 -1.980404958276241523e+00 -9.172767557174537068e-01 -1.527829335316904236e-01
-5.431082843177017061e+00 3.152979391656208108e+00 -1.138649200476838860e-02 -6.584021483617034098e-01
-6.013386722047136423e+00 -7.169808700138178281e-01 -6.571118710076441216e-01 -9.638246004934152289e-01
-4.175425353320370903e+00 1.314575375003887103e+00 9.673545950226386525e-01 5.115293021759595993e-01
-1.138065911916545936e+00 2.503143554232504897e+00 5.959507528198538795e-01 -4.193510990328363497e-01
-3.056079495790754219e+00 -5.671144562799295130e+00 5.745389581334151563e-01 9.963459774060468011e-01
-3.893941317659244117e+00 2.811305752706893202e+00 3.243144354384302486e-01 7.300859118031425288e-01
1.586347642674661884e+00 -1.636899746482463058e+00 -9.978159644180505383e-01 1.555068905676082643e-02
-1.462976740753285654e+00 1.456723901578285130e+00 9.935007930776728058e-01 -1.076108058502392856e-01
4.959334402687938237e+00 -5.471117559230403771e+00 7.257113339509880801e-01 -2.444431913898755249e-01
2.069316374133896019e+00 1.766014401493420038e+00 9.810053906435832749e-01 4.781262333974315437e-01
1.979010299973424480e+00 -6.075795522543245397e+00 2.059063212836143852e-01 3.969706907070376656e-01
2.770283060543439646e+00 4.575953882075179280e+00 -9.907071605590267449e-01 9.318529771998339539e-01
3.234287136929678397e+00 -1.253554555411351856e+00 -9.500994526653312455e-01 9.957069416256287830e-01
-1.060069818800778663e+00 5.592529942300787482e+00 -6.370424930395794938e-01 -4.888111738554032359e-01
-2.859207975022050263e+00 -4.751173938445709233e+00 9.992479577942571245e-01 9.603936869313923763e-01
-2.020359388813331769e+00 -1.741670724405842918e+00 -9.854364575117420255e-01 4.345720530636629775e-01
3.903911530832351318e+00 1.349956519677292910e+00 9.757138344229109306e-01 7.232365391214218286e-01
-2.046058591467462939e+00 2.347083457737499046e+00 7.135198163002474114e-01 4.575716615122339959e-01
1.851525391157693434e-01 -5.778044319940716100e+00 4.839308239478131712e-01 -9.829081801531973639e-01
3.791451069094929238e+00 2.086056214399098607e+00 8.701646892071375206e-01 7.961694755811089541e-01
-4.712482414030313649e+00 -7.765192457481120414e-01 -7.008006485375699590e-01 -9.343364548784756460e-05
1.729261328019678245e+00 1.065154900247427427e+00 8.748639674757513474e-01 1.578026268440679003e-01
