-4.663049668911513734e+00 4.862692590000024850e+00 -9.887256615109579760e-01 4.931929557229262212e-02
-5.316122073181275276e+00 -2.071173191651958234e-01 -2.056396866425826697e-01 -5.677195862585168173e-01
-1.919720231115583431e+00 -1.359719771604684269e+00 -9.778059294256500333e-01 3.418867541982734681e-01
4.682866246035832347e+00 -3.004562673003345896e+00 -1.366015427800592041e-01 2.951844590667462159e-02
3.149069932239491720e+00 -1.110672212489289379e+00 -8.959973903130870054e-01 9.999720452822427053e-01
2.890146645225621924e+00 -1.189110627833997569e+00 -9.280380561851925281e-01 9.685536606721205644e-01
3.745366975381628549e+00 2.283811505174870859e+00 7.563930366294838725e-01 8.231985989232797341e-01
-2.363168882688312600e+00 -3.482595973472248474e+00 3.344328086298128389e-01 7.120211839066780124e-01
-5.260430110020104522e-01 -7.373761528186841829e-01 -6.723479641139313845e-01 -8.648007003587210306e-01
-3.943414989485725108e+00 -3.501035510362544567e+00 3.517527500508801919e-01 6.953982894669410442e-01
1.021305038435809998e+00 -4.427313597038175175e+00 9.596404553411348459e-01 -5.222534721683610437e-01
2.287169166986444679e-01 1.418325449707504404e+00 9.883988167165910221e-01 -9.739581076039202090e-01
-6.644420883848143333e-01 1.728915129596110489e+00 9.875252453126186492e-01 -7.872609270980053253e-01
5.271373990595645154e+00 6.031384473747463559e+00 -2.491484070277056873e-01 -5.303259691670221265e-01
-2.886144662546531681e+00 2.863727056695058337e+00 2.743037409165015594e-01 9.675501949055208550e-01
-5.062974688436875148e+00 5.125515883208485945e+00 -9.158699286339531120e-01 -3.434479467696940347e-01
-2.279929784448087915e+00 2.266328176949791384e+00 7.677130040853241688e-01 6.511763736944751191e-01
2.595894318578640281e+00 -3.547953347314400929e+00 3.952690120886276914e-01 8.547650527962228351e-01
-2.720382404872440762e+00 -1.029069995076631550e+00 -8.568198344543094258e-01 9.125947801659778369e-01
5.942881569818020182e+00 -1.791654668532219219e+00 -9.757097742633324966e-01 -9.426533295528521927e-01
4.033719890969331701e+00 -6.736276420374256446e-01 -6.238253192079800113e-01 6.277575876645861142e-01
-5.671325002628253564e+00 3.182309197219932884e+00 -4.070529433107264450e-02 -8.185808922257598041e-01
-3.256841604158142722e+00 -3.563103143985592691e+00 4.091391994407478916e-01 9.933661872777101998e-01
-4.436599300541655744e+00 -5.484545018646885595e+00 7.164081079600356228e-01 2.723068599885681285e-01
-5.023697095689596992e+00 -5.396155197496890210e-01 -5.138061816116410441e-01 -3.063041372034107646e-01
-6.372199358330092878e-01 -2.460827653938264969e+00 -6.293876828268092360e-01 -8.037528977934004226e-01
2.955535248274317794e+00 -5.066710954605063932e+00 9.378819485027463099e-01 9.827411951107528632e-01
-4.235439596227760006e+00 4.021520534049290774e+00 -7.706929258468645516e-01 4.590711502580835379e-01
-2.427695888066221386e+00 -1.771917590758741667e+00 -9.798432010406800119e-01 7.558160812803967898e-01
1.438405923852242196e+00 1.976927810860471979e+00 9.186559829688019096e-01 -1.320040024647244348e-01
3.446122176373439316e+00 1.115134827060323630e+00 8.979701274644488196e-01 9.539881280932349661e-01
4.985847759630333442e+00 -5.730573730438305091e+00 5.249118771635219449e-01 -2.700633053432511810e-01
-6.047065711126499821e+00 2.469071043404564847e+00 6.229605033638350164e-01 -9.722530417785115731e-01
-4.580768007526780039e+00 -1.503752433291788648e+00 -9.977533998783124636e-01 1.312412665222155717e-01
-3.769954853747511603e+00 -4.903593119469630501e+00 9.817761108663526359e-01 8.089913253508831392e-01
-2.556549372374851359e+00 -4.882084529124099959e+00 9.856362290110014523e-01 8.336881852460064080e-01
-8.059451184917563182e-01 4.518626056270223401e+00 -9.812866227198997482e-01 -6.924296551927221488e-01
1.141940796594720808e+00 1.969928868000328848e+00 9.213984517841623534e-01 -4.158302457957521181e-01
2.084247141019320182e+00 -2.377054952637743135e+00 -6.922034301935853229e-01 4.911860134334996020e-01
-9.593820861349424689e-01 -3.708038309183052217e+00 5.366362403320560359e-01 -5.740260663784431117e-01
2.816973601405642569e+00 5.214676493912179467e+00 -8.764835743717448446e-01 9.477722976343047057e-01
4.130024593279175704e+00 -2.628370684314717654e+00 -4.909866641035409152e-01 5.500001246372698827e-01
3.625969846753848813e+00 3.987800885058168987e+00 -7.487725070491753065e-01 8.849651352654465120e-01
1.964495559211245634e+00 5.681792704790270321e+00 -5.657912898556666237e-01 3.836072595890985815e-01
-3.950415231684452522e+00 -2.798024671670973795e+00 -3.368486938786889318e-01 6.903507464060807397e-01
-4.213577498607545380e+00 4.387781397015499962e-01 4.248336672522799451e-01 4.783821773705332348e-01
4.800873950981221938e+00 -8.409735770517761111e-01 -7.452925934525453933e-01 -8.836954895053532322e-02
5.077371585847187063e+00 2.859439825254375123e+00 2.784239939370906636e-01 -3.569330457721153205e-01
-1.649648157811076210e+00 4.854447604099979330e+00 -9.899266314173378323e-01 7.877014474299454116e-02
-5.973063259923010015e+00 -8.421453008861261580e-01 -7.460733139234686506e-01 -9.522963312233749811e-01
-2.948202606878399301e+00 -3.688361820988905748e-01 -3.605301280564185418e-01 9.813583530722213011e-01
-3.199810011557497447e+00 4.503003572152453060e+00 -9.781588477420370964e-01 9.983058481902500336e-01
-1.235104140795064254e+00 5.701056940033119247e+00 -5.498029938119436411e-01 -3.294227986559483679e-01
2.012800034746033973e+00 4.374986708970320493e+00 -9.436177925623949747e-01 4.277514669140432546e-01
1.833359495248821247e+00 -1.989280157561491791e+00 -9.137061244388337000e-01 2.595567249984080949e-01
5.773409633506014771e+00 5.319411377808023644e+00 -8.213501534051981245e-01 -8.728539966940161987e-01
3.502189633911475752e+00 2.931597722126996430e+00 2.084549426573447661e-01 9.356863561352992686e-01
-1.165641817767911093e+00 -3.983121124137045665e+00 7.456624470185793108e-01 -3.941607652840888321e-01
-2.854804169599198360e+00 2.981730571536999719e+00 1.591820487391037153e-01 9.591572725025443447e-01
-3.364845007351741302e+00 -1.218611193743684318e+00 -9.386211934508428278e-01 9.751825292243866405e-01
-5.022854458296198921e+00 -4.196566804537535944e+00 8.698874779397005597e-01 -3.055018936201270296e-01
4.179824252846294996e+00 -1.181963641272615995e+00 -9.253522290466099642e-01 5.077445411783380047e-01
-2.974178730046641128e+00 4.754769007224910027e+00 -9.991021010651102152e-01 9.860189892208778284e-01
2.183923014452595623e-01 -2.925362714034810185e+00 -2.145488885385624933e-01 -9.762470354309122911e-01
1.683864731330286801e+00 5.306759506974463747e+00 -8.285011601020061400e-01 1.128276386635487932e-01
-5.414670448451612828e-01 -6.675637592120260422e-01 -6.190745677540367975e-01 -8.569534980891420073e-01
4.495275324084746060e+00 -6.488120330914419753e-01 -6.042402577101080308e-01 2.154119425044980496e-01
-5.960698081134536253e+00 -5.260664771247216542e+00 8.534244764755816171e-01 -9.484500846237781113e-01
2.419423315889083881e+00 -3.243358839938642380e+00 1.015906227960840791e-01 7.503735332266728841e-01
1.752663331583647732e+00 1.755586139658406708e+00 9.829748921127067218e-01 1.808661012223101716e-01
4.471156666333282459e+00 4.639881157957033153e-01 4.475181281040864212e-01 2.388994390719174077e-01
-2.092206889390706870e+00 -1.324666939086567297e-01 -1.320796254382395341e-01 4.981037563947302016e-01
1.129842084799808966e+00 4.307461094525031342e+00 -9.191308091000599534e-01 -4.268026230416520073e-01
3.964989244303732008e+00 -1.238692921244236800e+00 -9.453586573325545306e-01 6.797338735961818701e-01
-1.072389689589503980e+00 1.849727706026012441e+00 9.613502089014746010e-01 -4.780266232087148626e-01
-2.829650474662135373e+00 -3.037769820170703738e-01 -2.991263789389479455e-01 9.517392956741542731e-01
4.615494791768968597e+00 -9.598939449471455276e-02 -9.584205525478878274e-02 9.674264485170451511e-02
4.596679235730869451e-01 3.154431071757032967e+00 -1.283806548814109792e-02 -8.961998728179280116e-01
-3.359908300376878820e+00 -2.505622733656673873e-01 -2.479487137656636031e-01 9.762636405910637416e-01
2.480963133272828358e+00 1.439197521426563320e+00 9.913533667355676204e-01 7.896061054725591610e-01
9.079442257618781653e-01 6.274112311219768756e+00 -9.072871479951033491e-03 -6.153674928864938387e-01
-2.382824816326356121e+00 -2.669794523400604191e+00 -4.544887082177738180e-01 7.256843236271852682e-01
3.767346194174027829e+00 -4.058865055118127785e+00 7.939462283979468182e-01 8.105219947641454370e-01
-2.603826994425694430e+00 8.624247986254207632e-02 8.613561105904911364e-02 8.588552944897479557e-01
5.108927078519146292e+00 -2.656908271158448187e+00 -4.659291172762765054e-01 -3.862273923631406314e-01
-3.032465450617610525e+00 4.725292731919209288e+00 -9.999167477533494885e-01 9.940515335339653591e-01
-5.722570595660948278e+00 2.644665071859884975e+00 4.767269793218051888e-01 -8.469284246833308494e-01
-3.148880632615539188e+00 -2.232622606648139829e+00 -7.888711917359279013e-01 9.999734427984084961e-01
-1.651414543807210755e+00 -1.152299638061630382e+00 -9.137008991995427820e-01 8.053091843127020699e-02
1.109825580505052756e+00 1.336022386861390743e-02 1.335982641533899583e-02 -4.448177372895140147e-01
-3.897486085847319703e+00 2.626817064206342422e+00 4.923395337093005031e-01 7.276589936009717485e-01
-4.006775184846064874e+00 -4.935935346282763092e+00 9.751173920758917646e-01 6.485011812071541648e-01
5.804863733079393739e+00 2.207774942218724945e+00 8.038964511655695144e-01 -8.877687351612054689e-01
2.175052419489720279e-01 2.747340247106469846e+00 3.841180550912013936e-01 -9.764388419726701684e-01
-7.843022343487078274e-01 2.214728350293226455e+00 7.997413769099822600e-01 -7.078812952545240345e-01
-3.249429454090185576e+00 -5.417966003829151056e+00 7.612374942787806242e-01 9.941912445628134920e-01
3.631042704871649818e-01 2.643170546739046500e+00 4.780402108425229613e-01 -9.347987615494980362e-01
3.559228922601226586e+00 -4.519068465162435544e+00 9.813717137373882959e-01 9.140502246184712964e-01
-4.626964522025678761e+00 1.347735381987044789e+00 9.752248897670502403e-01 8.532060106810038236e-02
5.689947772599243336e+00 3.063657415044049870e-01 3.015956031153965711e-01 -8.291350893933411292e-01
-8.947793404148196572e-01 5.041152512838163346e+00 -9.464422889353122370e-01 -6.256909617734442985e-01
-1.508882372953379125e+00 -4.109814491152904203e+00 8.238792153893553794e-01 -6.187440524040297568e-02
3.957985510866441459e+00 4.443544578971719616e+00 -9.640784872549850171e-01 6.848541105792113060e-01
