-2.759022166327868231e+00 -4.714618969411436211e+00 9.999975135755007072e-01 9.277081222547850503e-01
1.122246474640999914e+00 -1.956779247080433493e-01 -1.944315668406396969e-01 -4.336592957921954761e-01
2.912889849842173362e+00 -1.895418189503955908e+00 -9.477714012199451865e-01 9.739613073086661466e-01
3.151797842575806641e+00 -2.404676206115189618e+00 -6.720076029854681332e-01 9.999479275108101861e-01
1.612378918665091199e+00 2.121160708472714873e+00 8.523340078177206180e-01 4.157060941346275851e-02
-1.632570117673076915e+00 3.454453143385860514e+00 -3.077815251322252865e-01 6.173451022991995746e-02
3.202683830477216276e+00 3.482119045662159351e+00 -3.339833044972797538e-01 9.981345143480789828e-01
3.400221410903467856e-01 -2.760667260209697105e-01 -2.725734262657429907e-01 -9.427472815294279940e-01
-4.312886532914641080e+00 -2.788665523996757489e+00 -3.456460002073695748e-01 3.889600178978400713e-01
-1.002875794473916393e+00 7.215631936100130872e-02 7.209372159898669308e-02 -5.378801773947050613e-01
-3.419305800531422079e+00 -8.737173461823264375e-01 -7.667206940127165860e-01 9.616849095068068509e-01
4.358379259257789684e+00 7.402071216465770931e-01 6.744408499876155538e-01 3.466616634466089808e-01
5.146155584818155049e-01 -4.015351138926151364e+00 7.667471039118701759e-01 -8.704820088259456190e-01
4.854047486799544231e-01 -6.074886619386228759e+00 2.067956630254217942e-01 -8.844861794312249836e-01
5.652428791908908678e+00 -4.715514235887148686e+00 9.999951163929970965e-01 -8.075815801253779513e-01
-4.519031007376595355e+00 5.973424702188754765e+00 -3.048306438004764196e-01 1.921553677108701341e-01
6.143209622138201098e+00 3.203060515856671842e+00 -6.142916226082650172e-02 -9.902193889049779596e-01
-1.481540512384958319e+00 -1.169652717815987231e+00 -9.206150494863128975e-01 -8.913735070621574275e-02
-3.338104475023453865e+00 2.198758033020405733e+00 8.092266790412898647e-01 9.807536081174373921e-01
-4.103797505356992836e+00 4.966988244945673259e+00 -9.677643016624518646e-01 5.717123975126046087e-01
3.118541586692028744e+00 -4.541764823331435608e-01 -4.387224310457481513e-01 9.997343359211712244e-01
7.119249593453735869e-01 1.594114511285883218e+00 9.997281434545787215e-01 -7.571057182136776698e-01
3.404027612833624872e+00 5.003992188759294635e+00 -9.577842032311816300e-01 9.657611332123613446e-01
-4.364656845201357882e+00 -8.930626292777210651e-01 -7.789957558673427096e-01 3.407665571589236775e-01
-5.426041355611329386e+00 1.367612869315118829e+00 9.794291573524618322e-01 -6.545992393162340939e-01
2.536855291258504508e+00 1.515633418555504264e-01 1.509837364394521486e-01 8.226514476089238359e-01
-1.506190446214964673e+00 3.396973038705741743e+00 -2.526134750913795468e-01 -6.456094666440098662e-02
4.816766400833564887e+00 3.072140246835743937e+00 6.939658468812882897e-02 -1.041879978236608245e-01
5.134562523228378694e+00 3.394804472470688950e+00 -2.505146490327331277e-01 -4.097441262401417816e-01
-5.605741414750483820e+00 -1.281887431333851524e+00 -9.585553088225485796e-01 -7.791774394033479378e-01
9.850729467054000210e-01 5.244368223494813464e+00 -8.618048078044421301e-01 -5.528023285238374829e-01
1.174106787379812111e+00 6.221010956012470672e+00 -6.213430152928550720e-02 -3.863670779160958690e-01
1.554110788556546829e+00 -3.501032310770701539e+00 3.517497549337265661e-01 -1.668476402016844801e-02
-1.945625386644611154e+00 2.724022388939733474e+00 4.055406871370367816e-01 3.661134626227511291e-01
-8.334475790958846275e-01 -2.781942569637498863e-01 -2.746197797846468558e-01 -6.723276776260304066e-01
3.928380507193280025e+00 4.737953869929807382e+00 -9.996732360086081348e-01 7.061234393384605568e-01
4.606935443467000013e+00 1.677283909998996236e+00 9.943355530640031192e-01 1.052581971258004512e-01
6.154401467517409685e+00 6.025365532039490546e+00 -2.549729951060594746e-01 -9.917188162958867625e-01
3.103120654756464702e+00 -5.237630141634589620e+00 8.652030433063612191e-01 9.992600439267269596e-01
3.105422149464722281e+00 -4.925196336207564585e+00 9.774418403302548297e-01 9.993459186318479626e-01
-6.084369705989980837e+00 -8.647955696844897844e-01 -7.609626460250344948e-01 -9.803011940864001517e-01
2.557469899444381412e+00 -4.376554346375957749e+00 9.441355787896335006e-01 8.341961796481254243e-01
8.652950309555542674e-01 -6.771109953456946329e-01 -6.265439918789827978e-01 -6.484155407970650931e-01
6.226375448477758923e-01 -4.626422752825521734e+00 9.963071789217015084e-01 -8.123431212161098536e-01
-3.346850001472715608e+00 1.781288504209159740e-01 1.771883423792700030e-01 9.790085645218569166e-01
-5.567788885238432073e+00 -3.197906579207611344e+00 5.628416600374260698e-02 -7.548332807577935455e-01
-3.304616427843310777e+00 6.771339928826662913e-01 6.265619156729627104e-01 9.867410286083523330e-01
-5.927475487919362962e+00 3.546001290936654726e+00 -3.934751686742592458e-01 -9.373995262906761328e-01
1.507408014492114923e+00 2.726010232270525080e+00 4.037228452262081602e-01 -6.334587096501305414e-02
2.416797266023561264e+00 1.666499502958265211e+00 9.954239453472645272e-01 7.486350920536283260e-01
4.751563841439999436e+00 -5.875704085616341388e+00 3.962980418376602088e-01 -3.916484174519383604e-02
-1.080004309144303676e+00 1.874326919602578911e+00 9.542871756076803935e-01 -4.713245636859044185e-01
-6.052810521994031134e+00 4.410180142969366557e-02 4.408750671461248577e-02 -9.735808840264085218e-01
3.143406168673445578e+00 3.002876970316172844e-01 2.957950418996233011e-01 9.999983555819713654e-01
5.085436273379949412e+00 -6.073131019800589669e+00 2.085129942738336017e-01 -3.644548231793095505e-01
-6.087988409752820296e+00 -3.069396418973140861e+00 -7.213353293219651463e-02 -9.810094984007756702e-01
-5.901171536972824150e+00 3.225717511790753278e-01 3.170067149748546642e-01 -9.279158044984854303e-01
-3.262787446079430165e+00 1.476058609745280137e+00 9.955157379319377053e-01 9.926648960101882579e-01
-6.247115713921629343e+00 -8.129693129685078290e-01 -7.263313150480765756e-01 -9.993495627447727125e-01
9.388524573184531263e-01 3.701780735954447010e+00 -5.313455422693388330e-01 -5.907143438833741822e-01
-6.278133313398591042e+00 -2.585961928143524435e+00 -5.274792491893702806e-01 -9.999872387065602553e-01
3.553133937171070400e+00 -5.617236243475159263e+00 6.178056888758205467e-01 9.165053637119855434e-01
-3.720824110325180900e+00 -1.704275431187356027e+00 -9.911048829001297689e-01 8.368835829472131005e-01
-3.912705354868047269e+00 -8.308459982939266908e-01 -7.385020507099263609e-01 7.171356347768840234e-01
-3.858344101868142584e+00 -1.818254407547156504e+00 -9.695381716782744963e-01 7.539438036520988984e-01
4.009792877740405714e+00 -2.156874383892763980e+00 -8.331162990657807743e-01 6.462011229006257018e-01
4.298086954950793626e+00 -2.512255669737021524e+00 -5.886088932049160505e-01 4.025511043100444830e-01
3.153435628856895434e+00 -3.592572842858939186e+00 4.358479336059394860e-01 9.999298727880643334e-01
-2.369461886693219999e+00 4.898714848238052255e+00 -9.826914979418904794e-01 7.164257390945917292e-01
3.829658794416225476e+00 4.813278194478385785e+00 -9.949149986329016704e-01 7.724755453421630058e-01
-5.792408426811726407e+00 -1.847180007136839386e+00 -9.620485422738734860e-01 -8.819669723708288833e-01
1.529273522329183344e+00 3.767103064141672064e+00 -5.855111208414131019e-01 -4.151087361682928578e-02
9.645435258994403682e-01 -2.188936516866066384e+00 -8.149576634413145948e-01 -5.697920610149346254e-01
3.862792857549356640e+00 -9.080795011462461375e-01 -7.883235864369994017e-01 7.510137917526378271e-01
5.260305081895284118e+00 5.843223151949874961e+00 -4.259052246421241583e-01 -5.209095207338215738e-01
6.140131684509780641e+00 3.525238379995100146e+00 -3.743036540878214580e-01 -9.897852681704647493e-01
-7.829207953249284202e-02 3.251509830554709879e+00 -1.096959779999758938e-01 -9.969367403466390387e-01
1.087682717488911877e+00 -3.832271974301278750e+00 6.370609586997988405e-01 -4.645386883532505728e-01
-1.976829484408630933e+00 -2.777282379667208367e+00 -3.563049201060630167e-01 3.949681275506006783e-01
5.648448612086628629e+00 -3.371528201411804204e+00 2.279147681419202154e-01 -8.052278551143364771e-01
2.421259607326215146e+00 -1.876705739282032326e+00 -9.535734678115259655e-01 7.515860818486186368e-01
5.232710275463665184e+00 3.300332246589011476e+00 -1.580737722158826464e-01 -4.971589382242110888e-01
-2.988621171379740371e+00 6.630971746749292350e-01 6.155606513379104916e-01 9.883226605613619764e-01
4.879655458672367274e-01 -3.867300345175692655e+00 6.636649833039239832e-01 -8.832884987439864055e-01
1.407825291109527477e+00 2.305487930216145287e+00 7.420375249064171674e-01 -1.622505866330273272e-01
5.953972509087337883e+00 4.492282704373016244e+00 -9.758742512454979812e-01 -9.462971376672054680e-01
2.510237585339609723e+00 4.515320719760888224e+00 -9.806448118267807601e-01 8.072284353462526596e-01
-6.033364177485651680e+00 5.595910894741493280e+00 -6.344327219179919375e-01 -9.689566594323463233e-01
-3.713962564113822751e+00 1.201444727323887740e+00 9.325616212409446604e-01 8.406197324308443131e-01
5.515210132258378195e+00 3.242371169907309891e-01 3.185857463718891336e-01 -7.193187490507396697e-01
-6.173363218544292153e-01 -3.249427846989302093e+00 1.076263225646193894e-01 -8.154232581853940731e-01
2.771041454839195950e-01 -2.716826268201973260e+00 -4.121079385337150791e-01 -9.618516932553367038e-01
-1.897677820688450367e+00 4.369332946657861427e+00 -9.417311169629016820e-01 3.210912186805361945e-01
5.231449873699213882e+00 2.417268579742961165e+00 6.626293608815532199e-01 -4.960649440655187647e-01
1.022386432902451681e+00 -6.034684077721369277e+00 2.459515045296398195e-01 -5.213309642617134365e-01
4.101751303330559040e+00 -3.696036067711938600e-01 -3.612458353179305304e-01 5.733900143253788384e-01
-3.852418422212153359e+00 5.424453604707766274e-01 5.162318592563139852e-01 7.578233536154543870e-01
-1.238044067202790366e+00 -2.257933943958271072e+00 -7.730648661163845858e-01 -3.266455519208562586e-01
-8.765386462230173592e-01 -1.569652555924286652e+00 -9.999993458941690561e-01 -6.398151219604376605e-01
3.345310876358533747e+00 4.850593562054529073e+00 -9.904649383503530968e-01 9.793211079232371219e-01
-4.585730544888763305e+00 4.309006475467885622e+00 -9.197385179763561958e-01 1.263200570080677820e-01
-3.143469061222033734e+00 4.982454119625723266e-01 4.778850055547671505e-01 9.999982395477153840e-01
-8.970022538979298687e-01 -1.641168937023663510e+00 -9.975248695843527136e-01 -6.239553869024081489e-01
-5.204511463731877896e-01 -4.908639068544354167e+00 9.808046778100630858e-01 -8.675949256982160573e-01
2.053866435352594166e+00 2.193636218544817496e+00 8.122250999650553194e-01 4.645001657031721520e-01
1.992651520647275021e-01 -3.971558184910337630e+00 7.379081085953567154e-01 -9.802123049569457791e-01
5.901114212312364771e+00 3.857553888026581390e-01 3.762591226899677510e-01 -9.278944329232645671e-01
4.524244634676655608e+00 4.213147213359016874e+00 -8.779458258389833958e-01 1.870363104854308733e-01
6.402342035770711703e-01 3.149438079726698092e+00 -7.845345655226048862e-03 -8.019558705789899822e-01
-3.166303687813013745e+00 1.427397632723854670e+00 9.897360137222066534e-01 9.996946979299665692e-01
-5.454293795516789167e+00 -2.209940410094731078e+00 -8.026066135683963543e-01 -6.756933335967461041e-01
-5.939022660819143873e+00 -5.107260840121723433e+00 9.230458662077197785e-01 -9.413583128692601942e-01
-4.398043536264646391e-01 2.619596551661645734e+00 4.986114023412620000e-01 -9.048349794153001113e-01
-4.301090792157697962e+00 4.203281500655604574e+00 -8.731798680657338885e-01 3.997995872182729116e-01
-3.189205782322670490e+00 -5.577696196112521321e+00 6.484062646450790002e-01 9.988667091088880845e-01
4.568401678225241014e+00 -1.796216797799061737e+00 -9.747002111458037410e-01 1.434902852951178698e-01
-4.559886652865140277e+00 1.808245996212358264e+00 9.719410355928396195e-01 1.519118911064558097e-01
2.247313585939107128e+00 -6.124801699545119327e+00 1.577222525379981533e-01 6.260811317535686094e-01
-4.858888699537970979e+00 2.174498018785490316e+00 8.232398325777969816e-01 -1.459762476204752579e-01
5.436154914615311640e+00 3.195702824378676254e+00 -5.408376969723285854e-02 -6.622112404322603174e-01
4.877854655251807614e-01 1.185921366909571617e+00 9.268453853853276803e-01 -8.833729114611831301e-01
-3.793768576082571009e+00 -4.172244987812664618e+00 8.576346407084649570e-01 7.947650762917822798e-01
-1.039178501482360240e+00 -6.065391419310888210e-01 -5.700273495393758383e-01 -5.069285501335346611e-01
1.532083962354920281e+00 1.712873294513775235e+00 9.899240340829126295e-01 -3.870269580199103138e-02
-1.042732241744007915e+00 -5.567349551453900425e+00 6.562482611531280652e-01 -5.038620738319546932e-01
-1.944049432628603746e+00 5.336990146649807087e+00 -8.111964115303867962e-01 3.646464727107099901e-01
1.550188934070054536e+00 -3.737211914412500668e+00 5.610214869136250782e-01 -2.060593421732657970e-02
-4.267600036579003664e+00 3.710863912472229131e+00 -5.390183776412875716e-01 4.302673691430253800e-01
-2.927059327100417718e+00 3.585624124924606804e-01 3.509284361413593234e-01 9.770758514116039128e-01
-1.617370296147586650e+00 -5.761994085961262613e+00 4.979135496813490436e-01 4.655713364384427011e-02
5.094432203324036124e+00 -1.223250072338315952e+00 -9.402112680522061172e-01 -3.728171627274099453e-01
-5.041594486955780496e-01 -2.235186453273132479e+00 -7.872929667863557412e-01 -8.755808301864091980e-01
-2.755490072276067792e-01 -3.874516934256762468e+00 6.690458796579910050e-01 -9.622759713629298606e-01
5.069297974049867150e+00 3.107924963274578900e+00 3.366133021283002763e-02 -3.493796920018505392e-01
-2.872548286108704829e-01 -4.669774066682128577e-01 -4.501893723207924247e-01 -9.590252517494288753e-01
1.609452974808325720e+00 8.896893990968912647e-02 8.885161449085057783e-02 3.864702105981830671e-02
4.459779078209162861e+00 5.544456581519021654e-01 5.264720838831843386e-01 2.499318804144110007e-01
-6.053368036174283873e+00 -2.026854728918989323e+00 -8.977953972962936513e-01 -9.737080368535274699e-01
-5.378729833899951629e+00 -4.399090700948145916e+00 9.513222230366975563e-01 -6.181137178479059191e-01
3.395920092773309307e+00 -9.043078290088546467e-01 -7.859974225583286067e-01 9.678327271983143687e-01
-2.380230793038252912e+00 5.977102508652851753e-01 5.627511833405193231e-01 7.238971239281288828e-01
4.134095908792811969e+00 6.123921322720672578e+00 -1.585915489038627613e-01 5.465953572633969193e-01
-1.715923966632182385e-01 4.497467657429220722e+00 -9.769931767281823110e-01 -9.853141120285338062e-01
-6.165707611735117055e+00 3.449183049961542125e+00 -3.027630066250435181e-01 -9.931074280468356053e-01
1.310804187335166127e+00 1.963235683191131287e+00 9.239788939192198347e-01 -2.570729555368737596e-01
3.618225462959767214e+00 -1.023178704401140671e+00 -8.537673398854425111e-01 8.885447899967013896e-01
3.100162476196439698e-01 -4.544568999006724397e+00 9.859512453033042467e-01 -9.523286132833186368e-01
-4.704329147302804159e+00 2.002387523752368281e+00 9.083012756938396715e-01 8.059745819821485108e-03
7.353406659663805911e-01 6.869696878481752478e-01 6.341971470355970419e-01 -7.416022641393756887e-01
-4.932374241964649464e+00 -5.719642212408164283e+00 5.341847626690930939e-01 -2.182152398706432295e-01
-9.211022821910681557e-01 3.680132985976992899e+00 -5.128834747977207842e-01 -6.049428112805113056e-01
-1.226571770201394962e+00 -3.557646490750074886e+00 4.041540899057848302e-01 -3.374668248852490948e-01
6.156958355684571060e+00 -5.399349213255502988e+00 7.731773735954107218e-01 -9.920439505851547102e-01
2.911987478839760612e+00 1.247460540395684880e+00 9.481808118840995281e-01 9.737563303947980309e-01
3.819685214843012488e+00 6.043465146701706203e+00 -2.374307983687178880e-01 7.787706876715968507e-01
3.807148323364462073e+00 -2.888632316555099777e-01 -2.848627392757018817e-01 7.865737825491221358e-01
-3.455249794248045792e+00 2.504573465641401597e+00 5.948018950907677516e-01 9.512115614598893876e-01
3.482725169615914496e-01 -1.517830104444009010e-01 -1.512008831572718148e-01 -9.399636610624791944e-01
5.773421951418463038e+00 1.645681846826651196e+00 9.971973895282876255e-01 -8.728600075406360848e-01
3.082963383233998655e+00 1.422654041965785154e+00 9.890469850859296974e-01 9.982817965915022906e-01
1.589597610565641972e+00 -1.028731683532020824e+00 -8.566453466076480172e-01 1.880017611810585326e-02
1.716621517976006928e+00 -5.516175751159339669e+00 6.939852575060497797e-01 1.453089119696708287e-01
5.094310121107298528e+00 -5.306595214247135317e+00 8.285931507684471953e-01 -3.727038792715589577e-01
-2.887648143451774452e+00 3.873935772480303186e+00 -6.686138349998343999e-01 9.679289990938069188e-01
4.332060804334224358e+00 6.149228502241307126e+00 -1.335565345851264241e-01 3.712252149258445377e-01
-2.178444412220478910e+00 2.589323339042756800e+00 5.246205277060050909e-01 5.709381353505680323e-01
-4.913215114596609645e+00 -4.495980331828381082e+00 9.766748934569313700e-01 -1.994789294371953625e-01
-2.946227570103197912e+00 2.347501409982969633e+00 7.132269219965546858e-01 9.809768632090434259e-01
4.760543116692369736e+00 -6.183497844881381766e+00 9.952243546094330373e-02 -4.813552832941048881e-02
2.725377665542746186e+00 4.701405163168695722e+00 -9.999396784861400711e-01 9.146257742236256760e-01
9.326645770342922859e-01 -8.500446661791505321e-01 -7.513098833162857870e-01 -5.956958844295067168e-01
-3.112366485364775670e+00 2.801234937798991353e+00 3.338243090277320246e-01 9.995729459447645349e-01
5.991132160510792559e+00 -4.983074181423797100e+00 9.635879054771774310e-01 -9.576547543714741817e-01
2.234311897326993090e+00 1.502771287468275041e+00 9.976871890782834651e-01 6.158903308381616926e-01
5.906445379040787813e+00 4.526871618622815063e+00 -9.828409521838754603e-01 -9.298689258683014991e-01
-2.294821015220135596e+00 6.063160032626912610e+00 -2.182542883826512348e-01 6.624051072311174515e-01
-4.986009051484659338e+00 5.678956133188162170e-02 5.675904135079032353e-02 -2.702186004929672536e-01
-3.174315022710444190e+00 -3.634640456806815578e+00 4.733128750879516122e-01 9.994646710492330888e-01
2.473289960918879871e+00 -3.635043967810128951e+00 4.736682871238304671e-01 7.848745404049327634e-01
-5.001826934704507011e+00 4.716570143068992138e+00 -9.999912589520379980e-01 -2.854136031369101656e-01
5.821528624131090623e+00 3.352388333714117152e+00 -2.092380335351131104e-01 -8.953157869067480679e-01
2.398881414656420574e+00 -4.439051811689465055e+00 9.628754036112867620e-01 7.366376911592273924e-01
8.652126757599587492e-01 2.097174312946394892e-01 2.081835305981531437e-01 -6.484782345048937247e-01
2.839974442012287881e+00 2.931043965021594033e+00 2.089965028220488741e-01 9.548570242885565662e-01
2.390473892512545717e+00 5.961529811098410292e+00 -3.161375843520201068e-01 7.309258202189576892e-01
-2.891171380107639521e+00 -4.492247055471560557e+00 9.758664672818160302e-01 9.688081110092189308e-01
-1.297258178273785312e+00 3.981467400716329763e+00 -7.445595124931254638e-01 -2.701397246095676996e-01
5.754009536305995098e+00 -4.553264284668619766e+00 9.873663570807637013e-01 -8.632234526962234700e-01
1.472086400145108165e+00 5.321307738136333398e+00 -8.202669471063859241e-01 -9.854970557007879106e-02
-6.245260545799680152e+00 -4.853178117497751742e+00 9.901055692511852024e-01 -9.992809424276315466e-01
4.071628114311685920e+00 -5.378255384541989592e+00 7.863818672454705450e-01 5.978055558896399058e-01
-4.637030405973911584e+00 2.522397766390952256e+00 5.803797083286402758e-01 7.528726884090293503e-02
-4.149033313339097973e+00 -9.962868073615371856e-02 -9.946394555872767329e-02 5.340263079316882600e-01
3.797068166838293735e+00 4.465540380862547565e+00 -9.696872780874569164e-01 7.927581751627641449e-01
4.553377303887156557e+00 1.812473016257532876e+00 9.709380561949397803e-01 1.583424290369716270e-01
-5.612611788312891647e+00 5.212388364242475092e+00 -8.775828572845193465e-01 -7.834653898120226279e-01
-2.637720754816607283e+00 -2.186960572007222048e+00 -8.161011723006615926e-01 8.757197011985352608e-01
3.139812133662431393e+00 -5.892407931982480029e+00 3.809073015372142490e-01 9.999984148748128909e-01
-8.951179726718114793e-01 -2.904188500810979345e+00 -2.351803834060932907e-01 -6.254267686885871536e-01
-2.666893748830831967e+00 -5.995225274305826524e+00 2.839968454656572328e-01 8.894303837401746904e-01
-4.480878122948015019e+00 -5.959557502648080707e+00 3.180081236161120817e-01 2.294483338882769008e-01
-2.510153396250649038e+00 -9.707186827472495949e-01 -8.252917712948061313e-01 8.071787407893390442e-01
4.167672625017697641e-01 -6.146353442683968105e+00 1.364052811352824968e-01 -9.144023493675357273e-01
-2.318298953334005041e+00 -2.262539364779430073e+00 -7.701353354793822881e-01 6.798093359135243263e-01
-1.078455105519969592e+00 9.864548127025525304e-01 8.340755206219286899e-01 -4.726903329198790527e-01
-3.500579501519700987e+00 -6.480371538895646211e-02 -6.475836747899935131e-02 9.362532506472625027e-01
-3.052141535780827031e+00 -9.468871353263974555e-01 -8.116008660081720505e-01 9.960019157183652716e-01
-1.224778469424565586e-01 4.539119317937016618e+00 -9.850263304344785142e-01 -9.925089598459219120e-01
-3.426726916773940701e+00 4.524960901625600940e-01 4.372117739130856884e-01 9.596238949131372653e-01
-6.547892614809809331e-01 2.184651065678657744e+00 8.174336792682617148e-01 -7.931762838075792077e-01
8.732925461856364535e-01 -4.087384040403781782e+00 8.109602291259651041e-01 -6.423064682266931280e-01
-2.954107962596627779e+00 2.479445695260826810e+00 6.148115180125890422e-01 9.824761666354702161e-01
-6.094451228924153696e+00 -3.839455872830810357e+00 6.425819177175895458e-01 -9.822425287760199186e-01
1.070182357493267844e-01 5.165020095161576563e+00 -8.992995426388628033e-01 -9.942790118967538282e-01
-1.534050005615146262e+00 2.292780936894526889e+00 7.504956279608244740e-01 -3.673805202673587067e-02
5.884348504953759829e+00 3.361188332159740000e+00 -2.178350290016883573e-01 -9.215133413386576988e-01
2.250245365763300143e+00 -3.901208358785579922e+00 6.886428435337542675e-01 6.283645163352865604e-01
-2.359086794931509079e+00 -3.098916825615806836e+00 -4.266287543018614653e-02 7.091489890065055812e-01
5.642505497656538083e+00 -4.116011157069010551e-01 -4.000772329799135441e-01 -8.016895934267476154e-01
-1.409184707145155535e+00 -2.996456704826725659e+00 -1.446269504788041393e-01 -1.609090339141877324e-01
4.729845582976494711e+00 2.120358525205295663e+00 8.527532736501005628e-01 -1.745571600490947867e-02
-3.011969301928198117e+00 -2.486925820401736154e+00 -6.088949922760036326e-01 9.916106498645989031e-01
-1.760464693201688746e-01 -5.407849558728665684e-01 -5.148090966567105964e-01 -9.845438009278031366e-01
3.777861583689956504e+00 -3.688807088336237161e+00 5.203104414538375355e-01 8.043183477162204609e-01
-4.000970909026695388e+00 -1.046477552145153034e+00 -8.656651798166367096e-01 6.529085265216932887e-01
3.190302274364917423e+00 1.736907543493972028e+00 9.862352264349629749e-01 9.988139209600729318e-01
-4.097193929204939522e+00 5.906958344586588083e-02 5.903523835207371423e-02 5.771178239336106630e-01
-4.438537939457103398e+00 -3.096583063538163039e+00 -4.499439437893285043e-02 2.704409708015916847e-01
-5.817462443232633618e+00 -1.273487811422953975e+00 -9.561284159893778112e-01 -8.934971834334909380e-01
-4.486121069274911832e+00 -4.932188924703516442e+00 9.759410878773936426e-01 2.243421347459801096e-01
5.824112669075294235e-01 5.606516351793848330e+00 -6.261994108955279970e-01 -8.351387875296010233e-01
5.629359698354138075e+00 5.563918617058600802e+00 -6.588331881627420561e-01 -7.937627722928187746e-01
9.313892996614994146e-01 1.814094893347290238e+00 9.705486140042608456e-01 -5.967197153774440599e-01
-2.186676515972262536e+00 3.499331604407771579e-01 3.428350194314728761e-01 5.776772138465053885e-01
2.631237800894387746e+00 -6.052435399548956596e-01 -5.689623715135534443e-01 8.725712216893111162e-01
-1.677068901079600494e+00 -5.925158733350626150e+00 3.504266252385545566e-01 1.060726492842522239e-01
3.086768000233160336e+00 -1.520412823545642667e-01 -1.514561806841866476e-01 9.984975050914767225e-01
-3.642060805083712882e+00 -3.275855433682351325e+00 1.338597623113878254e-01 8.773580219484006237e-01
9.258837361996814508e-01 4.207900064259458617e+00 -8.754216262959518824e-01 -6.011285873824383508e-01
-5.453802676142430528e+00 1.268628496814572237e+00 9.546936072688495534e-01 -6.753312073549928574e-01
-1.968569209127558395e+00 -8.427195531981173104e-01 -7.464555647187322007e-01 3.873660670245492876e-01
2.658098511038243572e+00 -2.570045395654665388e+00 -5.409340402372729839e-01 8.853759891265960968e-01
-5.924603927788831825e-01 -2.366210921545763401e+00 -6.999887417605218376e-01 -8.295692987760292514e-01
-2.295091652571357610e+00 2.600688878752139388e+00 5.149109570964113258e-01 6.626078298128372790e-01
1.489285404646920163e+00 -5.391998403491156111e+00 7.778182514612017595e-01 -8.142069195328745235e-02
-1.058948035914424324e-01 -6.377841043122076670e-01 -5.954166161137833813e-01 -9.943983827980575896e-01
2.126643259273075515e+00 -1.233189169317856937e+00 -9.435499479000692968e-01 5.276629194165454173e-01
1.530662251188580569e+00 -3.406509440198135508e-02 -3.405850642092696917e-02 -4.012330218693491851e-02
5.124765144970119479e+00 4.123470554628619666e+00 -8.315419387172138244e-01 -4.007874306483266147e-01
1.467480113818774967e+00 -3.499959710401910229e+00 3.507454979413658913e-01 -1.031325073762320854e-01
5.042990541833942686e+00 1.554088218627241780e+00 9.998604228078152856e-01 -3.246120723320473078e-01
4.913689096876700191e+00 5.669137378387404169e+00 -5.761806344317691453e-01 -1.999433632515679460e-01
3.176219963119510936e+00 -4.765580111097183824e+00 9.985856853135606226e-01 9.994005346200663942e-01
4.346097913251549372e+00 -1.142398298375810306e+00 -9.096323982226163229e-01 3.581550131369949930e-01
1.662572520336191850e+00 9.972739615308165995e-01 8.399949751576220036e-01 9.164741130242128053e-02
-1.793601093685019521e+00 5.982139683753111115e+00 -2.965189671422158169e-01 2.209659259713444568e-01
-4.069037858761094029e+00 4.372335356779682769e+00 -9.427367813928095863e-01 5.998800035158536881e-01
1.077682788762279742e+00 -1.631690727586001977e+00 -9.981465088309021683e-01 -4.733707794954353232e-01
-3.052757224607045128e+00 3.155680062377216544e+00 -1.408694283905894198e-02 9.960567275735564552e-01
4.331748683457927740e+00 4.519507174358263768e+00 -9.814559034944070337e-01 3.715150144494914208e-01
-1.813262299152137658e+00 3.103954225126713595e+00 3.762954233777909829e-02 2.400971938582152077e-01
-4.997212947920365522e+00 4.151923447914127152e+00 -8.470077347905351495e-01 -2.809885153343584241e-01
-1.154386982321716992e+00 2.655456551097815421e+00 4.672131397724680335e-01 -4.044792436689776394e-01
3.420289992326438266e+00 -7.022451442317949599e-01 -6.459332431755349102e-01 9.614146205872083906e-01
7.067356237618840353e-01 3.613482987914187206e+00 -4.545708373495488952e-01 -7.604856622785455267e-01
7.504257284633899516e-01 3.506517342915955737e-01 3.435099559974421624e-01 -7.313986095533223653e-01
5.222663420843993265e+00 4.742051580225520979e+00 -9.995600973415168511e-01 -4.884167448992728922e-01
8.557756434950460900e-01 -3.561093185872293621e+00 4.073043437680488044e-01 -6.556330343768260738e-01
4.686280792231345416e+00 -2.551638174327436559e+00 -5.563231973037180422e-01 2.610522220113044647e-02
-1.979779918811744643e+00 3.470677287806820388e-01 3.401418416792508781e-01 3.976769533204202456e-01
-1.015431679681459087e+00 5.981455041029683173e+00 -2.971727498582678595e-01 -5.272531789055161511e-01
-1.120777631472209990e+00 5.971820079291170202e+00 -3.063585040969490914e-01 -4.349823681843564271e-01
5.069016553627797350e+00 -2.456499412230122470e+00 -6.327452166509733855e-01 -3.491159925163044297e-01
-1.321032008609958730e+00 1.325488218987097788e+00 9.700625454285473070e-01 -2.471755973473119816e-01
-2.321702277232448264e+00 5.376509010819383150e+00 -7.874594736420621466e-01 6.823013540573765745e-01
-4.439339655196414824e+00 -6.217339565292192560e+00 6.579817139057150821e-02 2.696690429197062255e-01
4.711906996685575777e+00 -1.972566947907594681e+00 -9.203700382162222082e-01 4.819836804526131022e-04
5.489849989225252358e+00 -5.816813810661683348e+00 4.496482524839953143e-01 -7.014721511158216183e-01
6.163450208902961691e+00 -3.776250338488434277e+00 5.929018914076554791e-01 -9.928403129893734747e-01
2.343639777168577965e+00 6.086941954593642734e+00 -1.949861730306976237e-01 6.981737650404414852e-01
-1.245657416642648840e+00 -1.311305656250496554e-01 -1.307550853252393286e-01 -3.194404210825655954e-01
3.779267710232387500e+00 5.941224102096153814e+00 -3.353353848482834021e-01 8.034820344000854764e-01
-2.332612236602308542e+00 -5.782290696417322629e+00 4.802104414551947587e-01 6.902365453391200445e-01
-3.492833521854105783e+00 3.774086307869071177e+00 -5.911578653659805838e-01 9.389464987480206082e-01
-4.205283183568408134e+00 -1.840535197797046330e+00 -9.638405148188815552e-01 4.856493058911707794e-01
5.657079956192752945e+00 -2.327723023582498385e+00 -7.269498487930790009e-01 -8.103158863712317528e-01
-1.913030626596299300e+00 3.358796192304723149e+00 -2.154997139039533938e-01 3.355926545508439718e-01
2.488860786849022233e+00 -4.023823528021248208e+00 7.721583640104151547e-01 7.944275413686852083e-01
-1.085905135210834871e+00 -2.065109579920030747e+00 -8.802947288065622322e-01 -4.661120966092462958e-01
-6.125402207073595839e+00 3.016903383521702509e+00 1.243664218577449215e-01 -9.875780496667896369e-01
5.218491010675174735e+00 7.277435826838800637e-01 6.651865143498436606e-01 -4.847716151240517579e-01
-6.281748030835880847e+00 2.062173529351726486e+00 8.816838748840633011e-01 -9.999989671185337547e-01
-3.623787969104250273e+00 2.167319987719773522e+00 8.272935125919220756e-01 8.859790352099107258e-01
3.205457317406684936e+00 1.856940542552411699e+00 9.593393197327836353e-01 9.979613454200130240e-01
5.953739533993136490e+00 -6.106096315550766818e+00 1.761648417000013511e-01 -9.462217915576118799e-01
-2.932504555810409475e+00 2.154242497919664601e+00 8.345691024364910726e-01 9.782206030949478492e-01
1.091179940367240420e+00 2.460045669568755144e+00 6.299951637089170609e-01 -4.614388782812836598e-01
2.431821970475569472e-01 -9.218795257838543478e-01 -7.967388686931922148e-01 -9.705766414690193411e-01
-4.581348085649188384e+00 -3.918266488149772186e+00 7.009109172006093846e-01 1.306661837615931965e-01
1.466307799034086479e+00 -4.405181444584220785e+00 9.531817210218656022e-01 -1.042984998041543432e-01
-5.447063223108378871e+00 -3.515015076154633267e+00 3.648041260869797631e-01 -6.703454632958480985e-01
5.871967542101018012e+00 6.419803644738095727e-01 5.987827112144975539e-01 -9.166347303940706182e-01
-2.961925186791160680e+00 -2.842391086920752041e+00 -2.947573400507466634e-01 9.839031716683191986e-01
2.367670758138556764e+00 3.515370494287152425e+00 -3.651350272771314853e-01 7.151749858043628949e-01
-2.974500507674683547e+00 1.430946315949532810e+00 9.902369150280403431e-01 9.860725569411660230e-01
-1.285830788873274066e+00 3.866652246352735744e+00 -6.631800466344435208e-01 -2.811243791932546698e-01
3.765076420693155512e+00 8.251344415487551487e-01 7.346390018573778491e-01 8.118493307116662061e-01
-3.970844916705902783e+00 4.482455770309739407e+00 -9.736816194353621334e-01 6.754273498587730629e-01
5.426926845585763104e+00 -2.238965332379029505e+00 -7.849573732235336498e-01 -6.552683918367263605e-01
5.841352308862804321e+00 -4.889318841213829536e+00 9.843887008998386534e-01 -9.039693974052854797e-01
3.862406318192364907e+00 -4.595036562994749829e+00 9.931221038016356806e-01 7.512689623665238514e-01
-4.758338470714392088e+00 -4.056912456375005860e+00 7.927575590667481631e-01 -4.593332275047987828e-02
-5.934049448639170166e+00 -8.498498316953373433e-04 -8.498497293954130607e-04 -9.396686742885383969e-01
2.146195241815073373e+00 -1.148098490839648989e+00 -9.119855479611562732e-01 5.441695138179333258e-01
9.109175723150713111e-01 4.880607876201914053e+00 -9.858845348391269692e-01 -6.130210644480718063e-01
3.859197705740850637e+00 9.954701740823068690e-02 9.938268685406298486e-02 7.533827634397135542e-01
-5.403261097991915562e+00 5.452580986622004744e+00 -7.383390776332680039e-01 -6.372095572942727548e-01
-1.898799435150588799e+00 -3.783131968437916548e+00 5.984294112602935867e-01 3.221532395265069848e-01
1.539328907041141115e+00 5.255992443672418801e+00 -8.558504465573258946e-01 -3.146222684552490989e-02
-5.298146472291652920e+00 -2.624436984366676828e+00 -4.944097664376211898e-01 -5.528307540032940670e-01
3.064006047670275734e+00 -4.064604710846559499e+00 7.974227732355751996e-01 9.969916688448643427e-01
3.727043247862411590e+00 -5.469638681685607295e+00 7.267280067266167487e-01 8.334631833799879264e-01
1.025131934446909199e+00 -3.796421188903451593e-01 -3.705880941362593717e-01 -5.189861160719443367e-01
3.740239519757940556e+00 -1.790567479733081946e+00 -9.759473649838609211e-01 8.260988959274335741e-01
6.637805607491147342e-01 -1.318251624135307942e+00 -9.682797157768682217e-01 -7.876686659833223025e-01
5.428321116579063244e+00 -9.255363902991451397e-01 -7.989434665329727681e-01 -6.563209815097571509e-01
-2.228256310718170319e+00 -4.114171681003597314e+00 8.263408913964854774e-01 6.111082833462763153e-01
5.161923634840032804e+00 4.651966681193567155e+00 -9.981751281766767514e-01 -4.345464679839479705e-01
5.133804115451354733e+00 -4.274656420309812077e+00 9.057151287496264525e-01 -4.090521885147607728e-01
-3.728527177037691764e+00 3.257153617496957310e+00 -1.153039289297302650e-01 8.326422838666637238e-01
2.044797468606533997e+00 -2.907228284580430255e+00 -2.322247782624558554e-01 4.564499418625108107e-01
3.752371606677618487e+00 5.664334632707440420e+00 -5.800993656975169666e-01 8.192015323456006692e-01
1.030620580847751988e+00 4.247156330577585237e+00 -8.937172159399412452e-01 -5.142867225369515127e-01
5.789427993618838642e-01 2.116882634204030111e+00 8.545636249262229533e-01 -8.370415536170463522e-01
4.958773580485065224e+00 -2.905051647118321867e-01 -2.864362595892138152e-01 -2.438993440924688838e-01
-6.107864670514956629e+00 -1.939005799341147807e+00 -9.329733331036927924e-01 -9.846706628345481827e-01
-5.655451628593879398e+00 -2.838494619708112232e+00 -2.984784485658297237e-01 -8.093606234505157371e-01
2.142157910608846194e+00 -5.461700108262690812e+00 7.321582571661696681e-01 5.407778669058245224e-01
-5.282574504255586945e+00 -3.415467485575777840e+00 2.704638752467410368e-01 -5.397882321740709033e-01
-5.953713073555842783e+00 -2.005852989968001765e+00 -9.068461623929777726e-01 -9.462132307812352039e-01
6.249543253762825046e+00 2.881706529576220532e+00 2.569705016134825049e-01 -9.994341594915854277e-01
-2.207126424875175630e+00 1.208042179627177859e-01 1.205106030284251312e-01 5.942478136448796633e-01
1.162538429137960350e+00 2.368727157158810215e+00 6.981895482680706699e-01 -3.970110055846072794e-01
-5.214488228501059197e+00 -6.118108977561757200e+00 1.643276234480068876e-01 -4.812667444150474094e-01
5.372231262075125358e+00 -3.597836885343946189e+00 4.405796182437162756e-01 -6.129922481089686848e-01
3.635191252394340822e+00 -2.356177167550361773e+00 -7.071190300380690852e-01 8.806335554460028581e-01
4.775199326910286146e+00 -2.132802917430239198e+00 -8.461875327823682458e-01 -6.276905540685037699e-02
-2.483962150695224746e+00 -3.455634598645129785e-02 -3.454946887187487076e-02 7.914427910327815896e-01
-2.331476298628368138e+00 -5.100686382904185301e+00 9.255550268017543880e-01 6.894141538783232770e-01
-4.649198079485379331e+00 2.397955330984773425e-01 2.375040149936863132e-01 6.314885480292725672e-02
5.624065865634937822e+00 3.486775146443049422e+00 -3.383684111597231037e-01 -7.905318103823892883e-01
2.653043061866005914e+00 -3.266465936522839897e-01 -3.208687479564160117e-01 8.830145299793259461e-01
-5.406639810045357208e-01 -1.822716229010599598e+00 -9.684356448759807723e-01 -8.573671157873637982e-01
5.280470793332948887e+00 2.140681635477813316e+00 8.419628607353186744e-01 -5.380161334029101017e-01
-5.047322544484680762e+00 -3.942278718390408443e-01 -3.840954025314130549e-01 -3.287064263995019830e-01
5.143330098241817083e+00 5.494671464598891220e+00 -7.093064633990999734e-01 -4.177260615896594143e-01
-5.953808331906060403e+00 -9.354231579910470273e-01 -8.048502850799863495e-01 -9.462440467266556299e-01
-6.272284357567103896e-01 3.731737716854141240e+00 -5.564815560259007698e-01 -8.096572553096267333e-01
3.210243397278125244e+00 3.128126219769452376e+00 1.346602681265059512e-02 9.976444630359055932e-01
-5.894268624230179832e+00 -5.327841062568710484e+00 8.165125307754802497e-01 -9.253203816438883011e-01
-6.012696626702101810e+00 9.207665200493027058e-01 7.960657595581887014e-01 -9.636404348468459169e-01
4.580183599376502102e+00 -2.239076376147685288e+00 -7.848885712423776528e-01 1.318205973648895746e-01
5.261959540795805523e+00 5.143566146338311995e+00 -9.084743938867488877e-01 -5.223210729650847872e-01
2.872492220899628634e+00 1.654320303327650343e+00 9.965139000392887469e-01 9.640104492625158894e-01
-3.170081850263202661e+00 3.448339435836388134e+00 -3.019588791502715863e-01 9.995942102836377074e-01
2.768679240015105236e+00 -3.407827916259470236e+00 2.631012107652438425e-01 9.312698550036212497e-01
-4.889684124121751907e+00 -1.609474086624644862e+00 -9.992521086894416982e-01 -1.763677659846521750e-01
-2.344580924929603238e+00 4.074492859920590959e+00 -8.033504090641974127e-01 6.988472500921626418e-01
-3.666936834286338431e+00 2.605217263808084383e+00 5.110237615055613913e-01 8.651513825319921969e-01
4.419239115096955217e+00 1.863753060782904925e+00 9.573942034685860580e-01 2.889691406763838510e-01
-1.940741141389239921e+00 6.242387645118716577e+00 -4.078634539651361524e-02 3.615639805515789562e-01
3.975390342033602309e+00 -5.625801434317133420e+00 6.110480360938163047e-01 6.720684666963026022e-01
-4.568438369261404119e+00 -4.943812809936317443e+00 9.733408070277408397e-01 1.434539738512867479e-01
-9.036327585148926644e-01 -5.948569439468249342e+00 3.284063671329518486e-01 -6.187602353602305039e-01
-3.019719049038871006e+00 4.397851322957583520e+00 -9.509395186319558047e-01 9.925826000744790711e-01
-5.940283943422215884e+00 3.927082603953198969e+00 -7.071716813938762058e-01 -9.417831315131814929e-01
4.937185121523988585e+00 4.975905357561117626e+00 -9.654800131566529942e-01 -2.229076370810608720e-01
-1.676898669389313312e+00 -3.306605391339565880e+00 1.642648957273371846e-01 1.059033764399156946e-01
7.115287237578815649e-02 -5.431098240027643520e+00 7.526561970534082491e-01 -9.974697021647791484e-01
5.586942476981143102e+00 4.471471138015161273e+00 -9.711193921964414999e-01 -7.672572184559393049e-01
-6.039812936908752761e+00 3.895433024451275372e+00 -6.844436831771035790e-01 -9.705308316503411525e-01
1.400079454735525530e-01 8.944207173651763654e-01 7.798465980957836052e-01 -9.902148874452538774e-01
2.473067971335916937e+00 -6.424074841799587432e-01 -5.991247416793356040e-01 7.847369641770262083e-01
-3.827346018587981735e+00 4.548605913648255950e+00 -9.866175090157279781e-01 7.739421936706800675e-01
-1.550937506012157741e+00 -4.469664502541792928e+00 9.706867551027330565e-01 -1.985751551214069710e-02
4.320826262149545016e+00 -5.549778665653745335e+00 6.694043025805075375e-01 3.816333225618210312e-01
4.229004053211236069e-01 -4.488791994236082772e+00 9.751061688671205374e-01 -9.119024307730332346e-01
-5.877001672595132398e+00 4.711164402803548867e+00 -9.999992502049676046e-01 -9.186353792160341092e-01
-6.767464076242708515e-01 6.174442328795377577e+00 -1.085287901354137913e-01 -7.796144356946566045e-01
1.315901334130607836e+00 2.713653692021471997e+00 4.149965050042527248e-01 -2.521437954993218655e-01
-3.787882496352560580e+00 -3.116044215176975829e+00 -2.554565916254997182e-02 7.983236509742731579e-01
-5.449597193109637416e+00 -6.244067982078414403e+00 3.910734986996059620e-02 -6.722236394569905960e-01
5.074827686541855343e+00 2.480210438694065544e+00 6.142082049703205815e-01 -3.545555608215480436e-01
-3.619615322786564615e+00 -5.736117614376242457e+00 5.201851215797913541e-01 8.879062783701006101e-01
1.174722020951135981e+00 3.803708684794377959e+00 -6.147871262973346740e-01 -3.857995471604731552e-01
-4.555627224778586282e+00 -2.643929867659092103e+00 -4.773731327138672209e-01 1.561204936628669548e-01
-4.782043740187789993e+00 -6.706037919977996253e-01 -6.214591390625591183e-01 -6.959844847235741039e-02
-2.774859727245319263e+00 5.084743144956682670e+00 -9.314734606335247635e-01 9.335037920360051977e-01
-5.723329889820194083e+00 9.098694772281490373e-01 7.894236251686733707e-01 -8.473319024607285366e-01
-4.454046628472605462e+00 6.201007062846022322e+00 -8.208578033310387490e-02 2.554782649238240277e-01
-6.002572873057289371e+00 -4.455210536930335863e+00 9.671114976856212131e-01 -9.608860084580860272e-01
-6.048856557965983427e+00 -4.622399416707696496e+00 9.959536709593270754e-01 -9.726704182614483996e-01
1.778973448089486098e+00 -6.573594113777208037e-01 -6.110286723582513124e-01 2.066767227615473601e-01
-5.936277929774863793e+00 -1.553665640677276194e+00 -9.998532733848267684e-01 -9.404286724397123987e-01
4.132398298063778341e+00 8.105097961504474924e-01 7.246385838835146531e-01 5.480161428775427446e-01
-4.532987109812370186e+00 3.440663317457774539e+00 -2.946322504562411404e-01 1.784410755713152497e-01
-1.495195482167148704e+00 2.099383084566337487e-01 2.083995632128654019e-01 -7.552884925555848616e-02
1.245456857581262788e+00 -7.561082882193117527e-01 -6.860953823930456830e-01 -3.196304656992499660e-01
4.205030210141341485e+00 -3.515640399297036200e+00 3.653862832767547641e-01 4.858704280151347477e-01
