3.475345215478682803e+00 -2.433814127731011023e+00 1.202543681870005265e-02 -1.619028518394696192e+00
1.816169659160490113e+00 -2.236466234384657525e+00 2.853297999459181167e-02 -5.287154362522601403e-01
4.426666489323629605e+00 2.724331367257622816e+00 1.740975988682491815e+00 -1.540848016799761133e+00
-3.697105692533277033e+00 1.689397062580517250e+00 1.234983382224262849e+00 -1.038455285622922331e-01
4.296035372204642044e+00 -1.312262208104236549e+00 1.494333766259190899e+00 -1.739755699421539070e+00
-9.378622698701972737e-01 -1.945078985658059700e+00 3.194116821794850125e-01 -4.613149272752459229e-02
3.812814836473650715e+00 4.588540975032508129e+00 7.548290592736496274e-01 -1.974040788424545667e+00
-5.966494877323470725e+00 -3.680857692712197871e+00 1.881264038508400294e+00 -1.591873213365621709e+00
2.679049188927296044e+00 -3.451833971063363204e+00 1.581427899035820150e+00 -2.013269227438494458e-01
2.035347282254226897e+00 -5.420032033156224394e+00 1.206736583226686310e-02 -1.989172904948640630e-01
-4.062554792645165058e+00 -7.080272205131654673e-01 1.988051345562350303e+00 -3.653057673564841235e-02
-2.126895596737694127e+00 -3.100740139914775373e+00 9.183858488432011802e-01 -1.896674126258945270e+00
-2.968446548136265406e+00 -5.616209550327382338e+00 2.791686510715063463e-02 -1.339412462511684998e+00
-5.890516858959044200e+00 -4.958817215351086105e+00 5.268556779908972754e-01 -1.707063457579155008e+00
-5.736677645005793025e+00 4.791490418596231038e+00 1.157543780871302275e+00 -1.888017425040285913e+00
-5.709166500625457275e+00 -4.755597198508671575e+00 9.136910803821847171e-01 -1.911960572866380881e+00
-2.346662540823035936e+00 1.794210176551709779e+00 1.432106861487624005e+00 -1.999818289385833170e+00
3.979567499483849247e-01 2.121702689031625511e+00 1.892028140161566174e+00 -1.714503017054388234e+00
-4.138287728529163267e+00 -1.990894452951778248e+00 2.552259032460132415e-01 -8.797178856966658689e-02
-6.093984344195022551e+00 -3.491421848206421874e+00 1.643956371327307098e+00 -1.369435921571382497e+00
-1.801712420511583979e+00 1.857820414258194219e+00 1.543035780180151972e+00 -1.445589097025716363e+00
3.432963678325394952e+00 -5.666875867942236411e+00 5.663910311928543884e-02 -1.550315495634957852e+00
1.782059179235798041e+00 9.215643273540852221e-01 3.685382958209282300e-02 -5.899346567873229308e-01
-2.668654050681838807e+00 -6.037654219148476109e+00 5.284371846480129253e-01 -1.811010438947374901e+00
3.755906108829487167e+00 -2.624912270967735495e+00 1.409756702685364127e-01 -1.942028975283208059e+00
5.671124572225627603e+00 3.135356957243651266e-01 4.132241614168421506e-01 -5.949229808922895657e-02
4.635943053544595571e+00 -4.905812134623731779e+00 6.227303485340975886e-01 -1.152296884907285435e+00
5.761857692738324488e+00 -6.818099932092813731e-03 1.013635777268765636e+00 -1.362546837649291076e-01
4.778977627329034306e+00 1.535425087930996746e+00 9.293165126092927109e-01 -8.672160334764553724e-01
4.126907635772818495e-01 2.612666414859528885e+00 1.871303607750365749e+00 -1.734806616687123881e+00
-3.748005156997512355e+00 2.515759086818412982e+00 1.949508984826787028e+00 -6.339045097443984922e-02
5.196137579899474446e+00 6.075362417869776266e+00 1.403780808827642446e+00 -1.765317009455774633e-01
6.580656455672251326e-02 2.540445958163308759e+00 1.932867662103658457e+00 -1.131233490618513304e+00
-3.582365842130374567e+00 -1.967161297722829438e+00 2.877279201633257122e-01 -2.282767670939341853e-01
-5.750004357115751752e+00 2.574533385208855663e+00 1.906161728049886372e+00 -1.875447963025634213e+00
-5.514704386571034789e+00 -3.631420864726321529e+00 1.830305940936959086e+00 -1.999427668395087787e+00
4.651390477457944428e+00 -3.834637336187024292e+00 1.982990111824143975e+00 -1.121694611920307505e+00
6.219953980295640505e-01 1.123177737708426882e+00 2.196425813657698622e-01 -1.947072660258566401e+00
5.544062749376683641e+00 -1.273921904600141985e+00 1.559472173420985763e+00 -4.279807065967755619e-03
-1.000687711804611801e+00 -9.594557615169012621e-01 1.940017338988538897e+00 -9.127581127754069712e-02
-5.870330543259650646e+00 5.096789639804919503e-01 1.482281923145505331e-01 -1.735029052367633717e+00
3.070729498955611092e+00 4.425666830694824583e+00 4.574713988706988754e-01 -8.587476750820859372e-01
-5.492741241053132661e+00 -6.491329582045857194e-01 1.963092871588904220e+00 -1.999949078163477001e+00
3.329583804364718347e+00 6.261565245687204850e+00 1.043226649842024178e+00 -1.367186391307045223e+00
-5.741209852123060564e+00 -4.016330478534797521e+00 1.984079274938499893e+00 -1.883813094505524921e+00
-2.112737238240207205e+00 -2.686436091727339992e+00 2.103041206619903347e-01 -1.883780770619213341e+00
-2.433293300833121009e+00 -2.892165039925053804e+00 5.215794078539665035e-01 -1.988135084020542287e+00
-8.979893071688032080e-01 1.959691150178482388e+00 1.701706332451071724e+00 -2.524657863694146354e-02
3.024332745539437539e-01 2.508080228939199685e+00 1.954215149594122458e+00 -1.568652307555950642e+00
-1.032500208929649332e+00 5.509486766075561093e+00 1.999726250167122910e+00 -1.196534869851040295e-01
-1.069324784668230777e+00 -1.462359172716571010e+00 1.215178207305187552e+00 -1.569425065801342001e-01
-1.533066946981390899e+00 3.857155636383227559e+00 9.738058763749224411e-03 -9.246128306579148859e-01
2.056376691043341864e+00 -1.752723443271130499e+00 6.441212278110735046e-01 -1.744586832141321597e-01
-2.573940724693557947e+00 -2.313567542904253926e+00 3.631912673534354319e-03 -1.906662400778100341e+00
-2.132075519616905446e+00 -4.514577274242104643e+00 1.385383521391889250e+00 -1.901212138947653063e+00
1.395989319096750947e+00 7.682035628495151869e-01 5.912503039977590191e-04 -1.342535198516988659e+00
-5.407804510841721424e+00 -1.184578143157547281e+00 1.697882264870039126e+00 -1.983849910629174262e+00
5.559621382814249557e+00 -4.147699832236190431e+00 1.904146758628745051e+00 -7.637205236012412080e-03
-2.622127563408910955e+00 5.283487304051631028e+00 1.909548611036611998e+00 -1.861862169457348948e+00
-1.617654165573434000e+00 5.590851067585370870e+00 1.982728161849500292e+00 -1.093578559458063371e+00
-5.185146162528652347e+00 5.158770230180346417e+00 1.778807530709151763e+00 -1.810798111776561914e+00
-7.242203736951591253e-02 -6.108464686951585954e+00 6.576271295143546469e-01 -8.556618610119506307e-01
-1.927304072751052644e+00 4.649881049024608970e+00 8.753095276765182620e-01 -1.654117638037024829e+00
3.539436729947526672e+00 -3.910657527667549260e-02 1.078133432762637289e+00 -1.714345338733820334e+00
-8.152732173372454483e-01 -5.580304961258192975e+00 1.358749840390127694e-02 -1.784506699075816272e-03
-2.101600354146552441e+00 -3.344419335603250332e-01 1.620110751287949125e+00 -1.873140487171161439e+00
-2.179155675769786527e+00 -2.195745658977041437e+00 5.104733890892532155e-02 -1.937966697240455449e+00
-3.410384156402881839e+00 -3.951788529386996984e-01 1.710604996572336223e+00 -4.879385851406591312e-01
-1.348853236552409740e-01 -5.621822644112143053e+00 3.061213919084559976e-02 -7.334896137717826781e-01
-4.212516058419225828e+00 -1.071370001458048726e+00 1.840850515596719195e+00 -1.586663634783335164e-01
5.700859220192507237e+00 4.724866570006213351e+00 1.024952589138422798e+00 -8.134902200379368065e-02
5.328332044693427250e+00 -4.218474414120914062e+00 1.834832876610635655e+00 -5.688245954249693259e-02
2.711157820109713512e+00 -5.082875675684503491e+00 3.249935895724311852e-01 -2.415903204525748915e-01
2.440880756566984999e+00 -4.295245290176367803e+00 1.740818029182348292e+00 -1.430927073378696068e-02
-1.887138559183689779e+00 -6.238280217891774448e+00 9.103105055865048367e-01 -1.591311753931688777e+00
3.405209645356094939e+00 -4.364665415370330592e+00 1.640728795378830984e+00 -1.503144871804874105e+00
5.185854042571982347e+00 -4.096180286894915312e+00 1.943294029236631193e+00 -1.883740200102222984e-01
4.301883930878725337e+00 -5.690936316184403765e+00 7.368995359540608803e-02 -1.731834567583092399e+00
8.056025234095374188e-01 8.531303809096071333e-01 9.161284116223522567e-03 -1.999183678760581451e+00
4.728303681864339580e+00 2.530137465736748581e+00 1.940095515921127500e+00 -9.681759712209359048e-01
5.258506439828066092e+00 5.981077002394696862e-01 6.933896462320454646e-02 -1.123416834185095858e-01
-2.933118568713912744e+00 5.318955492608187896e+00 1.936717426232501316e+00 -1.404971966066516531e+00
2.378209197916911322e+00 1.817227229000476285e+00 1.473149021597432329e+00 -9.691381338079452235e-04
3.297799656165173232e+00 6.157776477715342978e+00 1.248196116355830831e+00 -1.307356683501476269e+00
-5.916884175951999225e+00 2.478457673422338914e+00 1.970252098964267118e+00 -1.668806514242328287e+00
9.149861933388425683e-01 6.228610028387775444e+00 1.108933952863691452e+00 -1.966601469060506480e+00
-4.811600027808481173e+00 -6.255425692505668600e+00 9.445092881950689634e-01 -1.197122632012019627e+00
-8.280063670594142167e-01 -1.240944432501259520e+00 1.612882820364117231e+00 -3.628721309434590481e-03
4.940672013435749577e+00 -2.775910280443684375e+00 3.321140123424061175e-01 -5.591314895264826168e-01
8.688455502850951362e-01 3.700435195724589121e+00 1.009105368147792392e-01 -1.986105363820169334e+00
-4.593101934047165713e-01 -3.166371872412773847e+00 1.049538153896530712e+00 -2.052349343248294211e-01
-3.736622223295786416e+00 7.271028809066288900e-01 6.788984266103970100e-03 -7.160905462801292476e-02
-3.783745604390641226e+00 -5.090486350176393060e-01 1.851110655994761878e+00 -4.075845721641258024e-02
1.801118539097027238e+00 -5.222959136821032189e+00 1.472957312523378581e-01 -5.554745469803951119e-01
-3.711494726137698041e+00 -2.438917011722137484e+00 1.365484169781516766e-02 -9.144830924235824998e-02
7.970350762528983779e-01 2.684872062842185159e-01 4.884614302386046658e-01 -1.999729176743478387e+00
3.662103571638679611e-01 2.427486690016781523e+00 1.989852054552945226e+00 -1.668671533714713995e+00
-5.044769364967241820e+00 -2.263505719935035465e+00 1.713326668936221431e-02 -1.616870860312805691e+00
2.995819721204002306e+00 -9.445357193483285840e-01 1.949776597829150138e+00 -7.125668017050547087e-01
-4.936228660414422542e+00 -3.574274946878670978e+00 1.761331698522426104e+00 -1.432874751252142698e+00
-4.347133332839677955e+00 1.243124039977292483e-01 7.539287148802787941e-01 -3.327494481671903204e-01
-1.948039279349318420e+00 -3.739444728941684559e+00 1.930473856389351095e+00 -1.684914177435534066e+00
5.882811078578358277e-01 -1.300362233066608475e+00 1.514880449713272181e+00 -1.923291013954392170e+00
