2.483506852981040680e+00 2.437328142834470412e+00 6.474734972060295357e-01 7.911644113571969505e-01
-4.233513139989844021e-01 5.275146377775746132e+00 -8.457872004930780951e-01 -9.117172819700997133e-01
-3.349939868069089943e+00 2.888099245482637301e+00 2.507872492339360271e-01 9.783741182281883164e-01
-2.561777831306783160e+00 3.014470215864966107e+00 1.267803287499264242e-01 8.365641173945966846e-01
1.308382912879618942e+00 5.509247946402123119e+00 -6.989565086168871844e-01 -2.594120999578143905e-01
-5.883085518724707086e+00 -5.916369997747959353e+00 3.586444290835577586e-01 -9.210221299624279379e-01
-5.462548437433431658e+00 3.944334191862365557e+00 -7.192634407812783515e-01 -6.817554243046064499e-01
-2.890165047214886762e+00 -4.606335953294841801e+00 9.943816466014370192e-01 9.685582390105693662e-01
5.975579466964113351e+00 2.844303293641921471e+00 2.929295508048707086e-01 -9.530611989200536982e-01
-3.980022959174426500e+00 -2.284145088952549418e+00 -7.561747915948953125e-01 6.686308652139717479e-01
7.371915331490708212e-02 -4.932645189719956136e+00 9.758415048340252085e-01 -9.972839735751052315e-01
-5.414007208008625227e+00 -8.575275265723831808e-01 -7.562271138436859053e-01 -6.454545319593574249e-01
-3.955487258502183412e+00 -5.568444589230099773e+00 6.554216125377684277e-01 6.866723985640672545e-01
5.340291714443555549e+00 -4.023811047848807831e+00 7.721504336725796280e-01 -5.874488149285823635e-01
-3.806928191221065294e+00 2.439859517992095661e+00 6.455422942583808332e-01 7.867096942748531552e-01
3.495420821321824079e+00 -5.977656628800813721e+00 3.007974114801567067e-01 9.380531625484244129e-01
-1.765475789779202387e+00 -7.284016587107364771e-01 -6.656777406718142887e-01 1.934520629213833109e-01
-5.479499730363368570e+00 -4.535546202206102606e+00 9.844040244276643925e-01 -6.940581125108229443e-01
-3.086847489088335728e+00 4.477098514207876079e+00 -9.724466672959855007e-01 9.985018577030931874e-01
4.796837659178907032e+00 -4.065228573191749462e+00 7.977990696802395032e-01 -8.434833917092819655e-02
-7.912798054195659958e-01 2.507289334936686487e-01 2.481101661802873060e-01 -7.029356255178473845e-01
2.467325048171348456e+00 -5.477735571902968559e-01 -5.207878379143856540e-01 7.811644131140240699e-01
-4.562845755971888906e+00 -1.540554443732580658e+00 -9.995427491050690172e-01 1.489864704098952108e-01
2.303181189186874533e+00 -2.602639050342283600e+00 -5.132382067625473887e-01 6.686448752942069085e-01
-3.464334385971067576e+00 -1.860624076486495859e+00 -9.582931166557870917e-01 9.483693940928011878e-01
-3.095819343806764934e+00 -3.319605043518333076e+00 1.770737234444138553e-01 9.989525849532217006e-01
-6.050433573544526489e+00 1.335907399165143339e+00 9.725401977558966182e-01 -9.730353760603795976e-01
-2.287290825782624992e+00 2.168733285234793584e+00 8.264987386010390624e-01 6.567451701921492857e-01
-3.639440073927648012e+00 1.549366555947192303e+00 9.997703912479419808e-01 8.786125295751608943e-01
8.221084508915943445e-01 -3.170683518915256460e+00 2.908676233703351779e-02 -6.806781069243886817e-01
2.718447820922021307e+00 -2.809023293819672418e-01 -2.772227245019798225e-01 9.118020888240778721e-01
-5.864667026820976403e+00 -4.773710579849010927e+00 9.981204198184778775e-01 -9.136921244234587069e-01
-1.077402986294002218e+00 3.636698737553301086e-01 3.557064765491029790e-01 -4.736172286801623721e-01
-4.618296586990918051e+00 3.081688262620064123e+00 5.986856921988283065e-02 9.395361557861567348e-02
-2.794400090694913796e+00 -2.508201290691509211e+00 -5.918816792273549066e-01 9.403316736847426860e-01
-1.519815867141989685e+00 7.932174647876255591e-02 7.923859137224242843e-02 -5.095837942492199846e-02
-1.622911588835067143e+00 -6.218431248412489509e+00 6.470881500786233864e-02 5.209167439698198648e-02
5.678422147049820623e+00 1.522657669477373688e+00 9.988415585693773968e-01 -8.226367800990999068e-01
-2.659062905087758999e+00 -3.426064508283333865e+00 2.806505713085443721e-01 8.858239006306496410e-01
-8.618213576492861350e-01 1.018905578386550381e+00 8.515347287450784064e-01 -6.510560843989652291e-01
1.156633020423304181e+00 -1.291109793211191459e+00 -9.611420193069033502e-01 -4.024241173525499038e-01
2.366894607935705608e-01 -4.519922222822833291e+00 9.815353787886548220e-01 -9.721195745119932674e-01
4.047850816776154659e+00 3.887594886833925401e+00 -6.787081993638595101e-01 6.166956401254291009e-01
-5.818626119230172478e-01 3.537176976930416217e+00 -3.853474515201736339e-01 -8.354404436074324147e-01
-5.587331074248535145e+00 3.919935575119490423e+00 -7.021004146510123611e-01 -7.675063832978712419e-01
1.619785556861718767e+00 3.906113238964556089e+00 -6.921910777383156743e-01 4.896963717785893233e-02
-3.981134758848920097e+00 -3.287195659702545569e+00 1.450890815143059398e-01 6.678037240251940565e-01
5.731315985076042452e+00 3.431669148939903380e+00 -2.860255254688820470e-01 -8.515459623227196184e-01
2.790432959938090818e+00 4.051482562744332938e+00 -7.894361671172376305e-01 9.389744248499088952e-01
3.525233597356498549e+00 -4.829215595911653836e+00 9.931835291056334558e-01 9.273079825879246840e-01
5.348205089010944491e+00 -1.599961995594317621e+00 -9.995747120301367028e-01 -5.938343427011500975e-01
-4.896170376696716176e+00 -1.393174735827099830e+00 -9.842667152244247708e-01 -1.827485875046174491e-01
-1.142859943400270417e+00 -3.067562017355820458e-01 -3.019678589330731522e-01 -4.149941593211342594e-01
2.284821263748009201e+00 -5.061194664057970805e+00 9.397815712433198465e-01 6.548808416339160221e-01
6.872272717265524022e-01 2.862258234516836808e+00 2.757159272292771801e-01 -7.730079927015698349e-01
-1.581226661532224576e+00 5.860829231908956771e+00 -4.099106255842747126e-01 1.043014561573110330e-02
-3.267001596930349194e+00 3.403887448374721458e+00 -2.592975397243043600e-01 9.921465993638801661e-01
-6.768811108769261509e-01 1.514246405911648274e+00 9.984014792837625496e-01 -7.795300693903906009e-01
4.133582317043519083e+00 -5.463871607461090463e-01 -5.196037903609610487e-01 5.470253652775489694e-01
6.558699203237550179e-01 5.857781562687875976e+00 -4.126885749974712470e-01 -7.925177080883218927e-01
-1.814423848170092057e+00 -6.963366781100122083e-01 -6.414115077050012159e-01 2.412246040135989922e-01
-1.348677224444572609e+00 5.013492945634411058e+00 -9.550096630001394526e-01 -2.202971581214243357e-01
9.519171767242449178e-01 -2.287625130192072476e-02 -2.287425607653393103e-02 -5.801225601391405418e-01
1.143340741495550539e+00 -1.707713357478066740e-01 -1.699425154265598870e-01 -4.145566696891772596e-01
2.162016510597158714e+00 -3.576411641734985380e+00 4.212462402353008839e-01 5.573745088498828215e-01
-3.294811362655223785e+00 4.386693583628815674e-01 4.247351881012603192e-01 9.882849590215667668e-01
-2.493484392889774970e+00 3.083763145271602113e+00 5.779728096569570345e-02 7.972272283105613644e-01
-5.477084094077509846e+00 -2.457399460596206175e+00 -6.320479989557804545e-01 -6.923170267761683538e-01
5.891730505957459840e-01 -6.156721177815001056e+00 1.261273049752519304e-01 -8.314004773467439380e-01
1.432138440087186382e+00 -6.042879890618967131e+00 2.379992780396364693e-01 -1.382140073151961190e-01
5.587874412330807061e+00 5.640553940713447290e+00 -5.993039792905058283e-01 -7.678545721425441561e-01
5.394695122077866500e+00 -2.161566530705884226e+00 -8.305119212439249221e-01 -6.305845432442735987e-01
5.878481217242487844e+00 1.167167905398061478e+00 9.196419601769157959e-01 -9.192189510406653108e-01
1.317527658371360211e+00 -3.174280855543336610e+00 3.268238093953614726e-02 -2.505696853982946060e-01
-1.500892038791299399e-01 -5.214645819651977376e-01 -4.981505968050302657e-01 -9.887577435409634630e-01
-5.600354007269798373e+00 2.981424742296415076e+00 1.594839709775519587e-01 -7.757893028871678531e-01
-5.837998672162747482e-01 -5.403009187180566109e+00 7.708510820037941524e-01 -8.343741979043575174e-01
-5.075577098134187004e+00 2.024662362074057143e+00 8.987587853056743237e-01 -3.552561872230075579e-01
1.422385296562289625e-01 5.709327106860410339e+00 -5.428762468883482351e-01 -9.899011440804864614e-01
2.103740879314313972e+00 -5.488894949485388253e+00 7.133664735325908612e-01 5.080717266828865819e-01
5.770057707476942355e+00 4.598606382651677649e+00 -9.935337410189313267e-01 -8.712134185852622448e-01
1.159001624078786818e+00 2.623486105869870855e+00 4.952360739236084108e-01 -4.002546443807910581e-01
5.137681688927171919e+00 1.605162286684755024e+00 9.994095485150676916e-01 -4.125874328958146764e-01
1.336976559584371671e+00 -4.938531624233554851e+00 9.745385396495194197e-01 -2.316950302957769270e-01
-1.306152296290183479e+00 -6.265801618402790041e+00 1.738281325290438883e-02 -2.615657080725136696e-01
-3.371536796992616658e+00 -2.460511808138279299e+00 -6.296330925046914606e-01 9.736791275351658337e-01
-3.211642730453301287e+00 -5.830371002722027463e+00 4.374979405302869551e-01 9.975474964840861380e-01
2.830628762684169075e+00 -8.509760049312573571e-01 -7.519241940135266145e-01 9.520390842861894409e-01
8.550731729977583129e-01 -6.184110740530554651e+00 9.891256398935395489e-02 -6.561632937661029397e-01
5.531838104463927763e+00 4.697713700527279101e+00 -9.998923200131054623e-01 -7.307698995718572288e-01
1.085862173145748066e+00 4.325784105294982140e+00 -9.261945138867270222e-01 -4.661501058209467918e-01
-6.054265911480039009e-01 -2.226389693088138166e+00 -7.926863339510976658e-01 -8.222593939332187851e-01
-1.904106878779299628e+00 5.636523659461282421e+00 -6.025254302312043064e-01 3.271731693173305922e-01
3.400217966796597935e+00 -9.374295663801355261e-01 -8.060394232875927045e-01 9.667424701384330632e-01
8.683454911569397083e-01 1.749074160329744387e+00 9.841505523936858735e-01 -6.460902530746328587e-01
-5.044658427079271590e-01 5.271685550647321250e+00 -8.476285535337182431e-01 -8.754327788319766768e-01
4.477750088400842543e-01 2.280772866815032884e-01 2.261050219466526900e-01 -9.014126671530802160e-01
6.000380892583942583e+00 4.308441587484898250e+00 -9.195166348596930384e-01 -9.602766442885465326e-01
5.800261626495508693e+00 -4.318014187390136982e+00 9.232369687306439809e-01 -8.856410388737309125e-01
-3.503995279529781737e+00 2.834640630310103049e+00 3.021545333658788302e-01 9.350477399983443405e-01
-6.023677194336306329e+00 2.397472204760505932e+00 6.773250008710031134e-01 -9.665163158406693267e-01
2.899176043740794739e+00 2.950756917364239840e+00 1.896795254391787644e-01 9.707607045959473213e-01
-5.867557732779857815e+00 2.177259867584018238e-01 2.160098570239719906e-01 -9.148631086235978760e-01
1.743731670167591119e+00 -2.536052433136307904e+00 -5.692063257002327736e-01 1.720746457688688280e-01
9.543718100207305710e-01 -4.088363305400366521e+00 8.115328093972924428e-01 -5.781214439718167508e-01
-2.989311499083881607e+00 5.213323315931731372e+00 -8.771342345754065128e-01 9.884276141463975707e-01
-8.951189032577548943e-01 -1.259129070438234521e+00 -9.518236355492410983e-01 -6.254260425680457924e-01
-9.568656802302966113e-01 -4.808892670009395687e+00 9.953471316253923451e-01 -5.760847730796301303e-01
3.690714188975467991e+00 2.553706375929259309e+00 5.546034034838803750e-01 8.529833552888259618e-01
4.530819675774859334e+00 1.328415633427624698e+00 9.707693256952056871e-01 1.805733027850124905e-01
-3.646210986451648761e+00 -5.211136629816857990e+00 8.781822823866991534e-01 8.753590640796332645e-01
-5.390519872881752050e+00 3.837419557261219083e-01 3.743928863997284529e-01 -6.273385594983522662e-01
4.643129812603950413e+00 -1.659797799756213443e+00 -9.960419826482466155e-01 6.920381029034032572e-02
5.088730989851965703e+00 1.544331954739149637e+00 9.996498389432167953e-01 -3.675209489227717619e-01
1.809434208355037654e+00 5.764708455102372398e+00 -4.955577449981759530e-01 2.363793289566575306e-01
1.911386062497161475e+00 -2.793620017663656085e-02 -2.793256660434866034e-02 3.340430102018904224e-01
4.353099762300352893e+00 3.933950867824504982e+00 -7.120111137232983944e-01 3.516089258075127955e-01
-7.715561369932251168e-01 4.671997332069359743e+00 -9.991843682731597065e-01 -7.168265190184877067e-01
-1.218266082463452804e-01 -4.386481448928793547e+00 9.473605534384197391e-01 -9.925883124190438833e-01
2.506730503523549203e+00 5.984428183029784520e+00 -2.943326140649187295e-01 8.051534583050338201e-01
-1.464717072682083732e+00 -2.730676720847999839e+00 -3.994491816535619688e-01 -1.058804177698914328e-01
4.649709786684738333e+00 -1.977808701392754998e+00 -9.183076233349124484e-01 6.263816066479654943e-02
-6.029113431716042193e+00 -5.158563686332707121e+00 9.021043813085379837e-01 -9.678969940280416351e-01
-2.033754591834550318e+00 -4.996216062457062179e+00 9.599907670762085621e-01 4.465969213091336432e-01
6.134085813362402106e-01 3.017154490502393926e+00 1.241172604630523396e-01 -8.176905947883813530e-01
2.279445514916902837e+00 -3.054675545615641585e+00 -8.680771221037549001e-02 6.508087724050871659e-01
9.570212892962297602e-01 2.000270538353564831e+00 9.091848098708602555e-01 -5.759575728184422871e-01
3.226775590483876854e+00 3.714498121149031107e+00 -5.420758835482234472e-01 9.963741269114281263e-01
-3.358436320342633952e+00 -2.330140696775572451e+00 -7.252875325032810405e-01 9.765813924461086426e-01
6.544349258684487580e-01 2.523505239052257210e-01 2.496807255181852647e-01 -7.933920216001639769e-01
-1.903561743853252608e+00 2.786701885761075914e-01 2.750773820865190511e-01 3.266579876311644370e-01
-3.092060511911354226e+00 -6.234674699399944231e+00 4.849158351861288657e-02 9.987735342554372453e-01
-3.191064130033505197e+00 -1.316537889786700610e+00 -9.678500854647341667e-01 9.987765360679975446e-01
5.987366220077628753e+00 -7.506678210555701725e-01 -6.821272452194608871e-01 -9.565636801253593058e-01
-5.511538925209018558e-01 -5.663048152407762714e+00 5.811467823859194359e-01 -8.519208297546362330e-01
1.061557590542353324e+00 3.667866846741560494e+00 -5.023151873392293076e-01 -4.875127167377754089e-01
-4.421592345374696365e+00 -3.239879338526729047e+00 9.812851532879163230e-02 2.867155049068930706e-01
5.576302814024520771e+00 3.654805280656285404e+00 -4.909785254574656199e-01 -7.603902837425544625e-01
-4.405162523159576793e+00 -4.808954448820930594e+00 9.953411770922014901e-01 3.024161286007792659e-01
1.829289642257007742e+00 -2.728952599336209150e+00 -4.010291847710407698e-01 2.556242158064168657e-01
-4.123615573320728700e+00 -2.635820834279231306e+00 -4.844827727131089667e-01 5.553413786701716370e-01
4.604096094170090581e+00 1.927947170639271235e+00 9.368967079622586569e-01 1.080813455444338406e-01
-1.759567535904782432e+00 -1.193357678475849504e+00 -9.296116460446067764e-01 1.876520748404415240e-01
4.968565557651777098e+00 2.226021267955763605e+00 7.929108830519396856e-01 -2.533837644116596621e-01
2.254316077320787315e+00 -1.891989089707790228e+00 -9.488595396136273452e-01 6.315259854108454807e-01
2.725139125177907573e+00 -1.609516474943353259e+00 -9.992504687152579113e-01 9.145293059783179412e-01
2.891798709436228521e+00 -1.593215288098231319e+00 -9.997487056125566873e-01 9.689633801729877760e-01
-1.069940135221244759e+00 5.954181348579322020e+00 -3.231005704693368230e-01 -4.801767415822825180e-01
-4.368639610665949746e+00 2.976384610863485491e+00 1.644575445983605944e-01 3.370194756139788805e-01
2.562139504804974877e+00 -4.827572317088499432e+00 9.933737303395454576e-01 8.367622123855266159e-01
3.759890601445327718e+00 -4.930821339603109976e+00 9.762383557147912283e-01 8.148662294309079179e-01
-9.539259050260229245e-01 -2.061166992030388556e+00 -8.821583533453949411e-01 -5.784852229920041111e-01
-4.952329314587732512e+00 -2.305919640088614386e+00 -7.417480554514495061e-01 -2.376446703496729596e-01
-5.838807833649621415e+00 -2.015255734045338976e+00 -9.028432359041762556e-01 -9.028784619050417293e-01
5.394635051389425229e+00 -5.071148045582328123e+00 9.363332523191415513e-01 -6.305379200098273351e-01
-5.427741264383949549e+00 6.866900588655644455e-01 6.339809211181053339e-01 -6.558833832760893046e-01
-5.611799539965599770e+00 3.381289770766855440e-01 3.317225938562867182e-01 -7.829603715289427113e-01
6.054846685346706892e+00 -3.136588563288396081e+00 -5.004069416919366964e-03 -9.740438079656439374e-01
-1.240809707548686802e+00 6.037960922037797218e+00 -2.427740030817676087e-01 -3.240303696061858085e-01
-3.469264687308081019e+00 1.693774887731507306e+00 9.924476622677301796e-01 9.467941405883903982e-01
1.488866851522643309e+00 -5.743784019667607765e+00 5.136223786374473077e-01 -8.183784826329849882e-02
-5.201979583821314534e-01 -1.792631979261597230e+00 -9.754952116083552838e-01 -8.677208010862503818e-01
2.901019626350690217e+00 5.915385769687777184e+00 -3.595630067742275338e-01 9.712016053053652564e-01
-6.116846046811699189e+00 5.435724401064710776e+00 -7.496022260206505194e-01 -9.861974941459872301e-01
5.621824642048528275e+00 -5.694999306759065405e+00 5.548527823179876250e-01 -7.891572537335552751e-01
2.234508502743262071e+00 5.912398125445800900e+00 -3.623492309071222883e-01 6.160452109523123498e-01
-6.087073717509168702e+00 -1.889272748914709865e-01 -1.878053659151913135e-01 -9.808316746085111726e-01
-5.000852396047723580e+00 5.307381267483112453e+00 -8.281528219638139010e-01 -2.844794655745426226e-01
-3.575035966330960768e+00 -4.274510191611263998e+00 9.056531346364818935e-01 9.075249474393075610e-01
2.507934172167278319e+00 -3.596051088820826358e+00 4.389757828579586851e-01 8.058667304576092594e-01
-4.968392480643719189e+00 1.754544851090479085e+00 9.831656854546930724e-01 -2.532163318321148937e-01
-4.727217513229907908e+00 2.153668310147264009e+00 8.348852867655008891e-01 -1.482798942158037279e-02
5.534631054449997478e+00 -2.059599663272523529e+00 -8.828954075569341864e-01 -7.326735812247477941e-01
5.646306846482886499e+00 -5.336195315925235327e+00 8.116609514152122173e-01 -8.039560160884294815e-01
-1.166369086260907295e+00 -1.267178421056052606e+00 -9.542610748980070445e-01 -3.934922711717567800e-01
4.731304450898498715e+00 3.996524387837673942e+00 -7.545261171262686029e-01 -1.891434255711444204e-02
2.095652352429636878e+00 -3.421074999913117587e+00 2.758581176783362343e-01 5.010884150142626003e-01
-1.172023342189252304e+00 4.769207611787415146e+00 -9.983862557780360802e-01 -3.882878934258332526e-01
-2.545482348329041411e+00 4.898291550020850593e+00 -9.827698257313243202e-01 8.275256526871613838e-01
-2.493185089507417462e+00 -2.590613927574798581e-01 -2.561733781509023533e-01 7.970465093359055953e-01
-3.557577416091483258e+00 4.972403414221737705e+00 -9.663862673750523991e-01 9.147188305140245834e-01
-3.479858834161252190e+00 -1.861167500420531695e+00 -9.581376715824220236e-01 9.433314546170765702e-01
-4.126423174289471696e+00 -2.248840111154501109e+00 -7.788012849153131967e-01 5.530043288786142819e-01
-4.791208788603078972e+00 5.002199108373224234e+00 -9.582981525635273501e-01 -7.873822140590473750e-02
-1.036896795047643316e+00 -5.055747873567156603e+00 9.416292019632972465e-01 -5.088940325879635074e-01
8.369385570150944531e-01 -1.731783360081241341e+00 -9.870695501326082200e-01 -6.697393768632595723e-01
5.826558088532788560e+00 5.488746121177738857e-01 5.217274773756500617e-01 -8.975447379968366501e-01
-5.510311766833764224e-01 5.815343348438018367e+00 -4.509611911443773824e-01 -8.519850860164240869e-01
-6.224180213133140072e+00 -2.042319453966570109e+00 -8.908774508733657838e-01 -9.982597044441068324e-01
-5.705040387599771279e+00 -1.941433180048466767e+00 -9.320968605895942893e-01 -8.374778385382131152e-01
-4.831966829195299518e+00 5.066127875384866641e+00 -9.380840910409066202e-01 -1.192930812878517516e-01
-2.845754719080367146e+00 -5.063876180337878452e-02 -5.061712254858391491e-02 9.565581854940852224e-01
2.745541084131648546e-01 -6.249215719543946612e+00 3.396305490852880721e-02 -9.625461824444914161e-01
-2.718067380103050823e-01 -2.086829912410506083e-01 -2.071716441491680549e-01 -9.632874097835478766e-01
3.724565115721182096e+00 -4.504962364519299989e+00 9.785641231228648929e-01 8.348299766216279449e-01
-4.256110121813124536e+00 5.319420932402309177e+00 -8.213447031945864119e-01 4.406107029424188304e-01
-1.472677361638460525e+00 -3.409928007832923491e+00 2.651267307341617641e-01 -9.796160362634034890e-02
-1.800674321685633572e+00 -4.826762194276828843e+00 9.934665108067739503e-01 2.278587295638238863e-01
-6.131933669450626567e+00 -3.557913369306808349e+00 4.043981869016085584e-01 -9.885832610773264140e-01
-2.319395747190149404e+00 1.493213668805332794e+00 9.969919748363614831e-01 6.806133032925069104e-01
5.959679336434017927e+00 -2.097678680696681397e+00 -8.643789488933588672e-01 -9.481267252681180313e-01
-3.931629168042943601e+00 4.105255776127290090e-01 3.990912910805812785e-01 7.038193770217355816e-01
8.599663640875423454e-01 -6.071169606727253587e+00 2.104308923771320006e-01 -6.524629585210737215e-01
1.478251253659835562e+00 3.941802165965361482e+00 -7.175020438318755467e-01 -9.241302791675945483e-02
-4.546727127946942559e+00 -2.512910710019330196e+00 -5.880792206455760507e-01 1.649051583606867544e-01
-2.177740946841693059e+00 3.234133206772067837e+00 -9.240852730499092560e-02 5.703604539184611300e-01
-5.283881345368735438e+00 -3.666197759375439791e+00 5.008712541846521704e-01 -5.408878708814378600e-01
-3.676039447797548210e+00 4.799052994242559933e+00 -9.962470241744512123e-01 8.605505446396449765e-01
-1.595490955577087533e+00 -5.440782836951116863e-01 -5.176296856355850906e-01 2.469211895965992346e-02
2.144298710466490121e+00 -1.127183806764743501e+00 -9.032070480832267156e-01 5.425773931875779166e-01
-5.264035183250740602e+00 -3.613656391933989465e+00 4.547252833111992687e-01 -5.240899483715527607e-01
5.379428186762865494e+00 -4.985102406600184111e+00 9.630435932141581112e-01 -6.186625343658885834e-01
4.160077579809060566e+00 -1.553339687781816636e+00 -9.998476367464341763e-01 5.246563566004556201e-01
-1.276312747907293321e+00 -1.907676309693084882e+00 -9.437905606488687926e-01 -2.902456985501086217e-01
-5.053635252456635030e+00 4.995669715641394504e+00 -9.601436181947924364e-01 -3.346617616619549929e-01
3.759337390406916057e+00 -2.776314043150220900e+00 -3.572095372513812706e-01 8.151867729789143979e-01
-4.462974680611201173e+00 4.508530633883557570e+00 -9.792927495887645550e-01 2.468364246267891193e-01
-6.139583626917191062e+00 -6.276324509941508367e+00 6.860743414634418690e-03 -9.897069850336043251e-01
-8.241449893769452473e-01 7.499912307340350637e-01 6.816323436228305388e-01 -6.791847636770795837e-01
1.925178280748417237e+00 -5.061005299468681606e+00 9.398462745996822854e-01 3.470107901808268669e-01
-4.796905037510021508e+00 9.693728956417189124e-01 8.245310493647389771e-01 -8.441547719632085112e-02
5.456494023865543497e+00 -3.888450827207631022e+00 6.793365601633541973e-01 -6.773136673233693950e-01
-5.438101514533335568e+00 3.548000285763484030e-01 3.474028557839619613e-01 -6.636686056780589649e-01
8.792049978726383941e-01 2.323954695856089714e+00 7.295323562793279981e-01 -6.377636818336075430e-01
5.791019105161142377e+00 1.528892965429402118e+00 9.991221826104359494e-01 -8.813113185162312346e-01
4.789084017216032052e+00 -2.067190966593073220e+00 -8.793053562264055989e-01 -7.661987059573135972e-02
2.049301139279602779e+00 -1.350020419734229371e+00 -9.757278296815821150e-01 4.604524361275961208e-01
-1.579640748028833031e+00 6.280779828853674474e+00 -2.405476006099054129e-03 8.844305927033663597e-03
-2.675989522454414349e+00 3.960912418941569868e+00 -7.306815901021435078e-01 8.935509452982879353e-01
5.076612099882797935e+00 -2.183160183096751084e+00 -8.182915527306011683e-01 -3.562234842963327708e-01
-3.602627943098011709e+00 -4.039083244266654660e+00 7.817645710584568697e-01 8.955924025848877035e-01
-1.464435895790112241e+00 -1.702182431431012333e+00 -9.913812547493715543e-01 -1.061600099408438608e-01
1.924015961942123099e+00 4.145612598571467800e+00 -8.436361654425118539e-01 3.459204623863820771e-01
-5.392609409159397238e+00 -3.398355716189144005e+00 2.539510666775088299e-01 -6.289644081425573852e-01
5.595824104840582791e+00 8.357403885440417568e-01 7.417932407691888441e-01 -7.729230206862948149e-01
-4.265794965837036656e+00 2.964330132951371155e+00 1.763356541806895272e-01 4.318961073518189919e-01
1.709793648929650800e+00 -1.953687849404970756e+00 -9.275882299124428298e-01 1.385501770036576819e-01
1.526542614885953775e+00 -1.203310185665448451e+00 -9.332334488965043917e-01 -4.423926897794349528e-02
-6.030506429642197297e+00 -1.659670970906642395e+00 -9.960532476951239333e-01 -9.682461809521077933e-01
3.943299700359187199e+00 3.324583820245553767e+00 -1.819716085906920855e-01 6.954811344399699502e-01
1.639257120546624868e+00 8.572475644750348067e-01 7.560439024291166765e-01 6.840732835851712212e-02
4.797028033674587633e+00 -5.496078078927881805e+00 7.083142392513722685e-01 -8.453803370489151869e-02
-4.633354947874313012e+00 1.875179199197400948e-01 1.864209025752572579e-01 7.895177879310044666e-02
2.643537900294159471e-01 -5.906818424406034218e+00 3.675440813630596049e-01 -9.652615477448260872e-01
-1.752436170752011968e+00 -4.242935161522193077e+00 8.918155131459641893e-01 1.806426821240123826e-01
-3.658362577366787161e+00 5.200063906685281623e-01 4.968856837783099389e-01 8.694196104606366493e-01
-1.943368095250476379e+00 5.769751703066718918e+00 -4.911710224121033086e-01 3.640119635192651248e-01
2.458301851497052937e+00 2.702430641327886462e+00 4.251811448026046603e-01 7.754992787755292660e-01
3.010284071553744667e+00 -2.952598230013540270e+00 -1.878713193505345269e-01 9.913914078842114286e-01
-5.553969372109698099e+00 -4.245922027015856415e+00 8.931627887729456372e-01 -7.456970423341783283e-01
5.504818037857983626e-01 -2.305394184352747011e+00 -7.421003649676083391e-01 -8.522725904332213442e-01
5.880628744707298239e+00 3.408319687680776866e+00 -2.635756243796291698e-01 -9.200624127363642435e-01
9.704830664238448534e-01 3.039033525938874547e-01 2.992469610609626018e-01 -5.649009906270112680e-01
-4.636296700778124169e+00 3.432002138290190629e+00 -2.863445873262335239e-01 7.601887136771100228e-02
4.546198063425936908e-01 -4.425858966017180762e+00 9.592303546283650340e-01 -8.984280440383488608e-01
5.808032551657193565e+00 -1.967997577287423638e+00 -9.221472696413007819e-01 -8.892228502745415097e-01
1.620833649089682638e+00 -1.697567934170447046e+00 -9.919752356158912932e-01 5.001644488749641682e-02
1.483025619012034113e+00 6.074913324954209770e+00 -2.067695346471336570e-01 -8.765805802411036352e-02
1.258754786204354659e-01 5.820708879810688074e+00 -4.461657523283589222e-01 -9.920881369384009218e-01
1.100809481560486525e+00 4.889071562987361119e+00 -9.844321937983120385e-01 -4.528745569680445171e-01
2.508524716511706387e+00 9.765254261939109170e-01 8.285569452833937421e-01 8.062162494296789550e-01
-4.285514602679614704e+00 -4.086935529878891415e+00 8.106977234859069625e-01 4.140276871316382334e-01
-2.646401085151378840e+00 -2.714336344717631189e+00 -4.143753152277159790e-01 8.798776926183783376e-01
5.584148143326657987e+00 -5.026371550992227100e+00 9.511111031293975060e-01 -7.654621087397401880e-01
4.983151489326960615e+00 -3.247690017530373563e+00 1.058984257825994202e-01 -2.674662430029206006e-01
2.692235571036075470e+00 -9.587342379994518993e-01 -8.184649724547095051e-01 9.007265631671473871e-01
-1.536215694374425844e+00 -4.355895147290663516e+00 9.371262008253448128e-01 -3.457374079643183579e-02
-4.241238867821405023e+00 -1.208976076566039559e+00 -9.352540463201494125e-01 4.539113895126365983e-01
-1.585710875402454256e+00 1.965172598154518724e-01 1.952548155646310069e-01 1.491399567232861226e-02
-3.101490930566219273e+00 -5.798660663333173204e+00 4.657877711104986274e-01 9.991960336553524780e-01
3.665924946034806453e+00 -5.903237849455639008e+00 3.708716747473640996e-01 8.656584124128109403e-01
-1.806089561048507264e-01 -9.185468998813464125e-01 -7.947204630484183685e-01 -9.837344892250116102e-01
1.087153601759399457e+00 1.823725109232343655e-01 1.813632472826262609e-01 -4.650071832338281697e-01
6.161780939641753108e+00 -5.919356845876396100e+00 3.558546876364873657e-01 -9.926395369389773293e-01
4.572344394143545543e+00 5.413827669169162249e+00 -7.639145672980660606e-01 1.395872645147127611e-01
-3.100229156159725274e+00 5.884660585425999457e+00 -3.880590977795773666e-01 9.991446525045531990e-01
3.443780348567685223e+00 4.704848115947809717e+00 -9.999715678165048693e-01 9.546876954455694175e-01
-5.599053310489603419e-01 -3.463120688875336750e+00 3.160166580254135660e-01 -8.473053940568656683e-01
5.735363463168368980e+00 -3.951898651306647636e+00 7.244981254039372098e-01 -8.536609931349049551e-01
1.408636396014390613e+00 1.232408674347178490e-01 1.229291341519298530e-01 -1.614501759194133801e-01
-5.549857672524922236e+00 4.764832688463487287e+00 -9.986251438952440385e-01 -7.429511822216372519e-01
6.014495471327107268e+00 1.536000785966405324e+00 9.993946962445245941e-01 -9.641195310605248370e-01
3.137878317715392384e-01 -6.019918972364789234e+00 2.602357281218884433e-01 -9.511712299780534785e-01
-5.568811310006070769e+00 -3.374952861985400787e-01 -3.311247179073769642e-01 -7.555035115879010776e-01
-5.790736986153278920e+00 -5.529903039157766820e+00 6.840366829469165522e-01 -8.811779720317799436e-01
-2.365042698010695332e+00 3.436343718097885969e+00 -2.905016591057348330e-01 7.133356475064953628e-01
-4.772750772403396624e+00 5.123723455445757580e+00 -9.165880721520589525e-01 -6.032514353553519726e-02
5.397624584543155635e+00 -2.587708978638944224e+00 -5.259942069161068767e-01 -6.328554503029641953e-01
5.330136260685993221e+00 -3.221038815876030803e+00 7.936261536293769125e-02 -5.792002477540264538e-01
6.268696364395474063e+00 4.487764068984837706e+00 -9.748777231474358151e-01 -9.998950371047523600e-01
6.100865209860016236e+00 4.893946757167336514e+00 -9.835636110570163959e-01 -9.834256791862380220e-01
1.291362669299045862e+00 1.537928086786982895e+00 9.994598880265523899e-01 -2.758113177299669760e-01
6.137086647409265794e+00 3.419009290529029244e-02 3.418343213880042225e-02 -9.893465606915722299e-01
-6.076724492676478739e+00 5.312516243762125612e+00 -8.252637499181100234e-01 -9.787625661181139636e-01
3.124799205350097253e+00 5.592371412346707871e+00 -6.371646844701542856e-01 9.998589933620469772e-01
-2.457122459712500984e+00 1.144361325697681231e+00 9.104461143647538668e-01 7.747541324238391702e-01
-2.611951211435991294e+00 -3.205813349229133635e+00 6.417656052990251825e-02 8.629882779940341031e-01
2.475540349522692196e+00 4.803918301153593973e+00 -9.958141152557449249e-01 7.862670157195654763e-01
2.387924829724047626e+00 -2.640025453519738274e+00 -4.808002967314126685e-01 7.291838218929195259e-01
-4.630923721873875465e+00 1.727401922952987334e+00 9.877623852699656259e-01 8.137517984258030301e-02
-3.293735947291965616e+00 -1.695204940786532610e+00 -9.922712246136352610e-01 9.884485173111832168e-01
4.626008469691825553e+00 -2.874531180675398367e+00 -2.638982222769905017e-01 8.627312806600677397e-02
3.126365448749950815e+00 -3.804349645922858514e+00 6.152925215885041155e-01 9.998840683564763632e-01
-2.096759858410641719e+00 -4.870381971911561081e+00 9.875450478355034534e-01 5.020465388590538147e-01
-1.278991852928393236e+00 -5.271190305235533557e+00 8.478912218785965571e-01 -2.876808846494580685e-01
3.006674813237211197e+00 -5.785361968363852192e+00 4.775142044904889249e-01 9.909123857526388468e-01
9.744334335453537221e-01 5.492974750876927104e+00 -7.105014557374350614e-01 -5.616369115817537727e-01
-4.623568536509789162e+00 4.742533054172389129e+00 -9.995457018097162472e-01 8.870370479752839876e-02
-2.869495951024373603e+00 -5.897887210493838239e+00 3.758353955981468819e-01 9.632095218425206218e-01
-5.102694033286812925e+00 6.025913113594993931e+00 -2.544434739208907281e-01 -3.804705436220464088e-01
1.090564261118298184e+00 6.220425433684457772e-01 5.826963293916728182e-01 -4.619850041820912079e-01
4.925054131549998715e+00 -5.547613780484860868e+00 6.710110221721424795e-01 -2.110657566442927513e-01
6.150104643647146929e+00 -2.132927334906560723e+00 -8.461212259987348494e-01 -9.911578299714393081e-01
-2.742860385052858341e+00 3.495607362815482233e+00 -3.466663422302784237e-01 9.215539316171951212e-01
-3.278106794120816403e-02 -5.780620936588528380e+00 4.816744067011775043e-01 -9.994627489056665537e-01
9.339986230482804075e-01 4.549812765063212083e+00 -9.868135697694105923e-01 -5.946238354841949514e-01
-6.135981783903048381e+00 -4.894888986053627988e+00 9.833930437819931036e-01 -9.891851114185755689e-01
2.418675984934848699e+00 6.257578202156778957e+00 -2.560430658307251417e-02 7.498793274764977701e-01
6.182795631177965490e+00 -5.155999433111047026e-01 -4.930568866627145774e-01 -9.949651870479933047e-01
6.161857018512719719e+00 -5.029904129765339960e+00 9.500141376737546439e-01 -9.926487477011797234e-01
4.373200386510093907e+00 -1.951329561091084130e+00 -9.284667160427366728e-01 3.327220255337969279e-01
-2.794809861982344046e+00 4.694253537259994502e+00 -9.998355573584302158e-01 9.404710231967728928e-01
-5.375459387578551684e-01 8.525779992687194664e-01 7.529793427895641322e-01 -8.589678185695014401e-01
4.703441305103980952e+00 -3.184859423970350711e+00 4.325327231492136909e-02 8.947555888041405434e-03
-6.041996463949609542e+00 1.127137131540569825e+00 9.031870138545551319e-01 -9.710546973410998373e-01
-1.198981470141822214e-01 -5.451926650277421516e+00 7.387802233974910537e-01 -9.928208237498827859e-01
3.583337174246505441e+00 -7.592809743003492429e-02 -7.585516324832267121e-02 9.040072266628574882e-01
3.002680837731563912e-02 2.814130609465559374e+00 3.216409736323004309e-01 -9.995492292591175998e-01
-3.157261114220915932e+00 1.143877772215126321e+00 9.102459968164718918e-01 9.998772521819788706e-01
1.452164312824649528e+00 -1.258997779702276887e+00 -9.517833675674602922e-01 -1.183539473546128401e-01
1.481282197430240366e+00 5.980133059942223994e+00 -2.984347487299104928e-01 -8.939463442106272695e-02
-9.546388774905301133e-01 -5.536954158436670603e+00 6.788762989639401946e-01 -5.779035094598340416e-01
2.356047166936692250e+00 -4.808141027809861079e+00 9.954192741600073058e-01 7.070026002402529652e-01
-1.268885230144509713e+00 2.912183321872506170e+00 2.274023699417308531e-01 -2.973454062517007501e-01
1.758299410741319235e+00 2.453835264066388078e+00 6.348059786103754654e-01 1.864063266564427168e-01
-3.425408808940193506e+00 -5.458770231713841348e+00 7.341507519942507276e-01 9.599938268469246916e-01
-3.812858494062035142e+00 -4.266689422474984283e+00 9.023093143453664311e-01 7.830349689166271610e-01
-5.188286235760451781e+00 5.304409069135450849e+00 -8.298150857872401698e-01 -4.581361856529129195e-01
4.551432841298000298e+00 3.392507716134346651e+00 -2.482904710163082174e-01 1.602620602390022186e-01
-2.164929283326219256e+00 3.508272226777613412e+00 -3.585177194918100496e-01 5.597905031564526235e-01
5.689411874007202385e+00 2.782278246075124528e+00 3.516325067050285469e-01 -8.288353771514321844e-01
-3.023185217888416432e+00 -1.589507474754110028e+00 -9.998249515782542396e-01 9.929980261500463978e-01
2.834902389180857796e+00 -1.548638857503386035e-01 -1.542456154132836321e-01 9.533380153760372400e-01
-4.481754768810761291e+00 2.160877158512571228e+00 8.308957047684970565e-01 2.285949881415991203e-01
-2.729328203123218444e+00 -5.515649773815462176e+00 6.943638595045689144e-01 9.162158411335922237e-01
-5.526369710261607615e+00 -5.141081514902993810e+00 9.095100167811941416e-01 -7.270261355375372547e-01
-2.600983814529645333e+00 1.211813638662076364e+00 9.362547120833965009e-01 8.573954963393499717e-01
5.640187118911104136e-01 2.645577933458056918e+00 4.759243285230871368e-01 -8.451135908743190317e-01
-3.295633410932572449e+00 3.836058744376126484e+00 -6.399752773288218677e-01 9.881591641705664841e-01
-1.712660963080293364e+00 -4.606059000673675463e+00 9.943522918294979140e-01 1.413892636647530177e-01
-5.760123085336008586e-01 -1.981184125507321703e+00 -9.169661736744171288e-01 -8.386413439262935254e-01
5.666837640035044643e+00 -2.188528731758356827e-01 -2.171100016004694488e-01 -8.159951573773357447e-01
-4.279924078190791903e+00 -1.046882257916265324e+00 -8.658677141011558165e-01 4.191100454317154278e-01
-3.161529639349800913e+00 1.034460274407239311e+00 8.595866873342400405e-01 9.998012648823593196e-01
-2.958681437364198086e+00 1.261566058173556826e+00 9.525681009449998848e-01 9.833183306020979453e-01
2.384698349810966178e+00 -5.413810376707665739e+00 7.639257263099691331e-01 7.269720923848286276e-01
1.664267412590003659e-02 2.764133265692150232e-01 2.729068863995937066e-01 -9.998615138954878301e-01
2.042092672407246567e+00 2.585028651869539118e+00 5.282719009337807359e-01 4.540416851535102327e-01
-1.300547216975324716e+00 2.491263845997202964e+00 6.054481314139317227e-01 -2.669715132043471439e-01
3.151204191522490206e+00 4.196937115346674574e+00 -8.700700741782974035e-01 9.999538095248818870e-01
-2.261731186993179321e+00 3.258239382071339563e+00 -1.163823835589813949e-01 6.372579111643101868e-01
2.135234297973402917e+00 -5.894350956355580706e-01 -5.558915321494219963e-01 5.349410483378236325e-01
4.984718480422010600e+00 5.368501902280820914e+00 -7.923694904488709501e-01 -2.689758152792131041e-01
-9.985305109125190981e-01 3.806270363672524581e+00 -6.168054853396910397e-01 -5.415382544889165706e-01
4.030878519633606771e+00 4.609200771694707655e+00 -9.946808191082154860e-01 6.299667993517652498e-01
2.704149330104941740e+00 2.268411871299500504e+00 7.663761199303793514e-01 9.058376944648932616e-01
-5.157200370766156894e+00 5.433622488380169813e+00 -7.509918011302660901e-01 -4.302876315921683736e-01
-4.840646102311323418e-01 -3.647389703463697508e+00 4.845048442759436469e-01 -8.851106485496013088e-01
7.209174934741726659e-01 -4.283294711882743577e+00 9.093429498048457571e-01 -7.512004316594127484e-01
2.853122351094478759e+00 -4.829735358870651751e+00 9.931228108380184549e-01 9.586801746144302250e-01
4.923164724527239855e+00 4.765604582100332109e+00 -9.985843839879429140e-01 -2.092185387999452584e-01
4.553029139996001007e+00 1.113870528555394479e+00 8.974130472621174581e-01 1.586861909787651848e-01
-1.664266624450794652e+00 -4.159149410517969159e+00 8.508267696859473928e-01 9.333425349391213932e-02
2.921436559249857012e-01 -1.530016255998251751e+00 -9.991686081405286579e-01 -9.576286911111779876e-01
-8.745887389969846382e-01 1.259312041265743254e+00 9.518797268878226303e-01 -6.413124646573170606e-01
6.212823554744568710e+00 -6.130238038225066077e+00 1.523516535169845976e-01 -9.975256329863275706e-01
-4.806236446167198473e+00 2.608959148679783624e-01 2.579462517514318209e-01 -9.370976857041650454e-02
5.561669541641375503e+00 7.435996765433232625e-01 6.769417852403907254e-01 -7.508053933077739606e-01
3.246881922944169219e+00 6.124205099838780697e+00 -1.583113568085721956e-01 9.944622036389020314e-01
4.246740954865298789e+00 -4.269669883689070744e+00 9.035901494224242159e-01 4.490019264347141492e-01
8.821186330021602018e-01 6.039148058502934902e+00 -2.416222115278903182e-01 -6.355168026356551314e-01
-6.077995290878554613e+00 5.024873688895091561e+00 -9.515726491297674672e-01 -9.790222857659179878e-01
-3.117201475931274945e+00 4.107464043513452623e+00 -8.225447883761224377e-01 9.997025499734714105e-01
3.861883932157434529e+00 2.686273693511212812e+00 4.397488008546628913e-01 7.516136326280312696e-01
3.334175472687237018e+00 4.783742378988225852e+00 -9.974554261294146240e-01 9.815131718479784828e-01
5.767746988523743568e+00 -2.080064310768042546e+00 -8.731016273535455730e-01 -8.700767514902637556e-01
4.262376218661410476e+00 5.299478089440610162e+00 -8.325566626797478165e-01 4.349770253325582758e-01
-5.031387175295562564e+00 4.567506885208327816e+00 -9.895229353489657376e-01 -3.136154540509668021e-01
-4.663875683953913942e+00 -1.018852212082927977e-01 -1.017090410835569531e-01 4.849426900661841372e-02
5.073291873980030786e+00 6.181276177776195979e+00 -1.017328252662066529e-01 -3.531191048183422443e-01
5.546515818257043762e+00 -9.467126272780337359e-01 -8.114989038991131665e-01 -7.407101822818538128e-01
2.568747133483688216e+00 4.613958598737314176e+00 -9.951596398801446641e-01 8.403620349625490205e-01
4.384954039554269656e+00 -4.806314521761644087e+00 9.955922382106158208e-01 3.216153104432369347e-01
-5.495111109733698207e+00 -3.625965975194144875e+00 4.656538612611582639e-01 -7.052120097723879599e-01
-4.577247169025460138e-01 9.595111647089904494e-02 9.580395337156995261e-02 -8.970602848859221545e-01
-3.939406184097942187e-01 -5.322024220450130905e+00 8.198569224110971998e-01 -9.234037050632889487e-01
-2.859642309728873233e+00 5.518658742930790950e+00 -6.921953927647526150e-01 9.605146222593229366e-01
-2.637962588046639301e+00 5.476827445631281321e+00 -7.217711272752826979e-01 8.758364374730960300e-01
3.847747146242145533e+00 -3.691886096803633777e-01 -3.608588316294883414e-01 7.608628940754101899e-01
5.893272248535437186e+00 -3.517278618955402170e+00 3.669107388625683086e-01 -9.249421104579599318e-01
3.486006233417196398e+00 -1.134413956808526081e+00 -9.062866309040231716e-01 9.412736161364252396e-01
-2.534859051503016936e+00 -4.425766695783667437e+00 9.592042726317635548e-01 8.215148550401825123e-01
-4.026218931263350953e+00 -3.774986212101924199e+00 5.918834489452757808e-01 6.335786865658833422e-01
4.386144742321672396e+00 5.259609824982728554e+00 -8.539738569036485760e-01 3.204876414915573957e-01
-5.234868065862729125e+00 -1.548914920824597807e+00 -9.997606115881265687e-01 -4.990300066876457441e-01
5.991156528704953743e+00 2.468828687765778795e+00 6.231500685628234004e-01 -9.576617701541193517e-01
-1.817488652483272737e+00 -4.079394886243871809e+00 8.062599342609435560e-01 2.441977649847254794e-01
-9.464303123153072761e-01 2.759828297830253518e+00 3.725583860328317010e-01 -5.845830165132461786e-01
1.469435942146512630e+00 -2.086458983649950305e+00 -8.699661496489862200e-01 -1.011869122426864026e-01
