2.483506852981040680e+00 2.437328142834470412e+00 1.604002925489363074e+00 -2.602936878317255065e+00
-4.233513139989844021e-01 5.275146377775746132e+00 1.652535220278017691e+00 -2.486419764064201843e+00
-3.349939868069089943e+00 2.888099245482637301e+00 1.948126377765451167e+00 -2.947107461444683718e+00
-2.561777831306783160e+00 3.014470215864966107e+00 2.069459016135017926e+00 -2.829813729506029496e+00
1.308382912879618942e+00 5.509247946402123119e+00 2.675028936535724711e+00 -2.185522240788444481e+00
-5.883085518724707086e+00 -5.916369997747959353e+00 1.860304318184448746e+00 -2.859750441050057379e+00
-5.462548437433431658e+00 3.944334191862365557e+00 2.526198868459757829e+00 -1.526358985630931864e+00
-2.890165047214886762e+00 -4.606335953294841801e+00 2.247389159316453444e+00 -2.102526091336652581e+00
5.975579466964113351e+00 2.844303293641921471e+00 2.088692543150613812e+00 -1.088745757561200733e+00
-3.980022959174426500e+00 -2.284145088952549418e+00 2.562287408773729958e+00 -2.437531768605065707e+00
7.371915331490708212e-02 -4.932645189719956136e+00 1.928126930987132504e+00 -2.217886253449695033e+00
-5.414007208008625227e+00 -8.575275265723831808e-01 2.577605283018718385e+00 -2.422326849828016382e+00
-3.955487258502183412e+00 -5.568444589230099773e+00 1.523530117517298610e+00 -1.481381603024729099e+00
5.340291714443555549e+00 -4.023811047848807831e+00 2.624871481955097341e+00 -1.626711657158969926e+00
-3.806928191221065294e+00 2.439859517992095661e+00 1.601491805079681807e+00 -2.600829485634909233e+00
3.495420821321824079e+00 -5.977656628800813721e+00 2.104223704916703408e+00 -1.105389898514161473e+00
-1.765475789779202387e+00 -7.284016587107364771e-01 1.346897092582978406e+00 -1.855638461149881957e+00
-5.479499730363368570e+00 -4.535546202206102606e+00 1.291308859719264346e+00 -1.877899580078060460e+00
-3.086847489088335728e+00 4.477098514207876079e+00 1.946789835296541371e+00 -2.232776203099088974e+00
4.796837659178907032e+00 -4.065228573191749462e+00 2.794955976243013396e+00 -1.949144411293143087e+00
-7.912798054195659958e-01 2.507289334936686487e-01 2.176469217996856553e+00 -2.680956110157313610e+00
2.467325048171348456e+00 -5.477735571902968559e-01 2.325141056285189745e+00 -1.333130766432813807e+00
-4.562845755971888906e+00 -1.540554443732580658e+00 2.988387086848929730e+00 -1.995495055339598700e+00
2.303181189186874533e+00 -2.602639050342283600e+00 2.381634637049463876e+00 -2.573861924658054079e+00
-3.464334385971067576e+00 -1.860624076486495859e+00 2.303939838897151038e+00 -2.271031798671136137e+00
-3.095819343806764934e+00 -3.319605043518333076e+00 2.008102420346262740e+00 -2.983166726789369338e+00
-6.050433573544526489e+00 1.335907399165143339e+00 1.775677838562502053e+00 -2.226459353805217756e+00
-2.287290825782624992e+00 2.168733285234793584e+00 2.623273095100221664e+00 -2.369707187835746964e+00
-3.639440073927648012e+00 1.549366555947192303e+00 1.522574283342732704e+00 -1.981172975909472944e+00
8.221084508915943445e-01 -3.170683518915256460e+00 1.978691543050164148e+00 -1.319609894369045522e+00
2.718447820922021307e+00 -2.809023293819672418e-01 2.113835951806249280e+00 -1.123935371032886987e+00
-5.864667026820976403e+00 -4.773710579849010927e+00 1.594356810543462233e+00 -2.055993954381801547e+00
-1.077402986294002218e+00 3.636698737553301086e-01 2.313281645340586223e+00 -2.442641583169729458e+00
-4.618296586990918051e+00 3.081688262620064123e+00 1.940396254862893022e+00 -2.093785088016312912e+00
-2.794400090694913796e+00 -2.508201290691509211e+00 1.798606795692359483e+00 -2.757930707301831763e+00
-1.519815867141989685e+00 7.932174647876255591e-02 2.079135642834761377e+00 -2.050798149944934146e+00
-1.622911588835067143e+00 -6.218431248412489509e+00 2.064620960306842612e+00 -1.948017499937594765e+00
5.678422147049820623e+00 1.522657669477373688e+00 2.567908607149886890e+00 -2.039585337202510562e+00
-2.659062905087758999e+00 -3.426064508283333865e+00 2.130227918613005755e+00 -2.850222647627644879e+00
-8.618213576492861350e-01 1.018905578386550381e+00 2.646340087707070854e+00 -2.341347535147307646e+00
1.156633020423304181e+00 -1.291109793211191459e+00 2.879880678117625603e+00 -2.111090938759016655e+00
2.366894607935705608e-01 -4.519922222822833291e+00 1.769844011928031424e+00 -1.814052302566084629e+00
4.047850816776154659e+00 3.887594886833925401e+00 1.465719764172470629e+00 -2.452906240917367864e+00
-5.818626119230172478e-01 3.537176976930416217e+00 1.788220365883734342e+00 -1.229079323245049871e+00
-5.587331074248535145e+00 3.919935575119490423e+00 2.450075364340838835e+00 -1.453475627500113720e+00
1.619785556861718767e+00 3.906113238964556089e+00 2.691360633701987304e+00 -2.035342086775023596e+00
-3.981134758848920097e+00 -3.287195659702545569e+00 1.892004768236974943e+00 -2.660737423134789559e+00
5.731315985076042452e+00 3.431669148939903380e+00 1.850042549604428599e+00 -1.184029926003706379e+00
2.790432959938090818e+00 4.051482562744332938e+00 2.271555748190526636e+00 -2.576373171603934864e+00
3.525233597356498549e+00 -4.829215595911653836e+00 2.371747819380280120e+00 -1.891912011312266939e+00
5.348205089010944491e+00 -1.599961995594317621e+00 1.195754850174063799e+00 -1.982682879577748025e+00
-4.896170376696716176e+00 -1.393174735827099830e+00 2.967691347466907992e+00 -2.032289680992139580e+00
-1.142859943400270417e+00 -3.067562017355820458e-01 1.725262372020063939e+00 -2.395621446170543845e+00
2.284821263748009201e+00 -5.061194664057970805e+00 1.289776852187955569e+00 -1.776177671402890956e+00
6.872272717265524022e-01 2.862258234516836808e+00 1.825086840746297012e+00 -1.256954444510485214e+00
-1.581226661532224576e+00 5.860829231908956771e+00 1.590111671687931993e+00 -1.990486396206720743e+00
-3.267001596930349194e+00 3.403887448374721458e+00 2.032433059584786150e+00 -2.958212692399899701e+00
-6.768811108769261509e-01 1.514246405911648274e+00 2.625363549456146917e+00 -2.044058872388799575e+00
4.133582317043519083e+00 -5.463871607461090463e-01 1.565031337200750716e+00 -1.532617513253946129e+00
6.558699203237550179e-01 5.857781562687875976e+00 2.251677674024223030e+00 -2.721882337574736965e+00
-1.814423848170092057e+00 -6.963366781100122083e-01 1.377529813794414748e+00 -1.814933201032895127e+00
-1.348677224444572609e+00 5.013492945634411058e+00 1.068452243143844571e+00 -2.065334560199565850e+00
9.519171767242449178e-01 -2.287625130192072476e-02 2.018631749468422942e+00 -2.579970771056257384e+00
1.143340741495550539e+00 -1.707713357478066740e-01 2.154651682413136982e+00 -2.408526518977029074e+00
2.162016510597158714e+00 -3.576411641734985380e+00 1.650255591934327803e+00 -2.505508752818859541e+00
-3.294811362655223785e+00 4.386693583628815674e-01 1.935176949861712181e+00 -1.105288198330838023e+00
-2.493484392889774970e+00 3.083763145271602113e+00 2.034891024470126375e+00 -2.795894535388506963e+00
-5.477084094077509846e+00 -2.457399460596206175e+00 2.456081708111383488e+00 -1.463503292597256866e+00
5.891730505957459840e-01 -6.156721177815001056e+00 1.929914375430797246e+00 -2.824760966246177674e+00
1.432138440087186382e+00 -6.042879890618967131e+00 1.764284946924477016e+00 -2.134242473595853617e+00
5.587874412330807061e+00 5.640553940713447290e+00 1.616071372193984557e+00 -2.614684126699058808e+00
5.394695122077866500e+00 -2.161566530705884226e+00 1.355422617157894027e+00 -1.648763872413595788e+00
5.878481217242487844e+00 1.167167905398061478e+00 2.362106052733433881e+00 -2.361030384400606419e+00
1.317527658371360211e+00 -3.174280855543336610e+00 1.968360233891322864e+00 -1.749564171860064743e+00
-1.500892038791299399e-01 -5.214645819651977376e-01 1.925513367432686085e+00 -2.857342473429508978e+00
-5.600354007269798373e+00 2.981424742296415076e+00 1.899366883428661001e+00 -1.234140398228076085e+00
-5.837998672162747482e-01 -5.403009187180566109e+00 2.424891898218710651e+00 -2.531509206575031090e+00
-5.075577098134187004e+00 2.024662362074057143e+00 1.159868169171746510e+00 -1.844240256911708453e+00
1.422385296562289625e-01 5.709327106860410339e+00 2.076957806169188014e+00 -2.831331558132284432e+00
2.103740879314313972e+00 -5.488894949485388253e+00 1.385566925089516843e+00 -1.643947816411475138e+00
5.770057707476942355e+00 4.598606382651677649e+00 1.512269865058529117e+00 -1.901084830738799969e+00
1.159001624078786818e+00 2.623486105869870855e+00 1.546163700249252315e+00 -1.652275398620439484e+00
5.137681688927171919e+00 1.605162286684755024e+00 2.910380151224397416e+00 -1.985823827603194536e+00
1.336976559584371671e+00 -4.938531624233554851e+00 1.051980142267649132e+00 -2.051950673300831696e+00
-1.306152296290183479e+00 -6.265801618402790041e+00 2.016777642281087690e+00 -2.261526187452427727e+00
-3.371536796992616658e+00 -2.460511808138279299e+00 2.143507949909920107e+00 -2.756444144605514346e+00
-3.211642730453301287e+00 -5.830371002722027463e+00 1.969378293502700217e+00 -1.102985926151527796e+00
2.830628762684169075e+00 -8.509760049312573571e-01 2.230071088226350806e+00 -1.372368635182042773e+00
8.550731729977583129e-01 -6.184110740530554651e+00 1.925358706641527196e+00 -2.652945553201228712e+00
5.531838104463927763e+00 4.697713700527279101e+00 1.317449630545324046e+00 -1.989276132144307541e+00
1.085862173145748066e+00 4.325784105294982140e+00 2.819409515090600671e+00 -1.824239944742775288e+00
-6.054265911480039009e-01 -2.226389693088138166e+00 1.548871984381405831e+00 -1.498726249086825169e+00
-1.904106878779299628e+00 5.636523659461282421e+00 1.430634918333163919e+00 -1.738883196888190152e+00
3.400217966796597935e+00 -9.374295663801355261e-01 1.793853945779187553e+00 -1.427822014276698859e+00
8.683454911569397083e-01 1.749074160329744387e+00 1.248836245397817679e+00 -1.885425606834276735e+00
-5.044658427079271590e-01 5.271685550647321250e+00 1.590307307752117927e+00 -2.464495950002937086e+00
4.477750088400842543e-01 2.280772866815032884e-01 1.902105349866245687e+00 -2.878068720590446716e+00
6.000380892583942583e+00 4.308441587484898250e+00 1.743409107222784193e+00 -1.622562219645957704e+00
5.800261626495508693e+00 -4.318014187390136982e+00 2.428724001845576907e+00 -1.659709213958298069e+00
-3.503995279529781737e+00 2.834640630310103049e+00 1.892879623602521599e+00 -2.891342632819723590e+00
-6.023677194336306329e+00 2.397472204760505932e+00 1.826194905720967876e+00 -1.288949479447023094e+00
2.899176043740794739e+00 2.950756917364239840e+00 1.954467567442162546e+00 -2.953137569100821036e+00
-5.867557732779857815e+00 2.177259867584018238e-01 1.912782962709575152e+00 -2.893264272644235913e+00
1.743731670167591119e+00 -2.536052433136307904e+00 2.560715994807766904e+00 -2.141478865321241987e+00
9.543718100207305710e-01 -4.088363305400366521e+00 1.337829210643167510e+00 -1.662199678020806592e+00
-2.989311499083881607e+00 5.213323315931731372e+00 1.866944629812936185e+00 -1.525312297948880680e+00
-8.951189032577548943e-01 -1.259129070438234521e+00 1.257307768072725151e+00 -2.191784391693561762e+00
-9.568656802302966113e-01 -4.808892670009395687e+00 2.813586744505026438e+00 -2.055508055033479220e+00
3.690714188975467991e+00 2.553706375929259309e+00 2.289468654833132444e+00 -2.709780086628796880e+00
4.530819675774859334e+00 1.328415633427624698e+00 2.954811362776868400e+00 -1.956659805540535313e+00
-3.646210986451648761e+00 -5.211136629816857990e+00 1.575422243891811735e+00 -1.581292893599447469e+00
-5.390519872881752050e+00 3.837419557261219083e-01 1.708442797086114240e+00 -2.581712332186379300e+00
4.643129812603950413e+00 -1.659797799756213443e+00 1.006345985753825056e+00 -2.006151112776478840e+00
5.088730989851965703e+00 1.544331954739149637e+00 2.929689587820867303e+00 -2.009725075857280441e+00
1.809434208355037654e+00 5.764708455102372398e+00 2.481514061110956515e+00 -1.794686825610511294e+00
1.911386062497161475e+00 -2.793620017663656085e-02 2.026328059430728690e+00 -1.666087330128037891e+00
4.353099762300352893e+00 3.933950867824504982e+00 1.333452948013741590e+00 -2.246888604746337226e+00
-7.715561369932251168e-01 4.671997332069359743e+00 1.303317137836076167e+00 -1.971054067649387509e+00
-1.218266082463452804e-01 -4.386481448928793547e+00 2.115128445053749751e+00 -1.682204313118899286e+00
2.506730503523549203e+00 5.984428183029784520e+00 2.174558821983403334e+00 -1.230512387331348378e+00
-1.464717072682083732e+00 -2.730676720847999839e+00 1.602796174118801042e+00 -1.902933561731728451e+00
4.649709786684738333e+00 -1.977808701392754998e+00 1.083495655177773909e+00 -2.024796414548710288e+00
-6.029113431716042193e+00 -5.158563686332707121e+00 1.773258600411062869e+00 -2.417664863928016938e+00
-2.033754591834550318e+00 -4.996216062457062179e+00 2.858937590932583817e+00 -1.874938725545035156e+00
6.134085813362402106e-01 3.017154490502393926e+00 1.928550910579294841e+00 -1.188632150723500924e+00
2.279445514916902837e+00 -3.054675545615641585e+00 2.065908034005103922e+00 -2.648352024973035235e+00
9.570212892962297602e-01 2.000270538353564831e+00 1.256759977591994648e+00 -1.760175401394996619e+00
3.226775590483876854e+00 3.714498121149031107e+00 1.953880206696185340e+00 -2.837282612137807636e+00
-3.358436320342633952e+00 -2.330140696775572451e+00 2.156044367721064781e+00 -2.672323624428555533e+00
6.544349258684487580e-01 2.523505239052257210e-01 1.848016592086694665e+00 -2.768263881439476215e+00
-1.903561743853252608e+00 2.786701885761075914e-01 2.259987355712762991e+00 -1.685943795033144177e+00
-3.092060511911354226e+00 -6.234674699399944231e+00 2.002400909958663711e+00 -1.002401431724371239e+00
-3.191064130033505197e+00 -1.316537889786700610e+00 2.047861444229909011e+00 -1.748779979082742075e+00
5.987366220077628753e+00 -7.506678210555701725e-01 1.801143907495684315e+00 -2.699471401123995307e+00
-5.511538925209018558e-01 -5.663048152407762714e+00 2.304329485621622098e+00 -2.693292112540624395e+00
1.061557590542353324e+00 3.667866846741560494e+00 2.438579370027145643e+00 -1.578455262916485413e+00
-4.421592345374696365e+00 -3.239879338526729047e+00 1.905991334640000368e+00 -2.285331744459234926e+00
5.576302814024520771e+00 3.654805280656285404e+00 1.681125940186151801e+00 -1.337569522763436769e+00
-4.405162523159576793e+00 -4.808954448820930594e+00 1.051264679131025170e+00 -1.970842409445388022e+00
1.829289642257007742e+00 -2.728952599336209150e+00 2.387705479515251028e+00 -2.234168468233173499e+00
-4.123615573320728700e+00 -2.635820834279231306e+00 2.402906766095623148e+00 -2.485813083369662113e+00
4.604096094170090581e+00 1.927947170639271235e+00 2.931408417269051547e+00 -2.037785918327039703e+00
-1.759567535904782432e+00 -1.193357678475849504e+00 1.086902382618281981e+00 -1.930842588261779680e+00
4.968565557651777098e+00 2.226021267955763605e+00 2.767034902237565763e+00 -1.845603740797230330e+00
2.254316077320787315e+00 -1.891989089707790228e+00 2.735702715267656959e+00 -2.199371837493558246e+00
2.725139125177907573e+00 -1.609516474943353259e+00 2.404216451436475221e+00 -2.035401862626386116e+00
2.891798709436228521e+00 -1.593215288098231319e+00 2.247142182880364381e+00 -2.021721332858525066e+00
-1.069940135221244759e+00 5.954181348579322020e+00 1.716585303888801928e+00 -2.454422286525177022e+00
-4.368639610665949746e+00 2.976384610863485491e+00 1.845163604034784299e+00 -2.332430673198633286e+00
2.562139504804974877e+00 -4.827572317088499432e+00 1.456061888594531339e+00 -1.903831912845449281e+00
3.759890601445327718e+00 -4.930821339603109976e+00 2.565875641330640278e+00 -1.823418896397181577e+00
-9.539259050260229245e-01 -2.061166992030388556e+00 1.280429727123698846e+00 -1.727560703182664081e+00
-4.952329314587732512e+00 -2.305919640088614386e+00 2.720498572752656496e+00 -1.840616798506827800e+00
-5.838807833649621415e+00 -2.015255734045338976e+00 2.388128603558542729e+00 -1.611789462721071375e+00
5.394635051389425229e+00 -5.071148045582328123e+00 2.726742960931731741e+00 -2.221389792979709288e+00
-5.427741264383949549e+00 6.866900588655644455e-01 1.521431747577489446e+00 -2.507226553270492708e+00
-5.611799539965599770e+00 3.381289770766855440e-01 1.793644800325939315e+00 -2.738626788400284617e+00
6.054846685346706892e+00 -3.136588563288396081e+00 1.998867280940691549e+00 -1.025968387485318711e+00
-1.240809707548686802e+00 6.037960922037797218e+00 1.770324460543811540e+00 -2.314336312377788030e+00
-3.469264687308081019e+00 1.693774887731507306e+00 1.680590845203554062e+00 -2.116142113290598203e+00
1.488866851522643309e+00 -5.743784019667607765e+00 1.488100486741829487e+00 -2.070218211634370142e+00
-5.201979583821314534e-01 -1.792631979261597230e+00 1.515128231936203385e+00 -1.809083494081191068e+00
2.901019626350690217e+00 5.915385769687777184e+00 2.085669190923673533e+00 -1.093751572370626368e+00
-6.116846046811699189e+00 5.435724401064710776e+00 2.124114079994309456e+00 -2.652752866755515804e+00
5.621824642048528275e+00 -5.694999306759065405e+00 2.340785695618082141e+00 -2.656538233016306982e+00
2.234508502743262071e+00 5.912398125445800900e+00 2.285426401091223525e+00 -1.425819743252884075e+00
-6.087073717509168702e+00 -1.889272748914709865e-01 2.036595178444823961e+00 -2.963379014476756002e+00
-5.000852396047723580e+00 5.307381267483112453e+00 2.793935314472372422e+00 -2.159451413832847777e+00
-3.575035966330960768e+00 -4.274510191611263998e+00 1.619627333281032477e+00 -2.384808128207722699e+00
2.507934172167278319e+00 -3.596051088820826358e+00 1.740083772455184530e+00 -2.724070365823521023e+00
-4.968392480643719189e+00 1.754544851090479085e+00 1.048875998676667365e+00 -1.953733256606692725e+00
-4.727217513229907908e+00 2.153668310147264009e+00 1.165206501089495639e+00 -1.991838319044704875e+00
5.534631054449997478e+00 -2.059599663272523529e+00 1.399118857382833259e+00 -1.655958689264670047e+00
5.646306846482886499e+00 -5.336195315925235327e+00 2.482685646733546303e+00 -2.469613893869329058e+00
-1.166369086260907295e+00 -1.267178421056052606e+00 1.122721146706078699e+00 -2.117644187459920335e+00
4.731304450898498715e+00 3.996524387837673942e+00 1.245608861694476044e+00 -1.987587084040062457e+00
2.095652352429636878e+00 -3.421074999913117587e+00 1.761273462331000683e+00 -2.481645365761884214e+00
-1.172023342189252304e+00 4.769207611787415146e+00 1.079949003996513834e+00 -2.022050117949623971e+00
-2.545482348329041411e+00 4.898291550020850593e+00 1.448245594214054854e+00 -1.847045432263249465e+00
-2.493185089507417462e+00 -2.590613927574798581e-01 1.845292304641039660e+00 -1.229550255127183744e+00
-3.557577416091483258e+00 4.972403414221737705e+00 2.390507903275568946e+00 -1.764830819097102932e+00
-3.479858834161252190e+00 -1.861167500420531695e+00 2.317959926880396093e+00 -2.270083229146815373e+00
-4.126423174289471696e+00 -2.248840111154501109e+00 2.648880392600172939e+00 -2.346883424616538871e+00
-4.791208788603078972e+00 5.002199108373224234e+00 2.955322949920780928e+00 -2.022501043283333022e+00
-1.036896795047643316e+00 -5.055747873567156603e+00 2.810581886382965244e+00 -2.171320100822318189e+00
8.369385570150944531e-01 -1.731783360081241341e+00 2.732994130842427261e+00 -1.892645764072194092e+00
5.826558088532788560e+00 5.488746121177738857e-01 2.230041852385367118e+00 -2.765706373165289556e+00
-5.510311766833764224e-01 5.815343348438018367e+00 1.763892028514280952e+00 -2.760433800586980180e+00
-6.224180213133140072e+00 -2.042319453966570109e+00 2.052535810596042953e+00 -1.546546786936962459e+00
-5.705040387599771279e+00 -1.941433180048466767e+00 2.509364173097609285e+00 -1.696657893860626709e+00
-4.831966829195299518e+00 5.066127875384866641e+00 2.931385311381529135e+00 -2.041324032189199666e+00
-2.845754719080367146e+00 -5.063876180337878452e-02 1.985243008900735351e+00 -1.044667995968447505e+00
2.745541084131648546e-01 -6.249215719543946612e+00 1.990792012199880556e+00 -2.961990878999936960e+00
-2.718067380103050823e-01 -2.086829912410506083e-01 1.944380155948789435e+00 -2.942388513703508846e+00
3.724565115721182096e+00 -4.504962364519299989e+00 2.538707246814400520e+00 -2.171926858207779976e+00
-4.256110121813124536e+00 5.319420932402309177e+00 2.737319730335676660e+00 -1.748661473657768806e+00
-1.472677361638460525e+00 -3.409928007832923491e+00 2.263851522857819987e+00 -1.905544092034165971e+00
-1.800674321685633572e+00 -4.826762194276828843e+00 2.967332581633883137e+00 -1.973995845825569306e+00
-6.131933669450626567e+00 -3.557913369306808349e+00 1.939067061244336587e+00 -1.095858532342214531e+00
-2.319395747190149404e+00 1.493213668805332794e+00 2.730439032158512358e+00 -1.947249166534604559e+00
5.959679336434017927e+00 -2.097678680696681397e+00 1.725220318085792570e+00 -1.523243045703022158e+00
-3.931629168042943601e+00 4.105255776127290090e-01 1.716493938720113022e+00 -1.354660133234174335e+00
8.599663640875423454e-01 -6.071169606727253587e+00 1.840531131274068866e+00 -2.637853487776122829e+00
1.478251253659835562e+00 3.941802165965361482e+00 2.714431680521399048e+00 -1.935629114046369503e+00
-4.546727127946942559e+00 -2.512910710019330196e+00 2.580028080027079174e+00 -2.133375841585929411e+00
-2.177740946841693059e+00 3.234133206772067837e+00 1.924096142344920768e+00 -2.567919982992602712e+00
-5.283881345368735438e+00 -3.666197759375439791e+00 1.578719837731088038e+00 -1.531849756253967687e+00
-3.676039447797548210e+00 4.799052994242559933e+00 2.507453421108366776e+00 -1.925514556470907079e+00
-1.595490955577087533e+00 -5.440782836951116863e-01 1.482528138025240638e+00 -1.978873305437249819e+00
2.144298710466490121e+00 -1.127183806764743501e+00 2.758699174242051022e+00 -1.767123009108710452e+00
-5.264035183250740602e+00 -3.613656391933989465e+00 1.612727338294870805e+00 -1.533228851356661426e+00
5.379428186762865494e+00 -4.985102406600184111e+00 2.756621785205308761e+00 -2.166634014668241015e+00
4.160077579809060566e+00 -1.553339687781816636e+00 1.148815602749660769e+00 -1.990841728533269794e+00
-1.276312747907293321e+00 -1.907676309693084882e+00 1.096837585413071636e+00 -1.904061007512977355e+00
-5.053635252456635030e+00 4.995669715641394504e+00 2.904780122060501402e+00 -2.093540346558645737e+00
3.759337390406916057e+00 -2.776314043150220900e+00 1.793104888166721311e+00 -2.761404234711716477e+00
-4.462974680611201173e+00 4.508530633883557570e+00 2.948990650790865864e+00 -2.049971856218125055e+00
-6.139583626917191062e+00 -6.276324509941508367e+00 1.999018168318177358e+00 -2.989683692104480706e+00
-8.241449893769452473e-01 7.499912307340350637e-01 2.500295878386460835e+00 -2.496955991279729226e+00
1.925178280748417237e+00 -5.061005299468681606e+00 1.118554704697998226e+00 -1.881461916528681666e+00
-4.796905037510021508e+00 9.693728956417189124e-01 1.178411995935526146e+00 -2.047763687529446930e+00
5.456494023865543497e+00 -3.888450827207631022e+00 2.499784078033727486e+00 -1.502969048625262705e+00
-5.438101514533335568e+00 3.548000285763484030e-01 1.740133379410801595e+00 -2.622332655781662414e+00
8.792049978726383941e-01 2.323954695856089714e+00 1.438090762027333769e+00 -1.563803889601806496e+00
5.791019105161142377e+00 1.528892965429402118e+00 2.472121293306019041e+00 -2.036919100118027348e+00
4.789084017216032052e+00 -2.067190966593073220e+00 1.123279470002271685e+00 -1.963509140854752921e+00
2.049301139279602779e+00 -1.350020419734229371e+00 2.866138351103947990e+00 -1.899167011480498823e+00
-1.579640748028833031e+00 6.280779828853674474e+00 1.997594618076008910e+00 -1.991155719660972601e+00
-2.675989522454414349e+00 3.960912418941569868e+00 1.671951869701497895e+00 -2.610043671815067690e+00
5.076612099882797935e+00 -2.183160183096751084e+00 1.235387729794449774e+00 -1.795241534380512594e+00
-3.602627943098011709e+00 -4.039083244266654660e+00 1.652212062239797996e+00 -2.558467865375486650e+00
-1.464435895790112241e+00 -1.702182431431012333e+00 1.014220981653859877e+00 -1.986092144173829288e+00
1.924015961942123099e+00 4.145612598571467800e+00 2.791553308263740263e+00 -2.185729982712362851e+00
-5.392609409159397238e+00 -3.398355716189144005e+00 1.802569782103797147e+00 -1.391654889571704468e+00
5.595824104840582791e+00 8.357403885440417568e-01 2.470667667523330557e+00 -2.518344322924273015e+00
-4.265794965837036656e+00 2.964330132951371155e+00 1.840958753791027913e+00 -2.425128336630275605e+00
1.709793648929650800e+00 -1.953687849404970756e+00 2.918642026586565574e+00 -2.051762923861761401e+00
1.526542614885953775e+00 -1.203310185665448451e+00 2.932319780019305711e+00 -2.015893866605875218e+00
-6.030506429642197297e+00 -1.659670970906642395e+00 2.249011983327954933e+00 -1.914060704417247516e+00
3.943299700359187199e+00 3.324583820245553767e+00 1.869245327682427016e+00 -2.683869231916233833e+00
1.639257120546624868e+00 8.572475644750348067e-01 1.245727149312104487e+00 -1.955225973402580530e+00
4.797028033674587633e+00 -5.496078078927881805e+00 2.705778653573868375e+00 -2.059675166166349936e+00
-4.633354947874313012e+00 1.875179199197400948e-01 1.814161022159721526e+00 -1.922432248051522130e+00
2.643537900294159471e-01 -5.906818424406034218e+00 1.903966038467904465e+00 -2.897699128649053435e+00
-1.752436170752011968e+00 -4.242935161522193077e+00 2.877144068442921032e+00 -2.081722615730026593e+00
-3.658362577366787161e+00 5.200063906685281623e-01 1.754501489732824160e+00 -1.245503747621574231e+00
-1.943368095250476379e+00 5.769751703066718918e+00 1.542526123021029871e+00 -1.682922589190005924e+00
2.458301851497052937e+00 2.702430641327886462e+00 1.731562542148044059e+00 -2.701910816460134868e+00
3.010284071553744667e+00 -2.952598230013540270e+00 2.024598287052140400e+00 -2.973738346126939547e+00
-5.553969372109698099e+00 -4.245922027015856415e+00 1.404898883940731702e+00 -1.664635049487483753e+00
5.504818037857983626e-01 -2.305394184352747011e+00 2.388191155705764235e+00 -1.428731245308416220e+00
5.880628744707298239e+00 3.408319687680776866e+00 1.896738498694903408e+00 -1.112472157498745950e+00
9.704830664238448534e-01 3.039033525938874547e-01 1.753073768335926985e+00 -2.539014795150352999e+00
-4.636296700778124169e+00 3.432002138290190629e+00 2.285516014637149151e+00 -2.072835710522176633e+00
4.546198063425936908e-01 -4.425858966017180762e+00 1.578782029116710728e+00 -1.746081398733472234e+00
5.808032551657193565e+00 -1.967997577287423638e+00 1.578141336034025066e+00 -1.656013920475506218e+00
1.620833649089682638e+00 -1.697567934170447046e+00 2.990733673818309235e+00 -2.006323695241275740e+00
1.483025619012034113e+00 6.074913324954209770e+00 2.205973600876567797e+00 -2.085763739053435817e+00
1.258754786204354659e-01 5.820708879810688074e+00 2.056013135769405586e+00 -2.887869621218058569e+00
1.100809481560486525e+00 4.889071562987361119e+00 2.877694390659151669e+00 -2.079599394199861617e+00
2.508524716511706387e+00 9.765254261939109170e-01 1.509808345426097986e+00 -1.548595649687545261e+00
-4.285514602679614704e+00 -4.086935529878891415e+00 1.262050813823069273e+00 -2.242398696831349181e+00
-2.646401085151378840e+00 -2.714336344717631189e+00 1.803088760373416033e+00 -2.800782047993491286e+00
5.584148143326657987e+00 -5.026371550992227100e+00 2.612021896203552185e+00 -2.236412163081475502e+00
4.983151489326960615e+00 -3.247690017530373563e+00 2.102040252909417983e+00 -1.734037732419272171e+00
2.692235571036075470e+00 -9.587342379994518993e-01 2.355530160215233870e+00 -1.482481763333616920e+00
-1.536215694374425844e+00 -4.355895147290663516e+00 2.936565939467989494e+00 -1.987934087234192626e+00
-4.241238867821405023e+00 -1.208976076566039559e+00 2.833355151758051971e+00 -1.839325710417733628e+00
-1.585710875402454256e+00 1.965172598154518724e-01 2.195233099359505946e+00 -1.985373060769427545e+00
-3.101490930566219273e+00 -5.798660663333173204e+00 2.018673886182936528e+00 -1.115814962815093070e+00
3.665924946034806453e+00 -5.903237849455639008e+00 2.185671381554953552e+00 -1.196076776190861057e+00
-1.806089561048507264e-01 -9.185468998813464125e-01 1.857245429882755872e+00 -2.597102837199976033e+00
1.087153601759399457e+00 1.823725109232343655e-01 1.839437864508937981e+00 -2.457295585313930442e+00
6.161780939641753108e+00 -5.919356845876396100e+00 2.043096264840677190e+00 -2.927662643219388627e+00
4.572344394143545543e+00 5.413827669169162249e+00 1.243564329322998763e+00 -1.909921910782514054e+00
-3.100229156159725274e+00 5.884660585425999457e+00 1.983953095298799374e+00 -1.079153825870230232e+00
3.443780348567685223e+00 4.704848115947809717e+00 1.702398979034687176e+00 -2.007199102261404633e+00
-5.599053310489603419e-01 -3.463120688875336750e+00 2.167838339002058134e+00 -1.196115922108617058e+00
5.735363463168368980e+00 -3.951898651306647636e+00 2.377339676971715665e+00 -1.411591307590232880e+00
1.408636396014390613e+00 1.232408674347178490e-01 1.878683589817194743e+00 -2.160225649197339948e+00
-5.549857672524922236e+00 4.764832688463487287e+00 2.668425352528100536e+00 -2.038945257054575411e+00
6.014495471327107268e+00 1.536000785966405324e+00 2.265307820962902507e+00 -2.033540291512811127e+00
3.137878317715392384e-01 -6.019918972364789234e+00 1.919674672410728089e+00 -2.918398733012604662e+00
-5.568811310006070769e+00 -3.374952861985400787e-01 2.216934570122893078e+00 -2.712883289835590350e+00
-5.790736986153278920e+00 -5.529903039157766820e+00 1.676597915515711801e+00 -2.642773166074784630e+00
-2.365042698010695332e+00 3.436343718097885969e+00 1.796409884950926461e+00 -2.682572682581145784e+00
-4.772750772403396624e+00 5.123723455445757580e+00 2.914918763722066153e+00 -2.024119973919326743e+00
5.397624584543155635e+00 -2.587708978638944224e+00 1.592738483711920061e+00 -1.461763938482259162e+00
5.330136260685993221e+00 -3.221038815876030803e+00 2.064695237397142336e+00 -1.422626658025370361e+00
6.268696364395474063e+00 4.487764068984837706e+00 1.985875546649732648e+00 -1.777282667221364632e+00
6.100865209860016236e+00 4.893946757167336514e+00 1.821668407016719282e+00 -2.177569272520191834e+00
1.291362669299045862e+00 1.537928086786982895e+00 1.039307365873956890e+00 -2.009063800413043221e+00
6.137086647409265794e+00 3.419009290529029244e-02 2.004976406023042390e+00 -2.988768362528029687e+00
-6.076724492676478739e+00 5.312516243762125612e+00 2.169176732145576825e+00 -2.552753716047817090e+00
3.124799205350097253e+00 5.592371412346707871e+00 2.010699689211377095e+00 -1.229380992435149755e+00
-2.457122459712500984e+00 1.144361325697681231e+00 2.575641055459851003e+00 -1.679540231422306906e+00
-2.611951211435991294e+00 -3.205813349229133635e+00 2.032423534925079434e+00 -2.861209279240939374e+00
2.475540349522692196e+00 4.803918301153593973e+00 2.615300463451604163e+00 -1.928133956629515922e+00
2.387924829724047626e+00 -2.640025453519738274e+00 2.329020237304200158e+00 -2.639370344424155412e+00
-4.630923721873875465e+00 1.727401922952987334e+00 1.015513488576323287e+00 -2.012691781410090641e+00
-3.293735947291965616e+00 -1.695204940786532610e+00 2.150385664315060730e+00 -2.122654540111302612e+00
4.626008469691825553e+00 -2.874531180675398367e+00 1.737085716197232621e+00 -2.083214791550900724e+00
3.126365448749950815e+00 -3.804349645922858514e+00 1.990631176801828994e+00 -2.788207484028461636e+00
-2.096759858410641719e+00 -4.870381971911561081e+00 2.854069057070368842e+00 -1.921009747936863299e+00
-1.278991852928393236e+00 -5.271190305235533557e+00 2.812047741720372418e+00 -2.152519841617646534e+00
3.006674813237211197e+00 -5.785361968363852192e+00 1.935770090360145135e+00 -1.129360567146108441e+00
9.744334335453537221e-01 5.492974750876927104e+00 2.587857405966413449e+00 -2.395221496879454737e+00
-4.623568536509789162e+00 4.742533054172389129e+00 2.995605549547296853e+00 -1.997326513904223333e+00
-2.869495951024373603e+00 -5.897887210493838239e+00 2.101006360078417234e+00 -1.107406798614300136e+00
-5.102694033286812925e+00 6.025913113594993931e+00 2.235307553563348204e+00 -2.367948363098808517e+00
1.090564261118298184e+00 6.220425433684457772e-01 1.483213771767366573e+00 -2.375450579295743658e+00
4.925054131549998715e+00 -5.547613780484860868e+00 2.655894395108461481e+00 -2.156494150964241907e+00
6.150104643647146929e+00 -2.132927334906560723e+00 1.887729704978714063e+00 -1.471722294647732632e+00
-2.742860385052858341e+00 3.495607362815482233e+00 1.865406663775133866e+00 -2.864407000318674790e+00
-3.278106794120816403e-02 -5.780620936588528380e+00 2.015786973654284164e+00 -2.875879432865221297e+00
9.339986230482804075e-01 4.549812765063212083e+00 2.793402095555848064e+00 -1.903753600185260630e+00
-6.135981783903048381e+00 -4.894888986053627988e+00 1.855763306945313662e+00 -2.179525846932185651e+00
2.418675984934848699e+00 6.257578202156778957e+00 2.016939159715324781e+00 -1.250366515960722236e+00
6.182795631177965490e+00 -5.155999433111047026e-01 1.950585277571014853e+00 -2.865616800174680456e+00
6.161857018512719719e+00 -5.029904129765339960e+00 2.114981006960188648e+00 -2.309911772113115269e+00
4.373200386510093907e+00 -1.951329561091084130e+00 1.124432722805989382e+00 -2.123578154902322268e+00
-2.794809861982344046e+00 4.694253537259994502e+00 1.660182009433618378e+00 -2.017054923837870550e+00
-5.375459387578551684e-01 8.525779992687194664e-01 2.385547693598249808e+00 -2.565238751952812812e+00
4.703441305103980952e+00 -3.184859423970350711e+00 2.043251540878671335e+00 -2.008939182222119424e+00
-6.041996463949609542e+00 1.127137131540569825e+00 1.784267254632037725e+00 -2.416822576951758617e+00
-1.198981470141822214e-01 -5.451926650277421516e+00 2.088366304942456342e+00 -2.669108043171902089e+00
3.583337174246505441e+00 -7.592809743003492429e-02 1.967570614967992126e+00 -1.098597356848341811e+00
3.002680837731563912e-02 2.814130609465559374e+00 1.990343599321079626e+00 -1.053565114829639437e+00
-3.157261114220915932e+00 1.143877772215126321e+00 1.985738429988429754e+00 -1.585982926572143903e+00
1.452164312824649528e+00 -1.258997779702276887e+00 2.945093731010435256e+00 -2.036307553919096236e+00
1.481282197430240366e+00 5.980133059942223994e+00 2.297239900990410533e+00 -2.085320924482682692e+00
-9.546388774905301133e-01 -5.536954158436670603e+00 2.554034409648960224e+00 -2.424327189826538831e+00
2.356047166936692250e+00 -4.808141027809861079e+00 1.296028592672570756e+00 -1.932406452143679454e+00
-1.268885230144509713e+00 2.912183321872506170e+00 2.217116955566698078e+00 -1.710444780467654580e+00
1.758299410741319235e+00 2.453835264066388078e+00 1.376320431944301426e+00 -2.144030870816692413e+00
-3.425408808940193506e+00 -5.458770231713841348e+00 1.794422251707456173e+00 -1.348177147130056763e+00
-3.812858494062035142e+00 -4.266689422474984283e+00 1.438783743819223471e+00 -2.337557920946057521e+00
-5.188286235760451781e+00 5.304409069135450849e+00 2.737607704974136080e+00 -2.255657611742204249e+00
4.551432841298000298e+00 3.392507716134346651e+00 1.754918807026904171e+00 -2.155243554145301665e+00
-2.164929283326219256e+00 3.508272226777613412e+00 1.702919966021997356e+00 -2.522577265887942399e+00
5.689411874007202385e+00 2.782278246075124528e+00 2.196735769120373050e+00 -1.224095608017663261e+00
-3.023185217888416432e+00 -1.589507474754110028e+00 1.881889734077630605e+00 -2.018579048836862899e+00
2.834902389180857796e+00 -1.548638857503386035e-01 2.046567522371620207e+00 -1.058071024000891036e+00
-4.481754768810761291e+00 2.160877158512571228e+00 1.191105073080441112e+00 -2.127196694913503716e+00
-2.729328203123218444e+00 -5.515649773815462176e+00 2.278221237833292445e+00 -1.340669009268072864e+00
-5.526369710261607615e+00 -5.141081514902993810e+00 1.375521522003477770e+00 -2.302211681789718689e+00
-2.600983814529645333e+00 1.211813638662076364e+00 2.481851073930535279e+00 -1.698778140413669480e+00
5.640187118911104136e-01 2.645577933458056918e+00 1.745577148731996875e+00 -1.256734231753086295e+00
-3.295633410932572449e+00 3.836058744376126484e+00 2.098192869530740357e+00 -2.759297055024481971e+00
-1.712660963080293364e+00 -4.606059000673675463e+00 2.984363106050060388e+00 -2.015005604473261158e+00
-5.760123085336008586e-01 -1.981184125507321703e+00 1.500543166017674013e+00 -1.665411492888582146e+00
5.666837640035044643e+00 -2.188528731758356827e-01 1.874497666738341506e+00 -2.796531342586359159e+00
-4.279924078190791903e+00 -1.046882257916265324e+00 2.786151987136205932e+00 -1.790330548869849103e+00
-3.161529639349800913e+00 1.034460274407239311e+00 1.982863567749001188e+00 -1.489111603646739557e+00
-2.958681437364198086e+00 1.261566058173556826e+00 2.173265462391957836e+00 -1.700751152353042084e+00
2.384698349810966178e+00 -5.413810376707665739e+00 1.475437408839289644e+00 -1.530881870065331496e+00
1.664267412590003659e-02 2.764133265692150232e-01 1.995458309288236753e+00 -2.961907222802478756e+00
2.042092672407246567e+00 2.585028651869539118e+00 1.529320068175318958e+00 -2.385515562284242108e+00
-1.300547216975324716e+00 2.491263845997202964e+00 2.583473040955690081e+00 -1.787521439782556287e+00
3.151204191522490206e+00 4.196937115346674574e+00 1.991637417237533514e+00 -2.492905285012399830e+00
-2.261731186993179321e+00 3.258239382071339563e+00 1.910309845723723532e+00 -2.632927412830833536e+00
2.135234297973402917e+00 -5.894350956355580706e-01 2.469666855355255652e+00 -1.555327665914965518e+00
4.984718480422010600e+00 5.368501902280820914e+00 1.236831757014934308e+00 -2.164086400752244455e+00
-9.985305109125190981e-01 3.806270363672524581e+00 1.481466365058385026e+00 -1.573746783125880899e+00
4.030878519633606771e+00 4.609200771694707655e+00 1.227508928331774829e+00 -2.064889846592821598e+00
2.704149330104941740e+00 2.268411871299500504e+00 1.675343978914298759e+00 -2.581903001832031919e+00
-5.157200370766156894e+00 5.433622488380169813e+00 2.677914169163323699e+00 -2.284123883699902713e+00
-4.840646102311323418e-01 -3.647389703463697508e+00 2.225479174375488256e+00 -1.225715314547619617e+00
7.209174934741726659e-01 -4.283294711882743577e+00 1.399766206078342456e+00 -1.687465049104749593e+00
2.853122351094478759e+00 -4.829735358870651751e+00 1.717470396651696429e+00 -1.887760361012262189e+00
4.923164724527239855e+00 4.765604582100332109e+00 1.023515377970253271e+00 -2.011128436259510543e+00
4.553029139996001007e+00 1.113870528555394479e+00 2.886041989507139860e+00 -1.929989022426191525e+00
-1.664266624450794652e+00 -4.159149410517969159e+00 2.847112767227853780e+00 -2.049042137611174930e+00
2.921436559249857012e-01 -1.530016255998251751e+00 2.287766266076502131e+00 -2.039041342669522194e+00
-8.745887389969846382e-01 1.259312041265743254e+00 2.730358105815757774e+00 -2.196544207738584831e+00
6.212823554744568710e+00 -6.130238038225066077e+00 2.010710886353609617e+00 -2.985880867661957261e+00
-4.806236446167198473e+00 2.608959148679783624e-01 1.743188825848227763e+00 -2.090538561409599705e+00
5.561669541641375503e+00 7.435996765433232625e-01 2.447135940541026233e+00 -2.552620219806606805e+00
3.246881922944169219e+00 6.124205099838780697e+00 1.983362293181302638e+00 -1.018078719010553801e+00
4.246740954865298789e+00 -4.269669883689070744e+00 2.807385618724834053e+00 -2.192351524903049409e+00
8.821186330021602018e-01 6.039148058502934902e+00 2.186553377507198359e+00 -2.616686691917347041e+00
-6.077995290878554613e+00 5.024873688895091561e+00 2.193885966369511831e+00 -2.300974911594834804e+00
-3.117201475931274945e+00 4.107464043513452623e+00 1.979939153204452129e+00 -2.568531175146003598e+00
3.861883932157434529e+00 2.686273693511212812e+00 2.290059904844707894e+00 -2.675039845711134401e+00
3.334175472687237018e+00 4.783742378988225852e+00 1.809092416187415786e+00 -1.930025111981325647e+00
5.767746988523743568e+00 -2.080064310768042546e+00 1.569634004918110559e+00 -1.575804300446992379e+00
4.262376218661410476e+00 5.299478089440610162e+00 1.250331387053575494e+00 -1.759048873769518462e+00
-5.031387175295562564e+00 4.567506885208327816e+00 2.939601578541885640e+00 -1.954721530101340532e+00
-4.663875683953913942e+00 -1.018852212082927977e-01 2.101589376411205468e+00 -1.951757213099083899e+00
5.073291873980030786e+00 6.181276177776195979e+00 1.904820968542117798e+00 -2.351287037165226579e+00
5.546515818257043762e+00 -9.467126272780337359e-01 1.454814993343897189e+00 -2.432836914540765338e+00
2.568747133483688216e+00 4.613958598737314176e+00 2.539401908310659373e+00 -2.082583652433144916e+00
4.384954039554269656e+00 -4.806314521761644087e+00 2.942696840647292866e+00 -1.969836503971455821e+00
-5.495111109733698207e+00 -3.625965975194144875e+00 1.669853047323025086e+00 -1.375910687015330147e+00
-4.577247169025460138e-01 9.595111647089904494e-02 2.042336551292299074e+00 -2.892934006975496075e+00
-3.939406184097942187e-01 -5.322024220450130905e+00 2.314685819846875603e+00 -2.528711825583572548e+00
-2.859642309728873233e+00 5.518658742930790950e+00 1.807410814808978472e+00 -1.306786849474304013e+00
-2.637962588046639301e+00 5.476827445631281321e+00 1.651667440077950522e+00 -1.393805742901518041e+00
3.847747146242145533e+00 -3.691886096803633777e-01 1.765834131203195101e+00 -1.290403705389344680e+00
5.893272248535437186e+00 -3.517278618955402170e+00 2.139465707435292519e+00 -1.139566910819803658e+00
3.486006233417196398e+00 -1.134413956808526081e+00 1.693997073908894979e+00 -1.602157878228693155e+00
-2.534859051503016936e+00 -4.425766695783667437e+00 2.546925914246479294e+00 -2.232253689079438885e+00
-4.026218931263350953e+00 -3.774986212101924199e+00 1.542072643887941741e+00 -2.510679349896757451e+00
4.386144742321672396e+00 5.259609824982728554e+00 1.191070961025940900e+00 -1.833245179471708397e+00
-5.234868065862729125e+00 -1.548914920824597807e+00 2.866377255520548673e+00 -2.010918606821607835e+00
5.991156528704953743e+00 2.468828687765778795e+00 2.179402225093064249e+00 -1.251010536500537729e+00
-1.817488652483272737e+00 -4.079394886243871809e+00 2.781850778897939414e+00 -2.144457977600367826e+00
-9.464303123153072761e-01 2.759828297830253518e+00 2.302269248206383345e+00 -1.457501842764797884e+00
1.469435942146512630e+00 -2.086458983649950305e+00 2.865500989900021445e+00 -1.950103575358112407e+00
