4.894853485276140503e+00 4.224634449510300982e+00 1.131277275716348951e+00 -1.914962904654464282e+00
6.205927404166454053e+00 -6.823263149527658555e-01 1.951329601824342230e+00 -2.773792787415191086e+00
1.580706419615429681e+00 6.139581370189647558e+00 2.143103849360785684e+00 -1.990192075654863890e+00
3.737300686424465113e+00 -2.013897258064958784e+00 1.493091931243052617e+00 -2.354892620442861961e+00
1.938261314849956563e+00 2.266866241154710693e+00 1.283860585447936575e+00 -2.230354072126591536e+00
5.739659534715469746e+00 4.169315467291021093e+00 1.557249365341495828e+00 -1.557701624696526288e+00
4.541496350178197972e+00 5.186528325870284561e+00 1.123273735766863624e+00 -1.922354278565147290e+00
-4.599867081941097169e+00 -4.622795553404133173e-01 2.443169154199817505e+00 -1.899500992690363876e+00
1.448331685151981851e+00 4.061625537503624983e+00 2.789662791950541898e+00 -1.925996957671319398e+00
-3.188671443094269975e+00 5.035319030503456972e+00 2.044628780119355671e+00 -1.683005106746046753e+00
6.632525400228344026e-01 6.162469339296235304e+00 2.074142401547869774e+00 -2.782259378849784692e+00
-3.794703228406454354e+00 1.191304784358475644e-01 1.927780310754807491e+00 -1.211431518766397097e+00
-1.995414503136898610e+00 1.808220316134365291e+00 2.885634385288293302e+00 -2.096895886421761279e+00
-1.653693783070305123e+00 6.113270644816793720e+00 1.831482446933007990e+00 -1.918389878959745776e+00
-3.624171652869593530e+00 -1.098762315193653194e-01 2.050887198864456806e+00 -1.119540619901593370e+00
4.355020065664753304e+00 7.860057900585992741e-02 2.073558833205750851e+00 -1.651269425206324026e+00
5.837721041702430114e+00 -5.007847519053552077e+00 2.412206440625936477e+00 -2.262762645652377724e+00
1.921485412023008266e+00 2.658425817077908704e+00 1.563690633557257792e+00 -2.304218780509911912e+00
8.830917643587490318e-01 5.043137264983029056e+00 2.730824188760590410e+00 -2.206140522967574125e+00
5.534198833275693730e+00 2.382577495021402925e+00 2.468598139551161808e+00 -1.468648426387745065e+00
1.050695637134779759e-04 -5.186698908315783285e+00 1.999906529264562138e+00 -2.456724659746198469e+00
7.648940578772123189e-02 -3.534331887384090987e+00 1.970754471183928436e+00 -1.078837109709022357e+00
4.082694195920627322e+00 4.935796422848421017e+00 1.211878134819148300e+00 -1.869527466364972579e+00
-3.097003812602627359e+00 2.772736042690670644e+00 2.016071143601826154e+00 -2.931813136245854601e+00
-3.006880912801920491e+00 4.625558506185436514e-01 2.059931689846484115e+00 -1.113192944216385483e+00
-4.171367510939951728e+00 1.436829023902459923e+00 1.150497477162798043e+00 -1.931211444382409104e+00
-4.217034134291601788e+00 -8.703725236890873518e-01 2.672667961487580346e+00 -1.693621016679051072e+00
1.039048953462823555e+00 3.970716113919777968e+00 2.635529458045148488e+00 -1.657483014341606831e+00
-7.948573351778227547e-01 5.516245684144562844e+00 1.504694460561743607e+00 -2.504304786546369233e+00
6.037953577368295299e+00 -1.750416338989044363e+00 1.761124819550335507e+00 -1.826689472012754889e+00
1.979359039676159782e+00 -1.500848402493511813e+00 2.915448703258848528e+00 -1.972232992233453386e+00
-3.157498048455712247e+00 -4.653702169424380308e+00 1.984122656956827990e+00 -2.058645710220406322e+00
-5.962102702350406958e+00 6.181714847863403861e+00 2.031968545115628633e+00 -2.944013472148699684e+00
2.877708946674097490e+00 4.924956399351973602e+00 2.254961104706529440e+00 -1.796332663818454911e+00
-1.421252206063478241e+00 5.537609442771445956e+00 1.329176489244302539e+00 -2.109460617760840151e+00
4.462318040821566356e+00 5.604314083810001179e+00 1.391616458351148111e+00 -1.807396460107713043e+00
-2.217606085637717328e+00 4.452952304941382167e+00 1.228695268096616777e+00 -2.154599858810386515e+00
-2.169028658491585659e+00 6.394129104200487745e-01 2.493092750922868195e+00 -1.548076189508159839e+00
5.823797009898498800e+00 -4.994505682600784979e-01 1.787636588124523307e+00 -2.786834202673227345e+00
-3.366301333275742103e+00 2.197199755768183493e+00 1.819482418205889962e+00 -2.571496331580005013e+00
-3.508054220814884605e+00 -3.558676910154530137e+00 1.854848211982078388e+00 -2.853567157254434328e+00
-2.368391367501458067e+00 -1.369709738699411261e+00 1.315643368411905767e+00 -1.857054575518605199e+00
3.347483067170893278e-01 1.813004504977943299e+00 1.681058139838086607e+00 -1.773466244311831641e+00
2.231596917795670265e+00 3.923900533333428697e+00 2.556533747906200027e+00 -2.435325227891492084e+00
5.569047546469525045e+00 -3.074120009614552451e+00 1.955841229080062638e+00 -1.246061176892550471e+00
-2.932665525009251262e+00 -5.461355543383472622e-01 1.892273320474994636e+00 -1.164044734617055710e+00
-1.046107122875809203e+00 4.974446198103290584e+00 1.164068612283618354e+00 -2.129778611474817396e+00
-3.194231120413292047e+00 -4.855219295091984577e+00 1.947921604141905405e+00 -1.857851985174894915e+00
1.503458973823819100e+00 -2.688420657950810977e+00 2.436827323612426710e+00 -1.939505227749148908e+00
-5.070142045244880435e+00 -3.228914383188774551e-01 2.297219737960702446e+00 -2.332074303516876945e+00
1.706277040720811655e-01 -5.479878858279853659e+00 1.877801747785471154e+00 -2.684248190442752424e+00
1.279471682468305893e+00 -2.232016178483675617e+00 2.755988355633681053e+00 -1.823623120511901785e+00
-2.003886946334745289e-01 -4.300045059038977158e+00 2.182366664697143577e+00 -1.607261562967048141e+00
2.522728389167815166e+00 -9.126016342466165554e-01 2.458924093731469362e+00 -1.501755617283660138e+00
5.798000215541762259e+00 3.977958400976568498e+00 1.653852809337289731e+00 -1.407179976707231051e+00
5.488752831031964874e+00 -6.315588953909152536e-01 1.578767017379926862e+00 -2.565532411657658773e+00
-1.566003044898153007e+00 -6.071228817382783305e-01 1.429499685810942999e+00 -2.003936672982068679e+00
3.069410053011630168e+00 -1.495329175227917418e+00 2.071914659851078255e+00 -1.924800795065875647e+00
-4.140906466548944564e+00 5.010203411631778181e+00 2.804074887495247914e+00 -1.841288865553562193e+00
-4.074969968806234633e+00 -2.070735652861925402e+00 2.705278945229318222e+00 -2.285285598227640769e+00
-4.774720790207548582e+00 -5.183546890057721512e+00 1.110687115402826164e+00 -2.028275233746571260e+00
5.502978551055806022e+00 -4.560704171577132371e+00 2.695349577757872872e+00 -1.892600229857618110e+00
5.835405766035494324e+00 -6.119797887269357695e+00 2.070426719550760630e+00 -2.889405665435250903e+00
3.935557515157581676e+00 -2.699440876122243260e+00 1.694858590096532502e+00 -2.633608056734521696e+00
3.778423058579427618e-02 1.088052734146569556e+00 1.966541537987966271e+00 -2.463879661721736891e+00
-6.241270871670645093e+00 -4.334297442464318806e-02 2.001815595826571759e+00 -2.998183383811884983e+00
1.625582219647308868e+00 -2.575844556578720468e+00 2.535243229842371271e+00 -2.046226450680562081e+00
2.038290688523209937e+00 -2.502194185725553410e+00 2.532685712137635825e+00 -2.361627012897876465e+00
2.626260526170492327e+00 8.240902259282849585e-01 1.638301705768306693e+00 -1.408986606069053238e+00
4.381698833770993673e+00 1.311262286532858035e+00 2.914142700813632914e+00 -1.916673228566630138e+00
-4.939266202534083661e+00 5.701256148246377720e+00 2.535551361673530124e+00 -2.187912298563583491e+00
-4.865997590013240170e+00 -4.587393401999014131e+00 1.019484541173270697e+00 -1.980924783677661560e+00
1.154586426922763920e+00 1.531119195693142920e+00 1.086092011930431589e+00 -2.016037129910710490e+00
-1.421383621291967714e+00 5.857363476507673639e+00 1.591532779421403587e+00 -2.135564376098388895e+00
3.296601904127950178e+00 5.625021240282039869e+00 1.905565437224181036e+00 -1.218368865136107981e+00
3.233735542363858073e-01 1.646337995499915330e+00 1.683139183040875064e+00 -1.928441849412674269e+00
-8.496236842121129840e-01 4.274398882525760612e-01 2.311334592260666732e+00 -2.600861705885917807e+00
-7.369558180959776550e-01 3.085713249756508958e+00 2.037533473187842503e+00 -1.260638046559684255e+00
-1.344439784907844881e-01 3.368965217978583837e+00 1.969785056621533803e+00 -1.034529697990637320e+00
-5.757939794808962120e+00 -2.084220784686252159e+00 2.436775477916207855e+00 -1.575045301257887997e+00
-2.405091166402251623e+00 -5.776618062716700308e+00 2.325894490850592078e+00 -1.352213106769516893e+00
-5.164147537220570072e+00 3.938763609336849214e+00 2.643615637013648545e+00 -1.694969109956092845e+00
-4.245127996571332218e+00 5.150026610359621060e+00 2.808663284982681141e+00 -1.809102024443193013e+00
-2.839255169517281630e+00 4.106798117616847321e+00 1.755198065246909467e+00 -2.543428643350708285e+00
2.417760229666766847e+00 1.854534017456366257e-02 1.987718847346029882e+00 -1.250855672255166251e+00
1.368856622586906546e+00 -3.227266782636228459e+00 1.916169464199997785e+00 -1.800165652271051187e+00
5.913486621718844205e+00 2.236103259153123801e+00 2.284271728130541135e+00 -1.424406503628806497e+00
6.020269199268906135e-01 -2.206716707275957923e+00 2.455614163252205717e+00 -1.510498865100527111e+00
-4.592003836714949827e+00 1.856926024710656264e+00 1.047599872995496284e+00 -2.033895660166753050e+00
8.793525432904214512e-01 -3.843927597078721003e+00 1.502367900497600495e+00 -1.513258845169878741e+00
6.071295702881316814e+00 5.393851740948765183e-01 2.108015791366342651e+00 -2.838835127593242635e+00
6.264376722792331265e+00 5.429307970332134303e+00 1.985822290663868728e+00 -2.656949005778539430e+00
4.323988717965228545e+00 2.827838606191708237e-01 2.258246768435105967e+00 -1.636333075679579752e+00
5.067968894389338175e+00 -8.353748814791925881e-01 1.304839646888125149e+00 -2.233563050084415913e+00
-1.317574427731807774e+00 -3.065925302890367909e+00 1.926815543189881907e+00 -1.750192444853548190e+00
-2.761230131607400384e+00 -1.958028200359498427e+00 1.656231540305385552e+00 -2.350637757251800686e+00
-6.965420887654909521e-01 -4.869022905164035464e+00 2.633714974431505595e+00 -2.119657753492700358e+00
-5.180014357166348837e+00 2.318260766126780226e+00 1.345323681236486379e+00 -1.693576416925706152e+00
1.809816294917707680e-01 1.261783612177147518e+00 1.828530346931486417e+00 -2.299151244717101861e+00
-2.288355061639672172e+00 -1.266913621831513126e+00 1.281106762375797903e+00 -1.803243907917720934e+00
-3.663065686953475897e+00 3.796816970677774350e-02 1.981090399419975334e+00 -1.133538595484993472e+00
-1.618107469414572286e+00 2.767843028337823696e+00 2.364700216507143793e+00 -2.044028582370803981e+00
3.849521836511737405e+00 -4.971772803095215743e+00 2.628509514450907414e+00 -1.805145733751221115e+00
9.639620229534360263e-01 -4.348424282438687172e+00 1.232353935374572718e+00 -1.796994201000952973e+00
5.942770996459323385e+00 -2.339001130363305148e+00 1.759888807506328812e+00 -1.345027387332627722e+00
-1.790478698013163061e+00 8.377178943025755942e-01 2.725258396590491294e+00 -1.854176798378651903e+00
-2.717404666594451346e+00 3.753733537894520467e+00 1.763497022515187806e+00 -2.745885813307281875e+00
-4.893556488270570881e+00 4.299540562585582038e-01 1.589992781764836494e+00 -2.163779169193757124e+00
-6.254637074500184468e-01 -3.222636466299292124e+00 2.047397060647734524e+00 -1.191969176707776690e+00
2.429504542345163998e+00 -5.400301343434541046e+00 1.495188398060304458e+00 -1.519361791336868439e+00
-4.999681995916177790e+00 -4.243542719095016125e+00 1.144472616798706266e+00 -1.871962954023696168e+00
-3.965445599397836141e+00 3.927213234487119564e+00 2.518968394876254013e+00 -2.480300837281367521e+00
-2.503810766111129293e+00 -2.474994091666121943e+00 1.631845314726386942e+00 -2.631430143094447338e+00
2.043734206118580587e+00 1.573566858873094887e+00 1.109769499412731619e+00 -2.001261985851808145e+00
-3.937959429039910475e+00 1.774086392639745213e+00 1.299899762709513684e+00 -2.141185288536514353e+00
-5.669090824407095219e+00 -7.286567884496273351e-01 2.383685643859739134e+00 -2.609759269271493487e+00
5.201415289076368964e+00 -4.862540099519140568e+00 2.872857950824747597e+00 -2.070271228002423580e+00
-5.251550088314614229e+00 -2.794093894829618119e+00 2.292237014732331879e+00 -1.517271918064800662e+00
-5.934540176251190680e+00 5.222271110148945183e+00 2.298170793830444758e+00 -2.458710077241869740e+00
-1.008633940409063179e+00 -7.212959016149858016e-01 1.441267798611570061e+00 -2.400269471881274708e+00
-2.930134878217391936e+00 -3.351898923094542848e+00 2.043815562384830642e+00 -2.956183774632360706e+00
-5.282330725326302989e+00 4.409942186039156553e+00 2.803717563504308785e+00 -1.839281516371692238e+00
4.448184715634059927e+00 -3.260165855340607433e+00 2.114190764425677660e+00 -2.259307605888684289e+00
-4.006784387554349181e+00 -1.498952229467493957e+00 2.759255915037790441e+00 -1.953449591000480989e+00
-8.043117808919069134e-01 -3.807355713297990274e+00 2.444933098468328847e+00 -1.454515629161873491e+00
5.708759372858729364e+00 5.172671062004562614e+00 1.513195295715271449e+00 -2.372908550102593050e+00
5.446922318821778575e-01 9.895728394066436451e-01 1.566930539147351364e+00 -2.469592591542143278e+00
5.074880579005423442e+00 -4.994252170468640450e+00 2.898119395510257768e+00 -2.098631894902622808e+00
3.927060956086977583e+00 4.946041703540601020e+00 1.312059069943900980e+00 -1.836293262460255926e+00
2.470813811892307754e+00 1.023374172443241470e+00 1.469238154131783380e+00 -1.592282228928311172e+00
-3.669694172783040553e+00 5.067451424011876426e+00 2.472463885012567530e+00 -1.699712944745303433e+00
2.676728594272960393e+00 -7.488017372382183012e-01 2.305186265913611088e+00 -1.345226475046877646e+00
-3.468301726927041528e+00 -4.687903956041436615e+00 1.679168272654677718e+00 -2.023187538157405374e+00
5.027100385870841848e-02 -5.239818418544190060e+00 1.956578932555646411e+00 -2.502677927714081818e+00
-6.164428403318388483e+00 -2.808651337660049041e+00 2.038721467816865918e+00 -1.061571394975920901e+00
-5.287449087349481935e+00 5.546033787868257292e+00 2.564067706059705021e+00 -2.402685150050573704e+00
1.771087181344872974e+00 -3.466930608894974064e+00 1.686760751861788421e+00 -2.188517781631857062e+00
-4.243680968208431992e+00 -4.562065675881987303e+00 1.117908394875776645e+00 -2.067650691331090140e+00
-5.182842367148316143e+00 -3.861924298513210729e-01 2.335744312116441179e+00 -2.419905596899392553e+00
2.911543396024756092e-01 -6.315990532796575962e-01 2.169489503438057465e+00 -2.773116762599724616e+00
5.338046409673209425e+00 -5.123364992668993700e+00 2.743082515390629084e+00 -2.233961798098764273e+00
-2.633575219137302970e+00 -2.683582636935195609e-01 1.871019412888136335e+00 -1.157561652673176011e+00
-3.681320304045318625e+00 -3.569902406692825991e+00 1.786558957337531117e+00 -2.780358401843411542e+00
5.212108174303082819e-01 3.679967739793383430e+00 2.255309709192345302e+00 -1.255457011637128639e+00
4.732015997843081578e+00 -4.269896932814093660e+00 2.903513339963372353e+00 -1.991596391525352505e+00
-3.022458378271644097e+00 5.547505824035324551e+00 1.920239039732320130e+00 -1.263880008927459997e+00
-6.177020039363283921e+00 -6.131745487256460514e+00 1.984013804488121924e+00 -2.982989087009375151e+00
-5.720627070742322573e+00 5.408407684250491343e-01 1.725400051899725895e+00 -2.725164236959992436e+00
1.716106525271169581e+00 -2.090142186260889545e+00 2.858994685625315224e+00 -2.071865714457825192e+00
1.922912480861468154e+00 -3.680097049485535621e-01 2.337686085018086501e+00 -1.678206796740716822e+00
6.143222243966871332e+00 -6.756029533947955912e-01 1.912757083968912974e+00 -2.772699294867828623e+00
5.443580587753915623e-01 5.206714345530162547e+00 2.455874412267990969e+00 -2.405862590252634270e+00
5.954796153375706780e+00 1.563851275315314204e+00 2.322510901816200235e+00 -2.006573876606427387e+00
-2.198401042295729191e+00 -1.551359481501108917e+00 1.190716535767079920e+00 -1.988587255089249384e+00
7.898893706295577744e-01 5.137493876890696143e+00 2.647057678695606153e+00 -2.290309720349870570e+00
3.118785038619567018e+00 -4.124220066273567298e+00 1.981026666620546717e+00 -2.554694263573936475e+00
-4.697810625399489126e+00 -1.278501257341990716e+00 2.957483316947387753e+00 -1.995799385509430035e+00
-5.359577365301224638e+00 -4.342759929571533561e-01 2.335669821359523723e+00 -2.546977242470363390e+00
-3.514793061989315515e+00 5.750141004279464951e+00 2.185272956188710758e+00 -1.198020814393812472e+00
2.613442807099483289e+00 -1.417120691371011709e+00 2.497997324172554379e+00 -1.867785903697074756e+00
4.225432008393553929e+00 3.804748410988249674e+00 1.455950764493842531e+00 -2.368760747494469854e+00
3.465778767076113098e+00 -5.428946542032842437e+00 2.240199867118375376e+00 -1.377419414969351941e+00
2.760675018400963410e+00 5.274236280119771081e+00 2.314620798236106225e+00 -1.505435061235073757e+00
5.673843860256761573e+00 -5.164449183512870079e+00 2.514836721790912222e+00 -2.358203130983556495e+00
4.783037947441082238e+00 -3.535274910494035083e+00 2.382634674990939505e+00 -1.934809740228390806e+00
3.493553569969204631e+00 6.178521605393882510e+00 1.963984161437074993e+00 -1.066438276830051990e+00
-5.852466927419873954e+00 5.931747623495356336e+00 2.143731679808822399e+00 -2.853127251570177769e+00
4.408917463555274807e+00 -6.951487234147659677e-01 1.388768080039952668e+00 -1.770507223262818730e+00
-3.507510011524982652e+00 -1.082780679931969026e+00 2.316037581570913773e+00 -1.562167276836188501e+00
9.569838369656880062e-01 4.550979225700180208e-01 1.640686107401305271e+00 -2.517362953666050451e+00
-9.524514923811890910e-01 2.305613497843644666e+00 2.604572558348509759e+00 -1.611347796454403625e+00
-5.626935160377585454e+00 3.828829169502983021e-01 1.772050214055432393e+00 -2.734917502336352335e+00
4.258775605396305508e+00 -5.334427960462923224e+00 2.730504121049165178e+00 -1.744654215914140050e+00
4.187271644214140665e+00 -4.776720667196081571e+00 2.863475264284548683e+00 -1.967771830810788547e+00
2.116516681719508242e+00 5.104125203561460822e+00 2.790003963443743018e+00 -1.801836112662971168e+00
7.407975341769788002e-01 1.890388411541394476e+00 1.359296635491284100e+00 -1.768157474567344067e+00
8.437579923476272725e-01 -3.409455890302934833e-01 2.249829543983214997e+00 -2.626401211042765915e+00
-6.330308561408388712e-01 1.678554844507975652e+00 2.588159638153647801e+00 -1.913289008891963405e+00
5.050614814259892782e-01 -4.531218443345994551e+00 1.524057888988584297e+00 -1.842315481328447024e+00
7.145259222067954497e-01 2.933644012504464271e+00 1.864719625733206376e+00 -1.260870088502420439e+00
3.971213784317411566e+00 1.251349279866522224e+00 2.700356038241204626e+00 -1.787973131923448644e+00
1.157168930822426667e+00 3.745265857669437537e-01 1.665019048058545170e+00 -2.374071799544084982e+00
-6.965003305519665844e-01 -4.788441395363877362e+00 2.639682631389952849e+00 -2.058282980315813582e+00
-2.897945837227875909e+00 5.872934802850682701e+00 1.903782737797548252e+00 -1.110063584672492887e+00
-3.955340864344541352e+00 1.237846212868007001e+00 1.313051394499891389e+00 -1.775538330733331227e+00
-3.677172959432084554e-02 2.287932220247483883e+00 2.027708283346709717e+00 -1.343215570453529573e+00
-2.517613621460671691e+00 -6.750030065377652377e-01 1.634890497712952140e+00 -1.366410942879995094e+00
1.764402945799108835e+00 3.961803637513588328e+00 2.717626850992130638e+00 -2.131229250845985135e+00
4.795983440215039195e+00 2.206946495046389956e+00 2.801579998060869769e+00 -1.950394094892243579e+00
2.253477147457227048e+00 -5.266694246567883653e+00 1.340291757631713931e+00 -1.667937073421785765e+00
-1.420361476448387172e+00 -2.838523358526553686e+00 1.704919685805489360e+00 -1.856962159435967985e+00
2.898812893205860775e+00 -2.385411945268712142e+00 2.164951224486479031e+00 -2.706127973687458166e+00
-3.514735860487177899e+00 -1.289179823542593084e+00 2.350183816453378594e+00 -1.741215152076250883e+00
1.550498047988329020e+00 1.180686724674582244e+00 1.075323140599089289e+00 -2.007718698011209835e+00
-5.493948895972731172e+00 2.178291327882924122e+00 1.417184254585673875e+00 -1.597926831053197994e+00
-5.941350295757501954e+00 -1.773597483222065563e+00 2.328346645412302962e+00 -1.810239712014783064e+00
1.177976233405338746e+00 4.438439739289830044e+00 2.889383472821710708e+00 -1.896440297135211006e+00
-6.047463482819610547e+00 4.799232820250770359e+00 2.232664782060336695e+00 -2.084336159900618934e+00
5.146304626617865807e+00 3.279052055129110244e-01 2.292214065150854019e+00 -2.398026056086588920e+00
4.474152395894943623e-01 -4.007146061436504425e+00 1.670567049706215057e+00 -1.415586411638380948e+00
1.278800621799891957e+00 4.876888859667509735e-01 1.551249156200410262e+00 -2.254304311867114663e+00
-3.204498165521520114e+00 -4.423498775493931667e+00 1.939741012814011345e+00 -2.284325113892139658e+00
-2.127507210187360442e-01 3.184152806309995754e+00 1.991016162118433908e+00 -1.023431329660598355e+00
-1.421348865251807148e+00 -3.793842226769519321e+00 2.600210065177726904e+00 -1.881672672334615992e+00
-4.156635628022364415e+00 -3.288947073791709030e+00 1.875274458542232958e+00 -2.521865986514002511e+00
3.596853621898333131e+00 -4.123574821802245438e+00 2.365651723771122317e+00 -2.498808248728924486e+00
5.869916729417411716e+00 2.751929910846751426e+00 2.152560238373623314e+00 -1.152838843159366355e+00
1.587685016205571564e+00 3.790039756540902971e+00 2.603863310804444886e+00 -2.013460027775765049e+00
-3.721202918053426956e+00 -1.607548325205710782e+00 2.547328047247843230e+00 -2.030742599488732036e+00
-9.104842777274635424e-01 1.569695489618584183e+00 2.789800391938909829e+00 -2.000675213029186050e+00
-3.808058659855635852e+00 -5.600900632505506849e+00 1.610175309088904383e+00 -1.389949803437256159e+00
3.482178989686127935e+00 4.072008504369319937e-01 2.132293328946511579e+00 -1.134511255355415749e+00
3.834396020983401598e+00 -4.759653692784270973e+00 2.637983487603520416e+00 -1.963645302751273469e+00
3.809820374639880214e+00 5.339904003430481438e+00 1.498443951039481137e+00 -1.539145402931678452e+00
-1.223487941692595449e+00 -1.008212981606664727e+00 1.204625539759457631e+00 -2.181543235008643666e+00
-5.462770896938089926e+00 -4.610629722716472756e-01 2.325412778576309680e+00 -2.610712319943110593e+00
3.647311191917674833e+00 -6.067788137034364482e+00 2.103541174891371934e+00 -1.145389244806522377e+00
4.790744034900731307e+00 -7.103450455083466508e-01 1.349905349085253059e+00 -2.059343093095809429e+00
2.541727412172658518e+00 4.152846839329033202e+00 2.478439233100980132e+00 -2.438127059091631743e+00
6.138793948763515473e+00 -3.418646003267368005e+00 2.039357201584222512e+00 -1.048143905616343741e+00
-4.685245975469909396e+00 -2.633179024995092821e+00 2.486612826994418768e+00 -2.023706987770966581e+00
-1.074926649531684930e+00 -3.996714347551779234e+00 2.663757047419852864e+00 -1.687817052179714894e+00
7.964076906168351400e-01 5.744710302911014921e+00 2.366593985237798403e+00 -2.600325393581560007e+00
-3.592743269533658079e-01 -5.012599594761347532e+00 2.335869628019589861e+00 -2.276840250298304724e+00
4.937400943329214087e+00 -4.958382492719952239e+00 2.945446183497947512e+00 -2.054333711869449797e+00
1.552740771498199557e+00 1.503352483181696009e+00 1.002436100591274748e+00 -2.001216746964343596e+00
-4.632031997997386519e+00 3.266233372322334461e+00 2.123917086579834912e+00 -2.079647822580536598e+00
1.930343455613707349e+00 3.787192324033071600e+00 2.563204017089053099e+00 -2.281036637884699569e+00
7.158902081195801514e-01 -1.249563592987290583e+00 2.622718125562666813e+00 -2.238226109355082372e+00
6.360996999280565944e-02 -2.749855370498374363e+00 2.024269573032455138e+00 -1.077622057588056403e+00
3.391156463634136031e+00 5.677812316133303838e+00 1.859450639065189481e+00 -1.203184442577978075e+00
-1.897501345326796596e+00 -5.519378323573050693e+00 2.655089634946365962e+00 -1.768226043223320110e+00
-3.177064514504811310e+00 -2.090458769210281176e+00 2.030782652686748513e+00 -2.496274787223509151e+00
-6.727015903683168929e-01 -3.356192277171378358e+00 2.132693314483417257e+00 -1.235799803239388872e+00
-5.828279166920147247e-02 2.055718263477080754e+00 2.051534259178932285e+00 -1.534652189061463723e+00
-3.835327581725393564e+00 -1.699708763069751605e+00 2.634107619928498067e+00 -2.098841733702669909e+00
4.050297934279605272e+00 -5.446382378043873373e+00 2.585620276677707885e+00 -1.588204137267285487e+00
-2.330036038310261404e-01 -4.051623151354267094e+00 2.182301524010867411e+00 -1.402862776279712564e+00
2.029234198804655165e+00 -2.211264080697242562e+00 2.719024710535577150e+00 -2.264453546688612207e+00
1.362724345199075593e+00 6.141718684727248245e+00 2.137954112370600512e+00 -2.204510235834142406e+00
6.219728402428708947e+00 -1.953266363443398212e+00 1.941167637493794063e+00 -1.627538000060907653e+00
1.146773714729730109e+00 3.539624363913166150e+00 2.353278906327341158e+00 -1.620733118091226777e+00
9.952811836011310476e-01 -1.772861886752062688e+00 2.821843637964788876e+00 -1.890769259584145212e+00
9.572416066980782290e-02 6.135596321908062478e+00 2.014055109902190388e+00 -2.984600211550501037e+00
5.829409889896588481e-01 1.404723381230856383e+00 1.457092180711609952e+00 -2.138009116353627004e+00
-1.177782544874309778e+00 -3.374388113708835846e+00 2.213109805340478964e+00 -1.627356458604851230e+00
3.488272533832086353e+00 -2.655420488121029710e+00 1.841240843732336874e+00 -2.831527560416668976e+00
-3.088478498686086482e+00 -2.720032845182228431e+00 1.978276744328112846e+00 -2.911165039139486765e+00
-3.759325980240806331e+00 5.066075153109146356e+00 2.543338444565005574e+00 -1.717651120227943862e+00
5.236590254281619394e+00 1.686894208072557078e+00 2.859896123074922691e+00 -1.942020944814203620e+00
2.242110817995301986e+00 -1.250929339766220671e+00 2.743288557129183403e+00 -1.804413174234017703e+00
-3.956142357057572223e+00 -1.664840426174065691e+00 2.724202307797510159e+00 -2.064437604072799637e+00
3.121159726690063252e+00 2.803882629803801763e+00 1.993230483880740644e+00 -2.943318916263049090e+00
-1.603211089585286686e+00 1.670535377174199532e+00 2.994507481174610852e+00 -2.003227094850452250e+00
4.286677389880942712e+00 -4.295945793969030646e+00 2.832906893194799824e+00 -2.167050155455503280e+00
3.126235019080887412e+00 -4.755133363945251546e+00 1.984656996328616030e+00 -1.957273670647506458e+00
4.186627675668363580e+00 5.059621932653486809e+00 1.186679420734154444e+00 -1.829214483517107137e+00
-5.085760327349901466e+00 5.441053383179013991e+00 2.694662746385441565e+00 -2.242881838789343885e+00
4.375627953889612343e+00 2.904030215205583687e+00 2.222115473349983272e+00 -2.321151449854824911e+00
-1.072310306367209698e+00 5.722659836094994290e-01 2.475637178151057327e+00 -2.401924133415326068e+00
2.582427173350728467e+00 -4.952876001556850483e+00 1.484787112087796679e+00 -1.798098944918359088e+00
3.773157720388477188e+00 -2.502506389314639534e+00 1.647843503664941922e+00 -2.647815219592534408e+00
-3.585992970828161042e+00 -5.620311380185444960e+00 1.735435950901881075e+00 -1.288334633184686551e+00
-2.723650952565560779e+00 -9.410346449144224579e-02 1.961861615881122844e+00 -1.090117336024686523e+00
1.800904508074095745e+00 -7.207628611177003819e-01 2.642562649794701013e+00 -1.828640783012109194e+00
-3.398272978546598821e+00 4.467884854721303256e+00 2.246320276847193043e+00 -2.234144378425082067e+00
-3.533402208039189141e+00 3.010080875735127393e+00 1.949925354689861612e+00 -2.916238737408858306e+00
-1.795295370976314864e+00 -2.895138404231452522e+00 1.762155276436805806e+00 -2.215891282192137712e+00
-4.497208738316071930e-01 -5.199129267910816310e+00 2.384227462311716561e+00 -2.421238421123286244e+00
9.048894312432160802e-01 -3.595490469690990842e+00 1.655204539157419497e+00 -1.444780119534145424e+00
1.522212636516766082e+00 -3.282769605625101672e+00 1.859457575236169058e+00 -1.951918585457058430e+00
-2.797732393491498826e-01 4.668392897040913425e+00 1.724129498709030317e+00 -1.957728209190790825e+00
1.807571054392465015e+00 2.858531052078149060e+00 1.728495778970276175e+00 -2.225233873421214259e+00
5.543225551956924235e+00 -2.270882249445307366e-01 1.848196523920687229e+00 -2.719535619561235240e+00
-1.498004573002324591e+00 -7.483928791838501127e-01 1.321339997592170246e+00 -2.053293495840782246e+00
-5.439424259831080910e+00 1.569383487017557144e+00 1.252852539013274535e+00 -2.000939054204636580e+00
-1.597275127230987302e+00 3.111820880378717291e+00 2.029756940585020430e+00 -2.026463973761350346e+00
-5.641582253414802572e+00 -2.806404618178808708e+00 2.196868205543243580e+00 -1.243447128120877210e+00
-4.593928822754573815e+00 -1.993364523171917035e+00 2.905646968551220954e+00 -2.048467454419995892e+00
3.689957078769865007e+00 -1.883631380363171459e+00 1.504008811619949926e+00 -2.262633414032606538e+00
-8.156526256537022235e-01 -2.959184292848876741e+00 1.867910497586290575e+00 -1.325977584759395533e+00
6.592431274566035171e-02 5.400235466025561593e+00 2.050897228659458893e+00 -2.633495729953700071e+00
-2.560964079762192203e+00 -4.459105857586400212e+00 2.531048100923844135e+00 -2.209517527013863170e+00
-5.052178666943515140e+00 1.662668054960349195e+00 1.061151336597942363e+00 -1.969423236793893750e+00
2.975051251162412314e+00 1.046332307586354204e+00 1.856508485200905945e+00 -1.506179227006663623e+00
1.528638273439675288e-02 5.143534477718521458e+00 2.013886948756767215e+00 -2.417862920044021813e+00
-6.119604629863966139e+00 -4.732796513462425025e-01 2.074229279216909916e+00 -2.878196078090538457e+00
-5.004622304525812915e+00 2.459577363981425790e+00 1.396366627716033815e+00 -1.776353371689186389e+00
6.014058731735037355e+00 4.802740572685921805e-01 2.122846888769816864e+00 -2.854944178167019508e+00
2.571424991837146123e+00 -3.767443855447472956e+00 1.683807687794925512e+00 -2.682257760020527293e+00
-3.017343810286989836e-01 -3.083454211381053689e+00 1.982732342341854803e+00 -1.046790725136083289e+00
6.240771026512730302e-01 -5.374318492131921587e+00 1.539061307596183870e+00 -2.498782062961279138e+00
-1.679590915976845622e+00 -4.396622521967024078e+00 2.944938653955166519e+00 -2.033719019579180554e+00
2.710950518783489471e+00 6.032940904591734821e+00 2.103378722207053908e+00 -1.119606313064029468e+00
-4.702569837630997007e+00 -2.768872709777365770e-01 2.273349631316017305e+00 -1.990555010337589525e+00
-4.336208183083692269e+00 8.722499198816491273e-01 1.287769602445241190e+00 -1.763741776468871869e+00
-8.848155084059312614e-01 -1.659598922258042286e+00 1.229250905872654176e+00 -1.943823471980187900e+00
-4.112341875546210446e-02 -6.151085265669476776e+00 2.005415092900561636e+00 -2.990449387723245422e+00
1.621180651537425632e+00 -5.922797475972219949e+00 1.647810327425236032e+00 -1.952872303190980485e+00
-3.172369258197610620e+00 3.462301910193350096e+00 2.009700477066750590e+00 -2.948562654584427456e+00
4.496744009174744150e+00 -1.042675483700504557e+00 1.156250274442753190e+00 -1.892174359874055023e+00
-5.898786524458058622e+00 1.416970464662899332e+00 1.629426117851561440e+00 -2.142038562534176904e+00
4.766260450963887507e+00 -3.787176569520952274e+00 2.600792097656188240e+00 -1.956991049309271258e+00
-5.078405702723124193e+00 -8.074302030246123252e-01 2.674653918551981313e+00 -2.247436030408120455e+00
5.534864139127295246e+00 -2.637900563295954015e-01 1.822589116928921005e+00 -2.707482568413324131e+00
4.172247411037631082e+00 5.294522955216317328e+00 1.283624224893531007e+00 -1.717257326613025992e+00
-1.427844749249579159e+00 -3.964636338673362737e+00 2.725739935087095667e+00 -1.903124706572931091e+00
-3.492371904296049934e-01 -4.696899065922444549e+00 2.342140095052074766e+00 -1.985445731668145086e+00
-1.411969350752793062e+00 -4.415931987185523155e+00 2.944340063971623511e+00 -1.953796134211572166e+00
6.406072514503664550e-01 -3.813677109846334012e+00 1.627871890200896399e+00 -1.372623476106941798e+00
4.462565270110976812e+00 -8.519624135196011139e-01 1.270788777234638012e+00 -1.837195105891176850e+00
-3.551225845769722778e+00 3.707056473382836614e+00 2.213397601832291173e+00 -2.774485355747887017e+00
3.001739620235966299e+00 -6.382194604377300351e-02 2.008890586658298449e+00 -1.011779557678848640e+00
4.841366116892011462e+00 5.332155292923943080e+00 1.192747008968546352e+00 -2.074708186188356063e+00
-1.844568636862605082e+00 2.169236952684427067e+00 2.795445071352671285e+00 -2.152311512604814681e+00
4.336819314187870589e+00 2.876523602522498280e+00 2.243715877699353545e+00 -2.353991754220392529e+00
-6.532663386508117398e-01 5.539198506803556299e+00 1.588392835599102604e+00 -2.584280556079943114e+00
-1.413422315909786953e+00 1.003433808654968118e+00 2.832899758398974566e+00 -2.084225645472495891e+00
-1.598801418405353836e+00 -1.528866409494996859e+00 1.001270702505149490e+00 -1.998826246313538446e+00
5.177580657415099097e+00 -2.017712475067949818e+00 1.194043370739875654e+00 -1.806123622087830283e+00
-5.458031341732674235e+00 -6.934516426459493843e-01 2.469586374738200529e+00 -2.521753403201701271e+00
-6.251990218671865662e+00 -6.259008333108175393e+00 1.999245992932531912e+00 -2.999221366068492323e+00
-3.514940949470550358e+00 -6.183484510183602900e+00 1.963695834380997152e+00 -1.073512580830138230e+00
4.098532073257425523e+00 2.538122118130612392e+00 2.463895702855691372e+00 -2.474281887783503997e+00
-6.154379513272543178e+00 -7.252673828389424315e-01 2.085205399756225209e+00 -2.742122981420506367e+00
-1.403234052501473705e+00 -6.138660801988396365e+00 2.142004774814635581e+00 -2.165040506131270970e+00
2.680677810104079128e+00 4.569059227435808168e+00 2.440206960515630907e+00 -2.127933632507619244e+00
1.075121491239882765e+00 -4.020234234611531399e+00 1.322783108553073461e+00 -1.696457053180558727e+00
3.752137989539901852e+00 3.097253561033001645e+00 2.025411910046411634e+00 -2.818530234294922110e+00
1.128233779329418596e+00 -2.555542635639493909e-01 2.228428013544191622e+00 -2.414348189846824422e+00
4.715766944014854190e+00 -2.628183792254463746e+00 1.508853332422012139e+00 -1.997057544874373480e+00
1.219145908842276249e+00 -3.736603946062750481e+00 1.473782513882800016e+00 -1.714748336733412426e+00
-8.157629148054796886e-01 -2.187920109367080812e+00 1.406079532198782678e+00 -1.603414938426602321e+00
3.591441861239717426e+00 1.676160766269976676e+00 2.432418313659015396e+00 -2.094706553302319918e+00
1.215737407825725036e+00 -2.395184412861235401e+00 2.636653983574720250e+00 -1.744782084991042925e+00
5.352037306973061348e+00 -3.417070204197782513e+00 2.218232382669654168e+00 -1.425593043346104150e+00
-2.600946777519222319e+00 3.303214762757672673e+00 1.917176423708543131e+00 -2.846202721543161118e+00
3.585627216767276693e+00 -4.521578907226985855e+00 2.421789672206286159e+00 -2.171262756101808744e+00
-7.958297624020822525e-01 -5.059335172613410592e+00 2.671874597169903165e+00 -2.237914619926091753e+00
-5.045792015982060619e+00 2.114461560406793339e+00 1.191307887485395511e+00 -1.830715889180413836e+00
-1.932231416225282494e+00 4.495950004697109037e+00 1.086433855298275741e+00 -2.075940322697942708e+00
-3.693286040883046351e+00 -2.449775900747091839e+00 2.334362158951983623e+00 -2.655836614912610028e+00
-3.125470983947794323e+00 -4.505851831604475777e+00 2.015778350918103090e+00 -2.205045231855509158e+00
-3.443034744293989036e+00 -3.230071336806093818e+00 1.973765154108465758e+00 -2.951174023683697190e+00
-1.517884782109711672e+00 -5.500044478017702687e-01 1.478040479668774720e+00 -2.045087221526229460e+00
-1.990341540789453134e+00 -4.160127673708666762e+00 2.777507287397822822e+00 -2.213698850950990948e+00
2.439792841534059065e+00 -1.476199204143721744e+00 2.642706785931913327e+00 -1.927865625746730371e+00
-8.127627848087453089e-01 4.349317778365572096e+00 1.321150572178660720e+00 -1.755838372223681887e+00
-2.296085047178873406e+00 -5.346011662029514611e+00 2.603052326418030304e+00 -1.607250716706797755e+00
5.701892987173863503e+00 4.717683735521555732e+00 1.450903240615124989e+00 -2.004425090675644672e+00
1.438689256618657097e-01 -5.341924073657780880e+00 1.884111307755334197e+00 -2.582686290000504314e+00
2.490646545057838779e+00 5.721030296247439750e+00 2.322972204110030692e+00 -1.326911544495639639e+00
-4.526865379785728116e+00 1.738707386470260019e+00 1.030982829968695835e+00 -2.030827733179137784e+00
-1.688159139029284717e+00 -3.874085909984269271e+00 2.664125232891170647e+00 -2.087060172188483609e+00
-4.047944071595743765e-01 -5.953742245237148012e-02 1.976566239369540456e+00 -2.917554749528083136e+00
-4.323528768318927185e+00 -2.526668404153061598e+00 2.533826580185653210e+00 -2.309683127188474128e+00
2.507250053494672670e+00 -3.798485091027963279e-01 2.219741944603691230e+00 -1.251951159529954172e+00
3.024749420427847113e+00 5.005737892536753719e+00 2.111597459678540734e+00 -1.712811918585009474e+00
4.099776256974724475e+00 -3.791869977589655161e+00 2.495312942767533126e+00 -2.457657246852028354e+00
5.455523281405248781e+00 -8.909072984983694710e-01 1.427381773828877654e+00 -2.425382458133869434e+00
3.673529877579332137e+00 5.199511599436798193e+00 1.551792397411064117e+00 -1.596592003294948547e+00
-4.076542302602193857e+00 -1.654918575850850893e+00 2.801724068010840618e+00 -2.049897850066463079e+00
5.355300672990802369e+00 1.249098218052405507e+00 2.759295280799346273e+00 -2.189557685464669223e+00
-2.043690287516095161e+00 4.031513480490556134e+00 1.308253195255730361e+00 -2.286702885497687632e+00
-5.075673956161747213e+00 -2.506193745316675159e+00 2.554763670782286944e+00 -1.714004515033167753e+00
-5.957386669396509404e+00 4.007610887814504252e+00 2.243811613039921049e+00 -1.386215854789942581e+00
2.112398551493699372e+00 1.978423927060433130e+00 1.213325897459267333e+00 -2.204364713341725235e+00
-9.032414703087008334e-01 -4.991999831051863623e+00 2.754837488680859092e+00 -2.170851280948487450e+00
5.680134041730795502e+00 -3.592135966708368322e+00 2.246971682950888560e+00 -1.258578497931357898e+00
4.285346017012754416e-01 -1.649011405991265278e+00 2.414267957855720681e+00 -1.928929982812861210e+00
1.498803166695202194e+00 2.630919648696545821e+00 1.512501592290982355e+00 -1.937246273919502881e+00
-1.076549065577088626e+00 -4.041919261721810486e+00 2.689761762190364891e+00 -1.705248798810132804e+00
-4.254136636056042420e+00 6.351727421451807132e-01 1.467897677398622758e+00 -1.643896559476041963e+00
-1.873998957258319109e+00 1.057811947133338037e+00 2.831540240392307783e+00 -1.853463852421697755e+00
5.400905742739057658e+00 4.244590924900435880e+00 1.310772124617350709e+00 -1.713487521212722964e+00
6.057979721161887099e+00 1.827073769603767772e+00 2.216013624513823110e+00 -1.752919518227605833e+00
-4.042477927142198446e+00 5.694429691880577238e+00 2.435307678612430582e+00 -1.483625938505601205e+00
3.032434252569879973e-01 -1.532479438408120842e-01 2.045583562107670783e+00 -2.943188191067005466e+00
4.616652552781838281e+00 -5.357533917472004248e+00 2.795353757937553141e+00 -1.942520220490119298e+00
6.071485257963267657e+00 -6.213161503228384674e+00 2.014701541333246748e+00 -2.975279155350496918e+00
5.555361245999952402e-01 -2.468213659409028260e+00 2.328902270996478396e+00 -1.335837710372443699e+00
-5.131648190806236798e+00 -4.260571789994338054e+00 1.178263257331411795e+00 -1.822266706881451759e+00
-1.446767540374055194e+00 -2.563007516569708599e-01 1.748443460057219401e+00 -2.119669939683485271e+00
-5.736533280989004169e+00 -1.719599074485552492e+00 2.514085580783107954e+00 -1.873350916723065529e+00
-4.808031029407180412e-01 5.557594178976792421e+00 1.693100997529257246e+00 -2.663289716519155803e+00
-2.643015733624350272e+00 3.544537434421890509e-01 2.165964489720729524e+00 -1.176332269885635107e+00
-5.457440598502323326e+00 -4.004455972153142085e+00 1.441574728404979577e+00 -1.559114088102399709e+00
4.958827392692670699e-01 5.032725563132180113e+00 2.451603639137330148e+00 -2.276957712716173532e+00
-9.903430727655848642e-02 -3.227264180905599744e+00 2.008460200288139763e+00 -1.008549480903742968e+00
4.567055523381888804e-01 -4.024936761731156665e+00 1.659171282089178412e+00 -1.430466818271947549e+00
-2.214815503934274510e+00 -3.034370790071723167e+00 1.914420048570760757e+00 -2.596966339072096730e+00
3.491883387645700054e-02 3.973749286703549544e+00 2.025813219412291311e+00 -1.327127688891798218e+00
2.936381284269087288e+00 6.109273132089487746e-02 1.987558626304195997e+00 -1.022808502026596900e+00
-2.505586220171720946e+00 -7.452533304162090033e-01 1.597182643563876958e+00 -1.408778865987451390e+00
1.790109890844432172e+00 -3.768706174743190473e-01 2.359197514761036896e+00 -1.797708475336867950e+00
-2.217445201980496883e+00 -3.233086885750930062e+00 2.072920384004619532e+00 -2.599995109081189248e+00
-5.929111330294061233e-01 -2.873226009145833704e+00 1.851836252378958658e+00 -1.200367670728860858e+00
-3.929673175372792482e+00 -3.321919693429142839e+00 1.872839743986465910e+00 -2.693772649525729701e+00
3.037983416498232003e+00 -4.905751916822675085e+00 1.898503489659128407e+00 -1.808870246993905528e+00
-2.039275389645210268e+00 -4.634707489530359048e+00 2.889565300540222648e+00 -2.035040237539075925e+00
5.468300951233825202e+00 -5.811300217320877870e+00 2.330763378430709576e+00 -2.610986831753928428e+00
-2.694182938010366790e+00 -6.304061166799694860e-01 1.744975374836722048e+00 -1.271721792660683636e+00
-6.224581752122459122e+00 -3.003156121370827769e+00 2.008082356167267601e+00 -1.011267316189416121e+00
-2.947524266159914585e+00 2.814156476064118451e+00 2.062024540770923231e+00 -2.929095150040349704e+00
-2.557096188811155635e+00 6.060316507086781712e+00 1.878041071273280460e+00 -1.186636728856702572e+00
-3.019136479023974307e+00 6.147815735509976065e+00 1.983515014280224253e+00 -1.016568362473516451e+00
4.724202278869405802e+00 -2.434681364586998242e+00 1.350557014034362568e+00 -1.991017712471004453e+00
-1.074685445682092677e+00 6.149167283908576920e+00 1.882491624013323150e+00 -2.471740535348653012e+00
1.005362162476004073e+00 -5.092890804569076835e-01 2.411671432135150006e+00 -2.467787023231258647e+00
