-2.759022166327868231e+00 -4.714618969411436211e+00 9.955400367323636868e-01 -1.692638688215741372e+00
1.122246474640999914e+00 -1.956779247080433493e-01 1.381442102692298057e+00 -1.781520764882699615e+00
2.912889849842173362e+00 -1.895418189503955908e+00 3.954158252170096866e-01 -5.583780963882505333e-01
3.151797842575806641e+00 -2.404676206115189618e+00 4.697271551018955549e-03 -1.020408960896996398e+00
1.612378918665091199e+00 2.121160708472714873e+00 1.891537687605394646e+00 -9.169306510536227028e-01
-1.632570117673076915e+00 3.454453143385860514e+00 4.143181913212155010e-01 -1.123233516396892506e+00
3.202683830477216276e+00 3.482119045662159351e+00 3.703887083658163881e-01 -1.121878580168592210e+00
3.400221410903467856e-01 -2.760667260209697105e-01 1.524504858197540447e+00 -1.628827456017587716e+00
-4.312886532914641080e+00 -2.788665523996757489e+00 3.513157933333803662e-01 -2.833375605329907509e-01
-1.002875794473916393e+00 7.215631936100130872e-02 8.561877524138068463e-01 -9.311110561412105913e-02
-3.419305800531422079e+00 -8.737173461823264375e-01 1.984439964632756848e+00 -4.726944403283805940e-01
4.358379259257789684e+00 7.402071216465770931e-01 4.081680796453657223e-03 -1.650330514071481458e+00
5.146155584818155049e-01 -4.015351138926151364e+00 1.984425503253831380e+00 -1.856902900341427465e+00
4.854047486799544231e-01 -6.074886619386228759e+00 5.953488001580313771e-01 -1.825343051498499847e+00
5.652428791908908678e+00 -4.715514235887148686e+00 9.937495296950883406e-01 -4.744803805522435081e-02
-4.519031007376595355e+00 5.973424702188754765e+00 1.580645417072789716e+00 -6.228510808658997977e-01
6.143209622138201098e+00 3.203060515856671842e+00 8.773737000962384958e-01 -7.236910878090581090e-01
-1.481540512384958319e+00 -1.169652717815987231e+00 1.718947733231784625e+00 -8.224349489291118420e-01
-3.338104475023453865e+00 2.198758033020405733e+00 1.950835744465426735e+00 -6.170167323753870114e-01
-4.103797505356992836e+00 4.966988244945673259e+00 1.487477610859273547e+00 -6.187243586713198074e-02
3.118541586692028744e+00 -4.541764823331435608e-01 1.788491808358479318e+00 -9.539141954333818507e-01
7.119249593453735869e-01 1.594114511285883218e+00 1.046619465518081160e+00 -1.989222790440597688e+00
3.404027612833624872e+00 5.003992188759294635e+00 1.550703162902586696e+00 -1.501100437786565100e+00
-4.364656845201357882e+00 -8.930626292777210651e-01 1.976906164610410244e+00 -3.592580449244848761e-01
-5.426041355611329386e+00 1.367612869315118829e+00 6.047252733078056774e-01 -1.989722735857246239e+00
2.536855291258504508e+00 1.515633418555504264e-01 7.014942076903492030e-01 -6.456955989803714324e-02
-1.506190446214964673e+00 3.396973038705741743e+00 5.111589364111648326e-01 -8.711474851685651055e-01
4.816766400833564887e+00 3.072140246835743937e+00 1.138458559991579966e+00 -7.927580655352682859e-01
5.134562523228378694e+00 3.394804472470688950e+00 5.149471189439007723e-01 -2.524624068772332031e-01
-5.605741414750483820e+00 -1.281887431333851524e+00 1.546197296998149451e+00 -1.976782155926034790e+00
9.850729467054000210e-01 5.244368223494813464e+00 1.874283835962996747e+00 -1.921314089841565265e+00
1.174106787379812111e+00 6.221010956012470672e+00 1.124028490963464133e+00 -1.712727561232695983e+00
1.554110788556546829e+00 -3.501032310770701539e+00 1.658541720191954116e+00 -1.033364882989901368e+00
-1.945625386644611154e+00 2.724022388939733474e+00 1.741390824537451421e+00 -1.681388570182094089e+00
-8.334475790958846275e-01 -2.781942569637498863e-01 1.528122890456805161e+00 -4.613940251835590978e-03
3.928380507193280025e+00 4.737953869929807382e+00 1.051107504294475747e+00 -1.999996137524748807e+00
4.606935443467000013e+00 1.677283909998996236e+00 1.211368777674299846e+00 -1.209346960218764533e+00
6.154401467517409685e+00 6.025365532039490546e+00 1.493091344223138162e+00 -7.452707765821974251e-01
3.103120654756464702e+00 -5.237630141634589620e+00 1.323368856001374549e-01 -9.231319027970169566e-01
3.105422149464722281e+00 -4.925196336207564585e+00 5.871192700748775195e-01 -9.277220713284374254e-01
-6.084369705989980837e+00 -8.647955696844897844e-01 1.987418574666234505e+00 -1.387235444705869014e+00
2.557469899444381412e+00 -4.376554346375957749e+00 1.622293529692398151e+00 -7.993533695394849925e-02
8.652950309555542674e-01 -6.771109953456946329e-01 1.976639303052210028e+00 -1.987260124125874494e+00
6.226375448477758923e-01 -4.626422752825521734e+00 1.171086630313220800e+00 -1.947484162104300420e+00
-3.346850001472715608e+00 1.781288504209159740e-01 6.512306312079524373e-01 -6.009186866302891339e-01
-5.567788885238432073e+00 -3.197906579207611344e+00 1.112389887548741463e+00 -1.990215510190160630e+00
-3.304616427843310777e+00 6.771339928826662913e-01 2.335081431777941141e-02 -6.796986794189014969e-01
-5.927475487919362962e+00 3.546001290936654726e+00 2.765288192655939170e-01 -1.652909713547352943e+00
1.507408014492114923e+00 2.726010232270525080e+00 1.738716994359108980e+00 -1.126437298485780669e+00
2.416797266023561264e+00 1.666499502958265211e+00 1.190239751697111714e+00 -7.336404813202745956e-03
4.751563841439999436e+00 -5.875704085616341388e+00 2.723001609861761541e-01 -9.217304139206634606e-01
-1.080004309144303676e+00 1.874326919602578911e+00 1.570456196362245205e+00 -1.686213284278135216e-01
-6.052810521994031134e+00 4.410180142969366557e-02 9.119107215024110369e-01 -1.444619636588338585e+00
3.143406168673445578e+00 3.002876970316172844e-01 4.348827268886145125e-01 -1.003627022214836018e+00
5.085436273379949412e+00 -6.073131019800589669e+00 5.921404109333410215e-01 -3.212239789304500714e-01
-6.087988409752820296e+00 -3.069396418973140861e+00 8.561087521997543526e-01 -1.380552610062762753e+00
-5.901171536972824150e+00 3.225717511790753278e-01 3.986868949756163794e-01 -1.691835156026611831e+00
-3.262787446079430165e+00 1.476058609745280137e+00 8.116562569201185573e-01 -7.599769598018201178e-01
-6.247115713921629343e+00 -8.129693129685078290e-01 1.998480048620834726e+00 -1.072076633325345085e+00
9.388524573184531263e-01 3.701780735954447010e+00 9.973573313995443002e-02 -1.953272079720224319e+00
-6.278133313398591042e+00 -2.585961928143524435e+00 1.037411084454562538e-01 -1.010103815642569236e+00
3.553133937171070400e+00 -5.617236243475159263e+00 2.840071388611831171e-02 -1.733245345335937326e+00
-3.720824110325180900e+00 -1.704275431187356027e+00 7.362013826008649842e-01 -8.381179343310762864e-02
-3.912705354868047269e+00 -8.308459982939266908e-01 1.995871832032451998e+00 -4.081210924251621464e-04
-3.858344101868142584e+00 -1.818254407547156504e+00 5.250421256511386137e-01 -9.409947995186462855e-03
4.009792877740405714e+00 -2.156874383892763980e+00 7.841033153555865276e-02 -1.986318946983773426e+00
4.298086954950793626e+00 -2.512255669737021524e+00 4.831601844678945490e-02 -1.736988560190600994e+00
3.153435628856895434e+00 -3.592572842858939186e+00 1.784543994492865382e+00 -1.023683735864213018e+00
-2.369461886693219999e+00 4.898714848238052255e+00 1.364086443394986414e+00 -1.999647973035946880e+00
3.829658794416225476e+00 4.813278194478385785e+00 1.200411993727557025e+00 -1.981112710993785830e+00
-5.792408426811726407e+00 -1.847180007136839386e+00 4.749555326788820198e-01 -1.831361847424087141e+00
1.529273522329183344e+00 3.767103064141672064e+00 5.069398743517428141e-02 -1.082950186822007721e+00
9.645435258994403682e-01 -2.188936516866066384e+00 5.543065919763301430e-02 -1.936497589755832083e+00
3.862792857549356640e+00 -9.080795011462461375e-01 1.970049291935989988e+00 -1.991768561624936762e+00
5.260305081895284118e+00 5.843223151949874961e+00 1.770690651013887340e+00 -1.106908713715182291e-01
6.140131684509780641e+00 3.525238379995100146e+00 3.058118074233170391e-01 -7.177801403777257505e-01
-7.829207953249284202e-02 3.251509830554709879e+00 7.819320334897186253e-01 -8.440549276537331336e-01
1.087682717488911877e+00 -3.832271974301278750e+00 1.982110277977204849e+00 -1.822747096193258587e+00
-1.976829484408630933e+00 -2.777282379667208367e+00 3.341589315944292204e-01 -1.725710348238682856e+00
5.648448612086628629e+00 -3.371528201411804204e+00 1.443832598207328788e+00 -4.505530125678125497e-02
2.421259607326215146e+00 -1.876705739282032326e+00 4.256426919946234566e-01 -8.454997501725625142e-03
5.232710275463665184e+00 3.300332246589011476e+00 6.878272822389241981e-01 -1.372706586768762671e-01
-2.988621171379740371e+00 6.630971746749292350e-01 2.976620898732362797e-02 -1.301192485306846613e+00
4.879655458672367274e-01 -3.867300345175692655e+00 1.992882554217031199e+00 -1.828224028247547484e+00
1.407825291109527477e+00 2.305487930216145287e+00 1.994862095266275226e+00 -1.320201398650743929e+00
5.953972509087337883e+00 4.492282704373016244e+00 5.738682377604280571e-01 -3.881276741769592586e-01
2.510237585339609723e+00 4.515320719760888224e+00 6.159889424702080785e-01 -4.708435033163360650e-02
-6.033364177485651680e+00 5.595910894741493280e+00 1.980805182105094708e+00 -1.479111561009970544e+00
-3.713962564113822751e+00 1.201444727323887740e+00 3.266703018842364026e-01 -8.939739469304952557e-02
5.515210132258378195e+00 3.242371169907309891e-01 3.960289358257474968e-01 -6.070596247101933685e-04
-6.173363218544292153e-01 -3.249427846989302093e+00 1.214002332388218086e+00 -5.595971888124495752e-02
2.771041454839195950e-01 -2.716826268201973260e+00 2.490280402652677028e-01 -1.526270261273733109e+00
-1.897677820688450367e+00 4.369332946657861427e+00 3.664661736547839554e-01 -1.608177767539695546e+00
5.231449873699213882e+00 2.417268579742961165e+00 1.992549182046847278e+00 -1.385480829984108153e-01
1.022386432902451681e+00 -6.034684077721369277e+00 5.232072011180253224e-01 -1.889760323846616075e+00
4.101751303330559040e+00 -3.696036067711938600e-01 1.673702251918278039e+00 -1.939536862478965507e+00
-3.852418422212153359e+00 5.424453604707766274e-01 1.157476146236090520e-01 -1.110148261314525264e-02
-1.238044067202790366e+00 -2.257933943958271072e+00 1.924820208939137522e-02 -3.825439312072729248e-01
-8.765386462230173592e-01 -1.569652555924286652e+00 1.002287539746161027e+00 -1.656722653728670558e-02
3.345310876358533747e+00 4.850593562054529073e+00 1.272902881202003345e+00 -1.396256931589611838e+00
-4.585730544888763305e+00 4.309006475467885622e+00 2.779471322775172171e-01 -7.493836500555746127e-01
-3.143469061222033734e+00 4.982454119625723266e-01 1.604302082904845994e-01 -9.962471935443849569e-01
-8.970022538979298687e-01 -1.641168937023663510e+00 8.597189949541894638e-01 -2.480769177052977170e-02
-5.204511463731877896e-01 -4.908639068544354167e+00 6.175003398127476562e-01 -1.371393650079707482e-01
2.053866435352594166e+00 2.193636218544817496e+00 1.947613506681199258e+00 -1.773023592335588594e-01
1.992651520647275021e-01 -3.971558184910337630e+00 1.996030128863161224e+00 -1.388064242683677563e+00
5.901114212312364771e+00 3.857553888026581390e-01 3.027809528693983232e-01 -3.080820653499694028e-01
4.524244634676655608e+00 4.213147213359016874e+00 1.593493324790653531e-01 -1.367471361800051577e+00
6.402342035770711703e-01 3.149438079726698092e+00 9.843097915736762626e-01 -1.958150054642848525e+00
-3.166303687813013745e+00 1.427397632723854670e+00 7.171181193126330289e-01 -9.505980483334404152e-01
-5.454293795516789167e+00 -2.209940410094731078e+00 4.247635181514253233e-02 -1.996219042325360515e+00
-5.939022660819143873e+00 -5.107260840121723433e+00 2.898271327559859278e-01 -1.635244678880380054e+00
-4.398043536264646391e-01 2.619596551661645734e+00 1.864418283981040592e+00 -2.295104927201008227e-01
-4.301090792157697962e+00 4.203281500655604574e+00 1.488275645609470343e-01 -2.670853335722375155e-01
-3.189205782322670490e+00 -5.577696196112521321e+00 1.274375371695335435e-02 -9.049175965487729068e-01
4.568401678225241014e+00 -1.796216797799061737e+00 5.642773959835785114e-01 -1.284010816904514796e+00
-4.559886652865140277e+00 1.808245996212358264e+00 1.457248927620623968e+00 -6.997023845991332536e-01
2.247313585939107128e+00 -6.124801699545119327e+00 6.885037515545322506e-01 -2.361655576986898541e-02
-4.858888699537970979e+00 2.174498018785490316e+00 1.934696192597514575e+00 -1.288825127880161903e+00
5.436154914615311640e+00 3.195702824378676254e+00 8.919907744141434280e-01 -7.587448986106304361e-03
4.877854655251807614e-01 1.185921366909571617e+00 3.040443184038719160e-01 -1.828022141516306931e+00
-3.793768576082571009e+00 -4.172244987812664618e+00 1.882093505877142192e+00 -3.528682900658786092e-02
-1.039178501482360240e+00 -6.065391419310888210e-01 1.936698260896668078e+00 -1.260672676883966004e-01
1.532083962354920281e+00 1.712873294513775235e+00 1.280345415046310054e+00 -1.077347397162123244e+00
-1.042732241744007915e+00 -5.567349551453900425e+00 9.662257037147070626e-03 -1.295438812301843434e-01
-1.944049432628603746e+00 5.336990146649807087e+00 1.948732795084471281e+00 -1.679078238963987335e+00
1.550188934070054536e+00 -3.737211914412500668e+00 1.928828563898875803e+00 -1.041203118132790317e+00
-4.267600036579003664e+00 3.710863912472229131e+00 9.197610532385025461e-02 -2.231940043081356295e-01
-2.927059327100417718e+00 3.585624124924606804e-01 3.427796235421209925e-01 -1.416022240501803697e+00
-1.617370296147586650e+00 -5.761994085961262613e+00 1.363921807902822581e-01 -1.093013296850753768e+00
5.094432203324036124e+00 -1.223250072338315952e+00 1.640456488604070895e+00 -3.081223121597418402e-01
-5.041594486955780496e-01 -2.235186453273132479e+00 2.914322489681697714e-02 -1.540634640250749809e-01
-2.755490072276067792e-01 -3.874516934256762468e+00 1.994498035945936776e+00 -4.763770020939629424e-01
5.069297974049867150e+00 3.107924963274578900e+00 1.067284508461790349e+00 -3.452755708720806060e-01
-2.872548286108704829e-01 -4.669774066682128577e-01 1.803977987647063630e+00 -4.565767665636708550e-01
1.609452974808325720e+00 8.896893990968912647e-02 8.229996097169323122e-01 -9.227637023407202488e-01
4.459779078209162861e+00 5.544456581519021654e-01 1.047948536800862307e-01 -1.483999795792496634e+00
-6.053368036174283873e+00 -2.026854728918989323e+00 2.091988504977581043e-01 -1.443620607781918697e+00
-5.378729833899951629e+00 -4.399090700948145916e+00 1.586391277048217363e+00 -1.971784408033395275e+00
3.395920092773309307e+00 -9.043078290088546467e-01 1.971854015628169643e+00 -1.487002858077410394e+00
-2.380230793038252912e+00 5.977102508652851753e-01 6.963009819578125370e-02 -1.998844734799166245e+00
4.134095908792811969e+00 6.123921322720672578e+00 1.313168916267806186e+00 -1.915434481047056714e+00
-1.715923966632182385e-01 4.497467657429220722e+00 5.832722322086524303e-01 -6.635121254306926009e-01
-6.165707611735117055e+00 3.449183049961542125e+00 4.228938204323641203e-01 -1.232799602280494566e+00
1.310804187335166127e+00 1.963235683191131287e+00 1.706739378758862502e+00 -1.496866494727117747e+00
3.618225462959767214e+00 -1.023178704401140671e+00 1.889035977282174983e+00 -1.815310719375111237e+00
3.100162476196439698e-01 -4.544568999006724397e+00 1.329373489933043162e+00 -1.581061607405731539e+00
-4.704329147302804159e+00 2.002387523752368281e+00 1.759915034847467252e+00 -9.838810319259400083e-01
7.353406659663805911e-01 6.869696878481752478e-01 1.931383668044672763e-02 -1.994992678369190031e+00
-4.932374241964649464e+00 -5.719642212408164283e+00 9.683485403076441678e-02 -1.425912795660867927e+00
-9.211022821910681557e-01 3.680132985976992899e+00 1.194219149050053108e-01 -3.660568038762768150e-02
-1.226571770201394962e+00 -3.557646490750074886e+00 1.739352149313550200e+00 -3.646596980881203764e-01
6.156958355684571060e+00 -5.399349213255502988e+00 1.931753541520531137e-02 -7.502191709313553725e-01
2.911987478839760612e+00 1.247460540395684880e+00 3.974666485951634520e-01 -5.567595996750356324e-01
3.819685214843012488e+00 6.043465146701706203e+00 1.461282670772775072e+00 -1.977059268929061142e+00
3.807148323364462073e+00 -2.888632316555099777e-01 1.546120793547877792e+00 -1.971412806015472530e+00
-3.455249794248045792e+00 2.504573465641401597e+00 1.956289557757468600e+00 -4.130274987989749347e-01
3.482725169615914496e-01 -1.517830104444009010e-01 1.298925070326976794e+00 -1.641571343741681233e+00
5.773421951418463038e+00 1.645681846826651196e+00 1.149211739595397352e+00 -1.481397765527067145e-01
3.082963383233998655e+00 1.422654041965785154e+00 7.080313110911025110e-01 -8.830099836123941337e-01
1.589597610565641972e+00 -1.028731683532020824e+00 1.883896532093640719e+00 -9.624062932097861012e-01
1.716621517976006928e+00 -5.516175751159339669e+00 6.762055398119581895e-04 -7.124666962550418869e-01
5.094310121107298528e+00 -5.306595214247135317e+00 7.222222441032399853e-02 -3.082986230981941134e-01
-2.887648143451774452e+00 3.873935772480303186e+00 5.624395269645310336e-03 -1.486333814575429235e+00
4.332060804334224358e+00 6.149228502241307126e+00 1.264720055524309217e+00 -1.689397044321860442e+00
-2.178444412220478910e+00 2.589323339042756800e+00 1.893256878504079754e+00 -1.937472522160510691e+00
-4.913215114596609645e+00 -4.495980331828381082e+00 1.419429971238958643e+00 -1.390939650058883981e+00
-2.946227570103197912e+00 2.347501409982969633e+00 1.999848864520089142e+00 -1.380863651764320021e+00
4.760543116692369736e+00 -6.183497844881381766e+00 8.019433234887007877e-01 -9.038405394408034477e-01
2.725377665542746186e+00 4.701405163168695722e+00 9.780341323710965984e-01 -2.604308772020247353e-01
9.326645770342922859e-01 -8.500446661791505321e-01 1.991653296513077986e+00 -1.956937863633300800e+00
-3.112366485364775670e+00 2.801234937798991353e+00 1.629349163129558242e+00 -1.058419056690210525e+00
5.991132160510792559e+00 -4.983074181423797100e+00 4.846890857294433586e-01 -4.485459321402882615e-01
2.234311897326993090e+00 1.502771287468275041e+00 8.643692390525263836e-01 -2.956390270876785298e-02
5.906445379040787813e+00 4.526871618622815063e+00 6.374200607531126384e-01 -3.158192001257710269e-01
-2.294821015220135596e+00 6.063160032626912610e+00 1.425985198908934937e+00 -1.992476047093685754e+00
-4.986009051484659338e+00 5.678956133188162170e-02 8.866649190969516647e-01 -1.520332394860855363e+00
-3.174315022710444190e+00 -3.634640456806815578e+00 1.833877310579364206e+00 -9.346019685410588140e-01
2.473289960918879871e+00 -3.635043967810128951e+00 1.834322474656444157e+00 -2.729759337251358442e-02
-5.001826934704507011e+00 4.716570143068992138e+00 1.008362227908153885e+00 -1.547083330315464744e+00
5.821528624131090623e+00 3.352388333714117152e+00 5.907870104224002272e-01 -2.023954468789501693e-01
2.398881414656420574e+00 -4.439051811689465055e+00 1.519849134764147625e+00 -3.642134033903121626e-03
8.652126757599587492e-01 2.097174312946394892e-01 5.927556327477728759e-01 -1.987286318557360154e+00
2.839974442012287881e+00 2.931043965021594033e+00 1.408762210265057213e+00 -4.326893531261349901e-01
2.390473892512545717e+00 5.961529811098410292e+00 1.599847895852870572e+00 -2.349234453107973408e-03
-2.891171380107639521e+00 -4.492247055471560557e+00 1.426196261505837892e+00 -1.480164772871588763e+00
-1.297258178273785312e+00 3.981467400716329763e+00 5.929527184095340075e-03 -4.798075299588407949e-01
5.754009536305995098e+00 -4.553264284668619766e+00 1.312904339794083608e+00 -1.284515877834400133e-01
1.472086400145108165e+00 5.321307738136333398e+00 1.938354032526774517e+00 -1.196139956767628520e+00
-6.245260545799680152e+00 -4.853178117497751742e+00 7.221278872313553476e-01 -1.075776814729696662e+00
4.071628114311685920e+00 -5.378255384541989592e+00 2.843984699419677131e-02 -1.958451054648613798e+00
-4.637030405973911584e+00 2.522397766390952256e+00 1.945259778256164918e+00 -8.498528100020472653e-01
-4.149033313339097973e+00 -9.962868073615371856e-02 1.197941440877298369e+00 -9.699584040771569438e-02
3.797068166838293735e+00 4.465540380862547565e+00 5.261151756141781988e-01 -1.966429736855327626e+00
4.553377303887156557e+00 1.812473016257532876e+00 1.464751003662040807e+00 -1.312689643965261332e+00
-5.612611788312891647e+00 5.212388364242475092e+00 1.841470319001139000e+00 -1.973746289335382098e+00
-2.637720754816607283e+00 -2.186960572007222048e+00 5.673548444803688806e-02 -1.845629704795078485e+00
3.139812133662431393e+00 -5.892407931982480029e+00 2.956161381418993539e-01 -9.964389676715321720e-01
-8.951179726718114793e-01 -2.904188500810979345e+00 5.428320336952305869e-01 -2.398041207215328985e-02
-2.666893748830831967e+00 -5.995225274305826524e+00 4.553933275160162442e-01 -1.813065073304682917e+00
-4.480878122948015019e+00 -5.959557502648080707e+00 3.970006357175227540e-01 -5.533463087862730001e-01
-2.510153396250649038e+00 -9.707186827472495949e-01 1.932095344574729756e+00 -1.952966694399873138e+00
4.167672625017697641e-01 -6.146353442683968105e+00 7.297393659906581398e-01 -1.740312121957106495e+00
-2.318298953334005041e+00 -2.262539364779430073e+00 1.749133471418617969e-02 -1.997129231177186881e+00
-1.078455105519969592e+00 9.864548127025525304e-01 7.976401936886479138e-02 -1.669035173869948263e-01
-3.500579501519700987e+00 -6.480371538895646211e-02 1.129244875959428906e+00 -3.421400677337095297e-01
-3.052141535780827031e+00 -9.468871353263974555e-01 1.948294448932164302e+00 -1.177949437206218253e+00
-1.224778469424565586e-01 4.539119317937016618e+00 6.603551031337094868e-01 -7.574866584654571522e-01
-3.426726916773940701e+00 4.524960901625600940e-01 2.135796751717828901e-01 -4.601418981128881924e-01
-6.547892614809809331e-01 2.184651065678657744e+00 1.941720751277275170e+00 -3.392381206996220033e-02
8.732925461856364535e-01 -4.087384040403781782e+00 1.948987734682169570e+00 -1.984588902089321927e+00
-2.954107962596627779e+00 2.479445695260826810e+00 1.969771811114236826e+00 -1.366244038619281786e+00
-6.094451228924153696e+00 -3.839455872830810357e+00 1.984714368376063742e+00 -1.368568049571404988e+00
1.070182357493267844e-01 5.165020095161576563e+00 1.786587103325813164e+00 -1.212405984810976500e+00
-1.534050005615146262e+00 2.292780936894526889e+00 1.991968217192934043e+00 -9.265734974669377344e-01
5.884348504953759829e+00 3.361188332159740000e+00 5.747922950884958304e-01 -2.842666642320010872e-01
2.250245365763300143e+00 -3.901208358785579922e+00 1.998670824253931944e+00 -2.236655589774272368e-02
-2.359086794931509079e+00 -3.098916825615806836e+00 9.147519360985727488e-01 -1.999983269193245317e+00
5.642505497656538083e+00 -4.116011157069010551e-01 1.733326707488369589e+00 -4.159520184771114959e-02
-1.409184707145155535e+00 -2.996456704826725659e+00 7.137872413291644902e-01 -6.823754658350136282e-01
4.729845582976494711e+00 2.120358525205295663e+00 1.890809848270371241e+00 -9.650938871873534497e-01
-3.011969301928198117e+00 -2.486925820401736154e+00 3.398707701444025897e-02 -1.256352500661040983e+00
-1.760464693201688746e-01 -5.407849558728665684e-01 1.882696663669538140e+00 -6.551368955446539299e-01
3.777861583689956504e+00 -3.688807088336237161e+00 1.888666499557339229e+00 -1.955849698439239948e+00
-4.000970909026695388e+00 -1.046477552145153034e+00 1.866744504694434870e+00 -1.092615305636712719e-02
3.190302274364917423e+00 1.736907543493972028e+00 1.326144742506408569e+00 -1.097265221629437404e+00
-4.097193929204939522e+00 5.906958344586588083e-02 8.821354500883191729e-01 -5.738088285952591683e-02
-4.438537939457103398e+00 -3.096583063538163039e+00 9.101023483422605587e-01 -4.792731809188843783e-01
-5.817462443232633618e+00 -1.273487811422953975e+00 1.560191557988309441e+00 -1.802483408102355522e+00
-4.486121069274911832e+00 -4.932188924703516442e+00 5.744225704390309994e-01 -5.627524930654563828e-01
5.824112669075294235e-01 5.606516351793848330e+00 1.976448945670855384e+00 -1.918718268743789590e+00
5.629359698354138075e+00 5.563918617058600802e+00 1.991265999971976619e+00 -3.442334654850687237e-02
9.313892996614994146e-01 1.814094893347290238e+00 1.467620707886195808e+00 -1.957675157980520719e+00
-2.186676515972262536e+00 3.499331604407771579e-01 3.558845619474699795e-01 -1.943075726134014136e+00
2.631237800894387746e+00 -6.052435399548956596e-01 1.935787839218720219e+00 -1.475207570404650781e-01
-1.677068901079600494e+00 -5.925158733350626150e+00 3.435877223505234834e-01 -1.210948455963645198e+00
3.086768000233160336e+00 -1.520412823545642667e-01 1.299417956099145677e+00 -8.905702796371272045e-01
-3.642060805083712882e+00 -3.275855433682351325e+00 1.265310125088292992e+00 -1.580234974460299480e-01
9.258837361996814508e-01 4.207900064259458617e+00 1.537122485602597788e-01 -1.960786603582499010e+00
-5.453802676142430528e+00 1.268628496814572237e+00 4.317844702877228213e-01 -1.996133227773596364e+00
-1.968569209127558395e+00 -8.427195531981173104e-01 1.993435710789345228e+00 -1.714245689281661100e+00
2.658098511038243572e+00 -2.570045395654665388e+00 9.007860367336917307e-02 -1.768205461368310694e-01
-5.924603927788831825e-01 -2.366210921545763401e+00 2.006510836135566578e-04 -7.353074002506188034e-02
-2.295091652571357610e+00 2.600688878752139388e+00 1.882808315070972460e+00 -1.992542174808532351e+00
1.489285404646920163e+00 -5.391998403491156111e+00 2.229914347140404818e-02 -1.162300721799081282e+00
-1.058948035914424324e-01 -6.377841043122076670e-01 1.956735794383906102e+00 -7.897901437546334114e-01
2.126643259273075515e+00 -1.233189169317856937e+00 1.625064619549752454e+00 -1.035494030788728370e-01
1.530662251188580569e+00 -3.406509440198135508e-02 1.068077494128666816e+00 -1.080181984679132290e+00
5.124765144970119479e+00 4.123470554628619666e+00 7.622014711983227109e-02 -2.656202990468873315e-01
1.467480113818774967e+00 -3.499959710401910229e+00 1.656925847748292657e+00 -1.205165132520600535e+00
5.042990541833942686e+00 1.554088218627241780e+00 9.665900023176857703e-01 -3.859331342572204226e-01
4.913689096876700191e+00 5.669137378387404169e+00 1.941850657465368002e+00 -6.081880036824267588e-01
3.176219963119510936e+00 -4.765580111097183824e+00 8.938182830266543366e-01 -1.069199272473686735e+00
4.346097913251549372e+00 -1.142398298375810306e+00 1.755748304187964681e+00 -1.668791550076315744e+00
1.662572520336191850e+00 9.972739615308165995e-01 8.844723430869372294e-02 -8.174765699259850527e-01
-1.793601093685019521e+00 5.982139683753111115e+00 1.566367217965503933e+00 -1.431007971993496941e+00
-4.069037858761094029e+00 4.372335356779682769e+00 3.711235870931994807e-01 -4.008403600637577835e-02
1.077682788762279742e+00 -1.631690727586001977e+00 8.785120475277172769e-01 -1.833949868015175566e+00
-3.052757224607045128e+00 3.155680062377216544e+00 9.718289099011060417e-01 -1.176737578188659539e+00
4.331748683457927740e+00 4.519507174358263768e+00 6.237332583624168869e-01 -1.689849100508854063e+00
-1.813262299152137658e+00 3.103954225126713595e+00 1.075205783028526429e+00 -1.466148151562840063e+00
-4.997212947920365522e+00 4.151923447914127152e+00 9.949429937128495549e-02 -1.539335611489724087e+00
-1.154386982321716992e+00 2.655456551097815421e+00 1.826168059238610031e+00 -2.601692979970281483e-01
3.420289992326438266e+00 -7.022451442317949599e-01 1.986202994282462608e+00 -1.528977024824744735e+00
7.067356237618840353e-01 3.613482987914187206e+00 1.902178832021083066e-01 -1.987649914538101692e+00
7.504257284633899516e-01 3.506517342915955737e-01 3.547859125550147930e-01 -1.997554854695731574e+00
5.222663420843993265e+00 4.742051580225520979e+00 1.059290406835982967e+00 -1.476048408383712207e-01
8.557756434950460900e-01 -3.561093185872293621e+00 1.743975996284240715e+00 -1.990110364531409548e+00
4.686280792231345416e+00 -2.551638174327436559e+00 7.542867138173714459e-02 -1.052192651114907784e+00
-1.979779918811744643e+00 3.470677287806820388e-01 3.602788147292771415e-01 -1.729757489847978835e+00
-1.015431679681459087e+00 5.981455041029683173e+00 1.567495187374621013e+00 -1.039772634692761599e-01
-1.120777631472209990e+00 5.971820079291170202e+00 1.583255250989485052e+00 -2.166498485222071446e-01
5.069016553627797350e+00 -2.456499412230122470e+00 2.005476171380338180e-02 -3.457011077473629568e-01
-1.321032008609958730e+00 1.325488218987097788e+00 5.288304939310458641e-01 -5.209881751428475649e-01
-2.321702277232448264e+00 5.376509010819383150e+00 1.970727170789373872e+00 -1.997621517951546855e+00
-4.439339655196414824e+00 -6.217339565292192560e+00 8.686888327743751415e-01 -4.806427366382164390e-01
4.711906996685575777e+00 -1.972566947907594681e+00 2.801812049994479858e-01 -1.000963967248936326e+00
5.489849989225252358e+00 -5.816813810661683348e+00 1.967432224192733337e-01 -1.259941990744417595e-04
6.163450208902961691e+00 -3.776250338488434277e+00 1.954897788929727653e+00 -7.628120251164022259e-01
2.343639777168577965e+00 6.086941954593642734e+00 1.382487213409998139e+00 -3.152250756845997870e-04
-1.245657416642648840e+00 -1.311305656250496554e-01 1.259265027420046756e+00 -3.945924493788790510e-01
3.779267710232387500e+00 5.941224102096153814e+00 1.631838138256291870e+00 -1.956672315023623820e+00
-2.332612236602308542e+00 -5.782290696417322629e+00 1.575636420984094510e-01 -1.998887960797569363e+00
-3.492833521854105783e+00 3.774086307869071177e+00 4.639630221217350137e-02 -3.538861617885004085e-01
-4.205283183568408134e+00 -1.840535197797046330e+00 4.863120236595197543e-01 -1.509356911140615765e-01
5.657079956192752945e+00 -2.327723023582498385e+00 1.620810794553229073e-03 -5.032061638272100623e-02
-1.913030626596299300e+00 3.358796192304723149e+00 5.791273763930324670e-01 -1.632261395617415456e+00
2.488860786849022233e+00 -4.023823528021248208e+00 1.981305392343314153e+00 -3.499466176680710028e-02
-1.085905135210834871e+00 -2.065109579920030747e+00 1.647284318317238094e-01 -1.752373248857028720e-01
-6.125402207073595839e+00 3.016903383521702509e+00 1.246801771336401243e+00 -1.310354762649235116e+00
5.218491010675174735e+00 7.277435826838800637e-01 6.640738409889768157e-03 -1.519979599847458562e-01
-6.281748030835880847e+00 2.062173529351726486e+00 1.832028483918247908e+00 -1.002874548728649229e+00
-3.623787969104250273e+00 2.167319987719773522e+00 1.929497222252812616e+00 -1.782982211707219156e-01
3.205457317406684936e+00 1.856940542552411699e+00 1.541557266772468848e+00 -1.127382298169395280e+00
5.953739533993136490e+00 -6.106096315550766818e+00 6.531805132250401158e-01 -3.877591942605642661e-01
-2.932504555810409475e+00 2.154242497919664601e+00 1.919533695694333408e+00 -1.406094480159197468e+00
1.091179940367240420e+00 2.460045669568755144e+00 1.978507298779586865e+00 -1.818751307139408357e+00
2.431821970475569472e-01 -9.218795257838543478e-01 1.962976415825673726e+00 -1.467414970410860331e+00
-4.581348085649188384e+00 -3.918266488149772186e+00 1.999847776034850533e+00 -7.409081861533749480e-01
1.466307799034086479e+00 -4.405181444584220785e+00 1.576480669627301046e+00 -1.207459319628866767e+00
-5.447063223108378871e+00 -3.515015076154633267e+00 1.679326779300603256e+00 -1.994858579494183992e+00
5.871967542101018012e+00 6.419803644738095727e-01 4.085605581598905633e-02 -2.671947700985589647e-01
-2.961925186791160680e+00 -2.842391086920752041e+00 4.366761968874213196e-01 -1.351651721879330470e+00
2.367670758138556764e+00 3.515370494287152425e+00 3.201517552014963020e-01 -2.633978880596243854e-04
-2.974500507674683547e+00 1.430946315949532810e+00 7.239326596512698497e-01 -1.327998697375962323e+00
-1.285830788873274066e+00 3.866652246352735744e+00 7.272653827345987310e-03 -4.604259798625406352e-01
3.765076420693155512e+00 8.251344415487551487e-01 3.156281851218523116e-03 -1.948024053187098481e+00
-3.970844916705902783e+00 4.482455770309739407e+00 5.561715915532355892e-01 -3.843899003631134903e-03
5.426926845585763104e+00 -2.238965332379029505e+00 2.735967394535321340e-02 -1.002556679166199949e-02
5.841352308862804321e+00 -4.889318841213829536e+00 6.534790384904118898e-01 -2.269305115621692570e-01
3.862406318192364907e+00 -4.595036562994749829e+00 1.232555922964023498e+00 -1.991669277618403733e+00
-4.758338470714392088e+00 -4.056912456375005860e+00 1.966430256245214503e+00 -1.091769680982266344e+00
-5.934049448639170166e+00 -8.498498316953373433e-04 1.001699698844991326e+00 -1.642894862081020424e+00
2.146195241815073373e+00 -1.148098490839648989e+00 1.748233673442964875e+00 -8.691044672467473919e-02
9.109175723150713111e-01 4.880607876201914053e+00 1.330126694825622513e+00 -1.968654891314248534e+00
3.859197705740850637e+00 9.954701740823068690e-02 8.022186568117484207e-01 -1.990822261076452993e+00
-5.403261097991915562e+00 5.452580986622004744e+00 1.995915590142601115e+00 -1.982182814846834784e+00
-1.898799435150588799e+00 -3.783131968437916548e+00 1.958894008838811818e+00 -1.609956912894610292e+00
1.539328907041141115e+00 5.255992443672418801e+00 1.885331702140662591e+00 -1.062893302411656471e+00
-5.298146472291652920e+00 -2.624436984366676828e+00 1.404894269780906368e-01 -1.921340614354621001e+00
3.064006047670275734e+00 -4.064604710846559499e+00 1.962363317602705326e+00 -8.454487677313613503e-01
3.727043247862411590e+00 -5.469638681685607295e+00 1.584253350207842637e-03 -1.921101824027811933e+00
1.025131934446909199e+00 -3.796421188903451593e-01 1.688402458450588339e+00 -1.887240675001645940e+00
3.740239519757940556e+00 -1.790567479733081946e+00 5.744746790528738600e-01 -1.931055037019302478e+00
6.637805607491147342e-01 -1.318251624135307942e+00 1.483885683643466180e+00 -1.970563876121557811e+00
5.428321116579063244e+00 -9.255363902991451397e-01 1.960979002016459027e+00 -9.635544035729415313e-03
-2.228256310718170319e+00 -4.114171681003597314e+00 1.930741213843887083e+00 -1.967441866610730283e+00
5.161923634840032804e+00 4.651966681193567155e+00 8.794493109411873899e-01 -2.172519564008353887e-01
5.133804115451354733e+00 -4.274656420309812077e+00 1.767841559756005765e+00 -2.534707649035776722e-01
-3.728527177037691764e+00 3.257153617496957310e+00 7.709302367636957642e-01 -7.774678245735333615e-02
2.044797468606533997e+00 -2.907228284580430255e+00 5.482474971404412978e-01 -1.877481553891102717e-01
3.752371606677618487e+00 5.664334632707440420e+00 1.945034908120822248e+00 -1.939633584302443925e+00
1.030620580847751988e+00 4.247156330577585237e+00 1.981019739817934111e-01 -1.882123420499669519e+00
5.789427993618838642e-01 2.116882634204030111e+00 1.887629623668499068e+00 -1.915956696018543237e+00
4.958773580485065224e+00 -2.905051647118321867e-01 1.548868759773151638e+00 -5.269325631114900599e-01
-6.107864670514956629e+00 -1.939005799341147807e+00 3.283609026900243810e-01 -1.343500131575962930e+00
-5.655451628593879398e+00 -2.838494619708112232e+00 4.302545625606188917e-01 -1.950694407259929930e+00
2.142157910608846194e+00 -5.461700108262690812e+00 2.603417849516787008e-03 -9.023269450307891404e-02
-5.282574504255586945e+00 -3.415467485575777840e+00 1.520767440456374464e+00 -1.908788381061301553e+00
-5.953713073555842783e+00 -2.005852989968001765e+00 2.355979920461982458e-01 -1.612282647901846833e+00
6.249543253762825046e+00 2.881706529576220532e+00 1.496682477428367797e+00 -9.327666492283825939e-01
-2.207126424875175630e+00 1.208042179627177859e-01 7.607353468281575770e-01 -1.955885640443509654e+00
1.162538429137960350e+00 2.368727157158810215e+00 1.999685880963921303e+00 -1.728764398274267755e+00
-5.214488228501059197e+00 -6.118108977561757200e+00 6.758125532805148161e-01 -1.843732018889578939e+00
5.372231262075125358e+00 -3.597836885343946189e+00 1.791028577534455435e+00 -3.136323169955868018e-02
3.635191252394340822e+00 -2.356177167550361773e+00 6.001478203288002078e-10 -1.834484827577913535e+00
4.775199326910286146e+00 -2.132802917430239198e+00 9.815833821337482945e-02 -8.747094404729419681e-01
-2.483962150695224746e+00 -3.455634598645129785e-02 1.069057684910172501e+00 -1.967528124778231913e+00
-2.331476298628368138e+00 -5.100686382904185301e+00 2.991454527011324638e-01 -1.998778270863040163e+00
-4.649198079485379331e+00 2.397955330984773425e-01 5.385835852664007106e-01 -8.739543655553722035e-01
5.624065865634937822e+00 3.486775146443049422e+00 3.631813664106150474e-01 -3.172346789095914499e-02
2.653043061866005914e+00 -3.266465936522839897e-01 1.607804772410801775e+00 -1.711219416715361596e-01
-5.406639810045357208e-01 -1.822716229010599598e+00 5.172082586105994917e-01 -1.174170647963228564e-01
5.280470793332948887e+00 2.140681635477813316e+00 1.908537683284883490e+00 -9.297523521460471230e-02
-5.047322544484680762e+00 -3.942278718390408443e-01 1.709265508271904821e+00 -1.620881833759499902e+00
5.143330098241817083e+00 5.494671464598891220e+00 1.999980585149277346e+00 -2.409307391721418057e-01
-5.953808331906060403e+00 -9.354231579910470273e-01 1.955321715117026571e+00 -1.612132006865692357e+00
-6.272284357567103896e-01 3.731737716854141240e+00 7.528351011015921301e-02 -4.961945920152499578e-02
3.210243397278125244e+00 3.128126219769452376e+00 1.026929611667728892e+00 -1.136870499447558913e+00
-5.894268624230179832e+00 -5.327841062568710484e+00 5.720937751465160481e-02 -1.701737480188241447e+00
-6.012696626702101810e+00 9.207665200493027058e-01 3.642586975588468778e-02 -1.514974036935373025e+00
4.580183599376502102e+00 -2.239076376147685288e+00 2.730810340962042115e-02 -1.261340553555569954e+00
5.261959540795805523e+00 5.143566146338311995e+00 1.759376515511289707e+00 -1.091825528644563281e-01
2.872492220899628634e+00 1.654320303327650343e+00 1.166272123626875157e+00 -4.874079729960426599e-01
-3.170081850263202661e+00 3.448339435836388134e+00 4.242725484303526695e-01 -9.430524320622589718e-01
2.768679240015105236e+00 -3.407827916259470236e+00 1.507663383007733282e+00 -3.214206307240441429e-01
-4.889684124121751907e+00 -1.609474086624644862e+00 9.227216049067240577e-01 -1.347206170561203731e+00
-2.344580924929603238e+00 4.074492859920590959e+00 4.319904561124421338e-02 -1.999730262331050223e+00
-3.666936834286338431e+00 2.605217263808084383e+00 1.878517899733076923e+00 -1.322344712438570102e-01
4.419239115096955217e+00 1.863753060782904925e+00 1.552960721131869892e+00 -1.553282516699281857e+00
-1.940741141389239921e+00 6.242387645118716577e+00 1.081504813407507815e+00 -1.674206402147362382e+00
3.975390342033602309e+00 -5.625801434317133420e+00 3.259667100167451537e-02 -1.995318629056135551e+00
-4.568438369261404119e+00 -4.943812809936317443e+00 5.535020444539574536e-01 -7.160595441376615966e-01
-9.036327585148926644e-01 -5.948569439468249342e+00 3.796163785874528962e-01 -2.782879878047905819e-02
-3.019719049038871006e+00 4.397851322957583520e+00 4.116026648574975244e-01 -1.241340755551569197e+00
-5.940283943422215884e+00 3.927082603953198969e+00 1.684969408444203509e-08 -1.633294455088458719e+00
4.937185121523988585e+00 4.975905357561117626e+00 1.502970958943046664e+00 -5.654016302723863241e-01
-1.676898669389313312e+00 -3.306605391339565880e+00 1.324067129191005998e+00 -1.210615641747498694e+00
7.115287237578815649e-02 -5.431098240027643520e+00 8.881641281670904498e-03 -1.141825927019904707e+00
5.586942476981143102e+00 4.471471138015161273e+00 5.365933603669144070e-01 -1.585527055144664299e-02
-6.039812936908752761e+00 3.895433024451275372e+00 1.991127423680683073e-03 -1.467751177318653566e+00
1.400079454735525530e-01 8.944207173651763654e-01 2.367780032841948490e-02 -1.276370920610355508e+00
2.473067971335916937e+00 -6.424074841799587432e-01 1.959385274357363649e+00 -2.719466117567559404e-02
-3.827346018587981735e+00 4.548605913648255950e+00 6.782604698924192821e-01 -1.979253414841364300e-02
-1.550937506012157741e+00 -4.469664502541792928e+00 1.466605492299052571e+00 -9.602927999816087690e-01
4.320826262149545016e+00 -5.549778665653745335e+00 5.401367215851493597e-03 -1.705497895743867787e+00
4.229004053211236069e-01 -4.488791994236082772e+00 1.432437145500059739e+00 -1.748502395356738459e+00
-5.877001672595132398e+00 4.711164402803548867e+00 9.975508472862034681e-01 -1.725917371789558175e+00
-6.767464076242708515e-01 6.174442328795377577e+00 1.215775487637777985e+00 -2.351764562104119438e-02
1.315901334130607836e+00 2.713653692021471997e+00 1.755146734680589571e+00 -1.487993946967433478e+00
-3.787882496352560580e+00 -3.116044215176975829e+00 9.489253549997070936e-01 -3.845324894658730397e-02
-5.449597193109637416e+00 -6.244067982078414403e+00 9.218451333327817299e-01 -1.995359051491450320e+00
5.074827686541855343e+00 2.480210438694065544e+00 1.969397461363547652e+00 -3.369563191309976613e-01
-3.619615322786564615e+00 -5.736117614376242457e+00 1.114681169484725842e-01 -1.830829090594191522e-01
1.174722020951135981e+00 3.803708684794377959e+00 3.024328401848608294e-02 -1.711863921841694891e+00
-4.555627224778586282e+00 -2.643929867659092103e+00 1.610638034673985697e-01 -6.915877061581288121e-01
-4.782043740187789993e+00 -6.706037919977996253e-01 1.973760070061576499e+00 -1.138859356703046055e+00
-2.774859727245319263e+00 5.084743144956682670e+00 1.677757377902850511e+00 -1.669448289279264142e+00
-5.723329889820194083e+00 9.098694772281490373e-01 3.082652187468670757e-02 -1.899974420309511469e+00
-4.454046628472605462e+00 6.201007062846022322e+00 1.163617525634668137e+00 -5.059996651427327574e-01
-6.002572873057289371e+00 -4.455210536930335863e+00 1.491975050576887840e+00 -1.532223575072072297e+00
-6.048856557965983427e+00 -4.622399416707696496e+00 1.179009037965695006e+00 -1.451688945788667029e+00
1.778973448089486098e+00 -6.573594113777208037e-01 1.967390938558706726e+00 -5.955711502175753402e-01
-5.936277929774863793e+00 -1.553665640677276194e+00 1.034254669724480102e+00 -1.639474657979497207e+00
4.132398298063778341e+00 8.105097961504474924e-01 1.260923122052282075e-03 -1.916795666777410423e+00
-4.532987109812370186e+00 3.440663317457774539e+00 4.368925294619938615e-01 -6.488455933793060293e-01
-1.495195482167148704e+00 2.099383084566337487e-01 5.923522097758084914e-01 -8.493737801304529489e-01
1.245456857581262788e+00 -7.561082882193117527e-01 1.998284697025909828e+00 -1.605726758094108586e+00
4.205030210141341485e+00 -3.515640399297036200e+00 1.680244016929402839e+00 -1.849331486614158582e+00
