-4.663049668911513734e+00 9.287058749218017883e-01 9.287058749218017883e-01 -9.851855420073084291e-02
-5.316122073181275276e+00 -3.955649417409912161e-02 -3.955649417409912161e-02 9.347185134392711481e-01
-1.919720231115583431e+00 -2.596873474448020414e-01 -2.596873474448020414e-01 6.425701097779820126e-01
4.682866246035832347e+00 -5.738292014854565748e-01 -5.738292014854565748e-01 5.901116564530744374e-02
3.149069932239491720e+00 -2.121227673269788783e-01 -2.121227673269788783e-01 1.495399990246144319e-02
2.890146645225621924e+00 -2.271034011634653904e-01 -2.271034011634653904e-01 -4.819615136169899672e-01
3.745366975381628549e+00 4.361758681664669179e-01 4.361758681664669179e-01 9.347478149195783681e-01
-2.363168882688312600e+00 -6.651268367640473800e-01 -6.651268367640473800e-01 9.999027172759865634e-01
-5.260430110020104522e-01 -1.408284715670140574e-01 -1.408284715670140574e-01 -8.684592817056079328e-01
-3.943414989485725108e+00 -6.686485288973466057e-01 -6.686485288973466057e-01 -9.994605416250151864e-01
1.021305038435809998e+00 -8.455546123039023865e-01 -8.455546123039023865e-01 8.907453996199015123e-01
2.287169166986444679e-01 2.708802074807816762e-01 2.708802074807816762e-01 4.416472277506035549e-01
-6.644420883848143333e-01 3.301984668739028628e-01 3.301984668739028628e-01 -9.708816762862975125e-01
5.271373990595645154e+00 1.151909583221542244e+00 1.151909583221542244e+00 -8.992141617414532995e-01
-2.886144662546531681e+00 5.469315800868275179e-01 5.469315800868275179e-01 4.889590142728411082e-01
-5.062974688436875148e+00 9.789014264503823615e-01 9.789014264503823615e-01 6.451131934855139916e-01
-2.279929784448087915e+00 4.328367984360037557e-01 4.328367984360037557e-01 9.883899247713340275e-01
2.595894318578640281e+00 -6.776091757014276462e-01 -6.776091757014276462e-01 -8.872719889214285560e-01
-2.720382404872440762e+00 -1.965378918047979706e-01 -1.965378918047979706e-01 7.462565290915892380e-01
5.942881569818020182e+00 -3.421808361726886849e-01 -3.421808361726886849e-01 -6.292652637411164651e-01
4.033719890969331701e+00 -1.286534028403130137e-01 -1.286534028403130137e-01 9.773041829566663230e-01
-5.671325002628253564e+00 6.077762870212244373e-01 6.077762870212244373e-01 9.403714249242307588e-01
-3.256841604158142722e+00 -6.805025737338964431e-01 -6.805025737338964431e-01 -2.284622848615516510e-01
-4.436599300541655744e+00 -1.047470940393219641e+00 -1.047470940393219641e+00 -5.240330193430583483e-01
-5.023697095689596992e+00 -1.030589728047184295e-01 -1.030589728047184295e-01 5.831624633455620987e-01
-6.372199358330092878e-01 -4.699834622658082273e-01 -4.699834622658082273e-01 -9.564068866373532929e-01
2.955535248274317794e+00 -9.676705123719018253e-01 -9.676705123719018253e-01 -3.635863176287983944e-01
-4.235439596227760006e+00 7.680538460874042350e-01 7.680538460874042350e-01 -8.156771645315280539e-01
-2.427695888066221386e+00 -3.384113319848830459e-01 -3.384113319848830459e-01 9.897925130933753479e-01
1.438405923852242196e+00 3.775653998811403511e-01 3.775653998811403511e-01 2.616977192630384752e-01
3.446122176373439316e+00 2.129750639286915881e-01 2.129750639286915881e-01 5.720959551715959490e-01
4.985847759630333442e+00 -1.094458963142182606e+00 -1.094458963142182606e+00 -5.200568929778882632e-01
-6.047065711126499821e+00 4.715578336834802542e-01 4.715578336834802542e-01 4.548815410025916495e-01
-4.580768007526780039e+00 -2.871955595338244738e-01 -2.871955595338244738e-01 -2.602121792691575175e-01
-3.769954853747511603e+00 -9.365173006499982744e-01 -9.365173006499982744e-01 -9.510835018657929352e-01
-2.556549372374851359e+00 -9.324094624830825406e-01 -9.324094624830825406e-01 9.207843667642933161e-01
-8.059451184917563182e-01 8.629940074070916456e-01 8.629940074070916456e-01 -9.991557640885009306e-01
1.141940796594720808e+00 3.762287002580089190e-01 3.762287002580089190e-01 7.563471889817712235e-01
2.084247141019320182e+00 -4.539840548560415412e-01 -4.539840548560415412e-01 -8.556997766858066568e-01
-9.593820861349424689e-01 -7.081831512967158293e-01 -7.081831512967158293e-01 -9.400675940582713386e-01
2.816973601405642569e+00 9.959298487574843595e-01 9.959298487574843595e-01 -6.045796973753466697e-01
4.130024593279175704e+00 -5.019818240238178575e-01 -5.019818240238178575e-01 9.186812377639614891e-01
3.625969846753848813e+00 7.616138675078913955e-01 7.616138675078913955e-01 8.241809287687688057e-01
1.964495559211245634e+00 1.085142473509009831e+00 1.085142473509009831e+00 -7.085197923131779651e-01
-3.950415231684452522e+00 -5.343833488674155641e-01 -5.343833488674155641e-01 -9.989027942943061733e-01
-4.213577498607545380e+00 8.380045182500150958e-02 8.380045182500150958e-02 -8.401842904630243414e-01
4.800873950981221938e+00 -1.606141221569556965e-01 -1.606141221569556965e-01 -1.760476518839776405e-01
5.077371585847187063e+00 5.461127791956712496e-01 5.461127791956712496e-01 -6.668437106719783403e-01
-1.649648157811076210e+00 9.271311986077435119e-01 9.271311986077435119e-01 1.570507810574695573e-01
-5.973063259923010015e+00 -1.608379049251662529e-01 -1.608379049251662529e-01 5.812338064913203928e-01
-2.948202606878399301e+00 -7.044252188661714875e-02 -7.044252188661714875e-02 3.772083286473819630e-01
-3.199810011557497447e+00 8.600103327222299310e-01 8.600103327222299310e-01 -1.161718091340820658e-01
-1.235104140795064254e+00 1.088821671425551196e+00 1.088821671425551196e+00 -6.220704924016106085e-01
2.012800034746033973e+00 8.355609128327634583e-01 8.355609128327634583e-01 -7.732860129053998888e-01
1.833359495248821247e+00 -3.799245243246428538e-01 -3.799245243246428538e-01 -5.013223230246456330e-01
5.773409633506014771e+00 1.015932738140900016e+00 1.015932738140900016e+00 -8.518731266747255892e-01
3.502189633911475752e+00 5.598939223601424597e-01 5.598939223601424597e-01 6.602818282200342281e-01
-1.165641817767911093e+00 -7.607200990081892655e-01 -7.607200990081892655e-01 -7.245002072488460065e-01
-2.854804169599198360e+00 5.694685913140029587e-01 5.694685913140029587e-01 5.426400429322990604e-01
-3.364845007351741302e+00 -2.327375942297071898e-01 -2.327375942297071898e-01 -4.318155575383864631e-01
-5.022854458296198921e+00 -8.014852211490104406e-01 -8.014852211490104406e-01 5.817925935309256058e-01
4.179824252846294996e+00 -2.257384272761190358e-01 -2.257384272761190358e-01 8.748516423482883830e-01
-2.974178730046641128e+00 9.080939889119858943e-01 9.080939889119858943e-01 3.286065820163742157e-01
2.183923014452595623e-01 -5.587031235304352750e-01 -5.587031235304352750e-01 4.230281323510901026e-01
1.683864731330286801e+00 1.013516408801874435e+00 1.013516408801874435e+00 -2.242143725120706865e-01
-5.414670448451612828e-01 -1.274952865291221205e-01 -1.274952865291221205e-01 -8.833369282620371354e-01
4.495275324084746060e+00 -1.239139706448064704e-01 -1.239139706448064704e-01 4.207095485804989154e-01
-5.960698081134536253e+00 -1.004712962752067229e+00 -1.004712962752067229e+00 6.011780229889968075e-01
2.419423315889083881e+00 -6.194359099164363780e-01 -6.194359099164363780e-01 -9.920148809102224963e-01
1.752663331583647732e+00 3.352922545803047605e-01 3.352922545803047605e-01 -3.557664170108000290e-01
4.471156666333282459e+00 8.861520259773714159e-02 8.861520259773714159e-02 4.639638834289198654e-01
-2.092206889390706870e+00 -2.529927495672446014e-02 -2.529927495672446014e-02 8.638289042427967912e-01
1.129842084799808966e+00 8.226644704436216760e-01 8.226644704436216760e-01 7.719534672838470613e-01
3.964989244303732008e+00 -2.365729216667521451e-01 -2.365729216667521451e-01 9.971136286359595369e-01
-1.072389689589503980e+00 3.532719693456864984e-01 3.532719693456864984e-01 -8.397449198802113823e-01
-2.829650474662135373e+00 -5.801712994266550183e-02 -5.801712994266550183e-02 5.841921643714542700e-01
4.615494791768968597e+00 -1.833262394187817890e-02 -1.833262394187817890e-02 1.925777333322867546e-01
4.596679235730869451e-01 6.024519572553561630e-01 6.024519572553561630e-01 7.951990874104674090e-01
-3.359908300376878820e+00 -4.785386923018641880e-02 -4.785386923018641880e-02 -4.228892112716982621e-01
2.480963133272828358e+00 2.748664795447697262e-01 2.748664795447697262e-01 -9.690267952182809452e-01
9.079442257618781653e-01 1.198267185413210756e+00 1.198267185413210756e+00 9.701149754202514908e-01
-2.382824816326356121e+00 -5.098931945266523824e-01 -5.098931945266523824e-01 9.985819867137207817e-01
3.767346194174027829e+00 -7.751861242380098105e-01 -7.751861242380098105e-01 9.494587578588915555e-01
-2.603826994425694430e+00 1.647110036955234946e-02 1.647110036955234946e-02 8.798427915282653888e-01
5.108927078519146292e+00 -5.074321016359305547e-01 -5.074321016359305547e-01 -7.125150743086962057e-01
-3.032465450617610525e+00 9.024644350093777856e-01 9.024644350093777856e-01 2.165257706760355394e-01
-5.722570595660948278e+00 5.050938228107797467e-01 5.050938228107797467e-01 9.006353998356854129e-01
-3.148880632615539188e+00 -4.263995086881164909e-01 -4.263995086881164909e-01 -1.457544192581503896e-02
-1.651414543807210755e+00 -2.200730199846124835e-01 -2.200730199846124835e-01 1.605387259260798449e-01
1.109825580505052756e+00 2.551614803405044540e-03 2.551614803405044540e-03 7.967763151688993517e-01
-3.897486085847319703e+00 5.016851044398960013e-01 5.016851044398960013e-01 -9.982594468360969087e-01
-4.006775184846064874e+00 -9.426942109714895324e-01 -9.426942109714895324e-01 -9.872958998188908764e-01
5.804863733079393739e+00 4.216539543462403117e-01 4.216539543462403117e-01 -8.172617348124258108e-01
2.175052419489720279e-01 5.247033368187645763e-01 5.247033368187645763e-01 4.214199088764608581e-01
-7.843022343487078274e-01 4.229819574659108294e-01 4.229819574659108294e-01 -9.999975978800019760e-01
-3.249429454090185576e+00 -1.034755285215902543e+00 -1.034755285215902543e+00 -2.140054721259473103e-01
3.631042704871649818e-01 5.048083895381121344e-01 5.048083895381121344e-01 6.640395503856200143e-01
3.559228922601226586e+00 -8.630785012815674895e-01 -8.630785012815674895e-01 7.414794056332322247e-01
-4.626964522025678761e+00 2.573984976276983971e-01 2.573984976276983971e-01 -1.700189673907221977e-01
5.689947772599243336e+00 5.851154658532786712e-02 5.851154658532786712e-02 -9.270531270666498846e-01
-8.947793404148196572e-01 9.627892095579879683e-01 9.627892095579879683e-01 -9.761667928502384406e-01
-1.508882372953379125e+00 -7.849167497492246515e-01 -7.849167497492246515e-01 -1.235117007497443381e-01
3.957985510866441459e+00 8.486545015110527057e-01 8.486545015110527057e-01 9.980792730831089532e-01
