-2.593521101096486259e+00 -4.645337579395234506e+00 9.977528968960639455e-01 8.535309110877534744e-01
1.901346315755064964e+00 1.823199926334323706e+00 9.683149633976790849e-01 3.245632922038900747e-01
-3.111851805349556965e+00 -2.572476878483791474e+00 -5.388874080738219607e-01 9.995577735708556233e-01
-2.110351364157094345e+00 -3.120994583256452515e+00 -2.059661380430489672e-02 5.137542924510400955e-01
-4.087012534142903775e+00 -4.589325030620659440e+00 9.924371841035550812e-01 5.854025154942311682e-01
1.336175422361041143e+00 2.875824942328288003e+00 2.626501032759508414e-01 -2.324742929151022430e-01
3.889174738957162702e+00 5.059338983100687415e-01 4.846245531876374191e-01 7.333348727605607520e-01
5.338294395971962203e+00 -2.637122452103654702e+00 -4.833437063106318932e-01 -5.858312916645037616e-01
2.399449723103094456e+00 -3.402909987553179416e+00 2.583533867992749977e-01 7.370219121339111057e-01
2.953926013506768200e+00 -5.358277597998508668e-01 -5.105529604677283562e-01 9.824422371994403491e-01
5.315883092644265062e+00 1.220537685600731947e+00 9.392839939301768082e-01 -5.675228360115712745e-01
3.752363393195107477e+00 -6.170853233822823469e+00 1.120959787517926826e-01 8.192062427974454719e-01
-4.117490607445128070e+00 -3.911344845168859941e+00 6.959573129452810702e-01 5.604245893068618978e-01
2.676498464263190158e+00 -3.900526696208026056e+00 6.881484095619788688e-01 8.937793250002545875e-01
-1.057476193923604590e+00 -4.147647309856628439e+00 8.447268859253959095e-01 -4.910721786320966231e-01
1.871021002434298808e-01 -1.854423958398636607e+00 -9.600466004259687880e-01 -9.825474051510461049e-01
-4.841244884542240001e+00 -5.271221423885197765e+00 8.478747232863226291e-01 -1.284996161844134399e-01
3.441606492388801897e+00 -1.494374053313375583e+00 -9.970812390250630708e-01 9.553323993893837462e-01
5.530474637979274632e-01 -4.253581107041657816e+00 8.965811030532111481e-01 -8.509276954074774801e-01
6.067258790091974774e+00 -6.110177641941472615e+00 1.721458884249985888e-01 -9.767783048624200104e-01
2.058304216479340809e+00 2.158020121539854230e+00 8.324820473526107767e-01 4.684255581914500977e-01
-3.956768110547029149e+00 1.320936421555845008e+00 9.689470722008606263e-01 6.857406983808810308e-01
3.141866144343358869e+00 3.491546934847596262e+00 -3.428548601582177002e-01 9.999999626014041132e-01
5.147631823348840285e+00 -3.426880168297296247e+00 2.814333565099591539e-01 -4.216306159477990478e-01
-3.446838107111396710e+00 3.608009705234911380e+00 -4.496889421173796419e-01 9.537732158176843722e-01
6.062236458648943227e+00 -3.516966806509080445e+00 3.666206555837621672e-01 -9.756899431976654435e-01
4.849891455623005498e+00 -4.697182368188422608e+00 9.998843817007566637e-01 -1.370695930363859394e-01
-5.444694257601192078e+00 5.855087576522139514e+00 -4.151409515429129726e-01 -6.685856950813486854e-01
1.385326908545682301e+00 1.748319543422208966e+00 9.842840921341297067e-01 -1.844079214583256576e-01
-5.259353269110629725e+00 -4.388372674371438187e+00 9.479643699978176352e-01 -5.200968061811760412e-01
-9.913908228335168715e-01 -5.352656107699287347e-01 -5.100695180545680163e-01 -5.475265662465116367e-01
-9.239450571906004939e-01 -3.835378386262444650e-01 -3.742036069039976764e-01 -6.026767565652849656e-01
2.411198926315273994e+00 3.245620342785928258e+00 -1.038401635763852304e-01 7.449117798289026648e-01
7.669283538428510738e-01 -7.393718334312371354e-02 -7.386983626681153936e-02 -7.200455606345281812e-01
1.002107979766011958e+00 -1.572355266287828179e+00 -9.999987848540747848e-01 -5.385273029346882012e-01
-3.925336166495387413e+00 2.508538893250991109e+00 5.916095294461822807e-01 7.082758272535583099e-01
-5.530237414413033292e+00 6.103597089444363633e+00 -1.786244288747286524e-01 -7.296762946019595963e-01
-3.355544238482120356e+00 -5.325768496212802461e+00 8.177073262342081650e-01 9.771995338993068048e-01
-3.266762933375675360e-01 3.364987438595113289e+00 -2.215413212456270320e-01 -9.471141400454314851e-01
-4.438996393331313683e+00 2.389619034665990682e-01 2.366941559443436760e-01 2.699995720912726771e-01
6.206694118514381131e+00 2.557499341852926378e+00 5.514432384936783782e-01 -9.970759751273658988e-01
-6.152944158096988581e+00 -4.365507048777533150e+00 9.404373234786096436e-01 -9.915306037294351338e-01
3.160791769942235874e+00 4.329453255253914890e+00 -9.275717147602065005e-01 9.998157026268411629e-01
2.442904429496724816e+00 2.182758769840267732e+00 8.185222204974524907e-01 7.656865982297578199e-01
-1.951096765207703143e+00 5.640243143702594608e+00 -5.995527500442918711e-01 3.711994591976859326e-01
1.630078268403717168e+00 4.981517944157824118e+00 -9.640028634722654921e-01 5.924722480830366123e-02
5.965763445763281325e+00 -2.706496132749086847e+00 -4.214979312624191898e-01 -9.500432586845283245e-01
3.320780792873403442e-01 -1.525801264988555950e+00 -9.989878929793852835e-01 -9.453669142072427256e-01
4.510875404577934233e-01 7.606422943597683783e-01 6.893868610554709786e-01 -8.999735273305705663e-01
-1.382203828821637615e+00 3.574597348543283815e+00 -4.196000813272198759e-01 -1.874765354111114501e-01
4.974852938968837179e+00 -1.544625613314365431e+00 -9.996575664232039138e-01 -2.594609139856222102e-01
-5.225465361434977751e-03 -5.558673631686519734e+00 6.627698530007943845e-01 -9.999863472869444658e-01
4.326977747299983079e+00 2.436058944923482628e+00 6.484402159072710781e-01 3.759402351592285307e-01
-4.722777408969173862e+00 -5.276573231552154297e+00 8.450250841876408847e-01 -1.038824173324505960e-02
-5.122824303305746341e+00 -4.087587147114398967e+00 8.110790503943171581e-01 -3.990085339179251234e-01
-5.848750545682131374e+00 -3.937566968392021138e-01 -3.836603271392782788e-01 -9.071080948008573008e-01
3.585135625437537499e+00 1.344795941741484313e+00 9.745704270637399746e-01 9.032368963342494173e-01
-4.260358573828746387e+00 -1.986079233571675928e+00 -9.150022187112815120e-01 4.367929099714923380e-01
4.830587331786269090e-01 2.156368851293670730e+00 8.333958015908536909e-01 -8.855783164044207512e-01
-4.161979086954321616e-01 -4.466116757136416204e+00 9.698279541517225155e-01 -9.146326792974956987e-01
4.502704464820217467e+00 -1.175170927225519080e+00 -9.227557249998965538e-01 2.081513359461061308e-01
7.375181355424746954e-01 -1.565332052052180067e+00 -9.999850708879145511e-01 -7.401397738603777698e-01
-4.695681746367212028e+00 -2.443373902461676295e-02 -2.443130790919417414e-02 1.670645677530762513e-02
9.783826222674223416e-01 -1.062467783759988293e-01 -1.060469988709051709e-01 -5.583650455741183682e-01
-8.345034271224864852e-01 -1.432515846040467444e+00 -9.904544792571630119e-01 -6.715457076355871857e-01
5.222505576013061201e-01 -5.680092960608149610e+00 5.671919933614630871e-01 -8.666987254952104314e-01
-7.300523392230733322e-01 -1.476957491181654980e+00 -9.956003663850706564e-01 -7.451394978856358264e-01
-2.692736324779148926e+00 4.055544856506186235e+00 -7.919232151364551386e-01 9.009439709089158699e-01
-4.721550342434429837e+00 2.910452754304719392e+00 2.290872568087929106e-01 -9.161233897244810964e-03
2.929755378730469317e+00 -3.966142068864279668e+00 7.342419602864571626e-01 9.776462660966576124e-01
-6.049749866010992072e+00 -6.235512613694318418e+00 4.765463802894875228e-02 -9.728774474517151161e-01
1.345784929980148981e+00 -3.852643154263347913e+00 6.526300708704484421e-01 -2.231174716651112000e-01
1.752517115342325127e+00 -2.680260458770893361e+00 -4.451414291602483475e-01 1.807222944859595004e-01
3.143759262991213888e+00 4.889965483293853055e+00 -9.842746807918416607e-01 9.999976529027689853e-01
4.751878843135589392e+00 2.891411433665000530e+00 2.475795414273002093e-01 -3.947959981161758281e-02
2.169910423851497683e-01 3.163052507567194027e+00 -2.145820688092884426e-02 -9.765496742264230257e-01
1.544745270181602237e-01 8.990244517133749724e-01 7.827201264402637859e-01 -9.880925169358327764e-01
5.355553756949646527e+00 -8.421792214603813775e-01 -7.460958999769753408e-01 -5.997309002866005878e-01
5.669868327365580996e+00 1.907440297628053116e+00 9.438685467496865655e-01 -8.177433225035158904e-01
-3.269169474707463330e+00 -1.216167415400610352e+00 -9.377754110802576371e-01 9.918731090010939333e-01
5.396467434829293808e+00 -1.203834356178800746e+00 -9.334216397126452458e-01 -6.319590805389774246e-01
-5.183851439766130831e+00 3.365135539692950317e+00 -2.216857397468550150e-01 -4.541896830078833158e-01
-5.042339124182500854e+00 5.633493567508224942e+00 -6.049409759328151504e-01 -3.239958619138022522e-01
4.517476037901232644e+00 -2.017948960462641494e+00 -9.016819567139293667e-01 1.936811266545293564e-01
3.918931974867710721e+00 5.510125960757079611e+00 -6.983283148686376673e-01 7.127822200387746721e-01
-2.546808971879784167e+00 7.088302075337509223e-01 6.509461992253253726e-01 8.282697277579167405e-01
4.449945907518236154e+00 6.114453879147649928e+00 -1.679319280644558099e-01 2.594407434717855288e-01
5.099552525666629421e+00 -5.783939654970774669e+00 4.787633997935508701e-01 -3.775634265771458664e-01
2.389071566954550363e-01 1.072520366382478052e+00 8.784078058642778020e-01 -9.715971664865202806e-01
4.110654244422146775e+00 2.244359845237049456e-01 2.225565277117398932e-01 5.660733624577101164e-01
-4.309023740245399026e-01 5.301353477161315553e+00 -8.315163471347276625e-01 -9.085892062664543412e-01
-4.466772479320386680e+00 -2.992299092576604647e+00 -1.487395888042127301e-01 2.431543693494297720e-01
-2.694527912720860563e+00 3.667131335476746301e+00 -5.016790662644174947e-01 9.017199580659874814e-01
3.809662913694417341e+00 -2.635193087494000164e+00 -4.850318306090329878e-01 7.850185471359981682e-01
-3.942570460298894464e+00 8.886415988402616151e-01 7.762160368157671186e-01 6.960049407977515479e-01
-5.980985865587244987e-01 -1.266456356173059739e+00 -9.540449471046824614e-01 -8.264077411035543053e-01
2.327536886992126242e+00 5.046184263814675219e+00 -9.448056978723960997e-01 6.865552304204382006e-01
-1.321347832453406035e+00 -4.478566549076782977e+00 9.727878556019954326e-01 -2.468695609734312957e-01
-6.294226939736198290e-01 -3.674084291901257959e+00 5.076815728919500392e-01 -8.083674904618212143e-01
5.530553733153624307e+00 1.562461083359307779e+00 9.999652620595573804e-01 -7.298925545504557633e-01
1.681214017143910056e+00 2.851230994610769898e+00 2.862987638980766247e-01 1.101934571183143946e-01
1.936947027548445277e+00 -1.979949297260787944e+00 -9.174581276513169570e-01 3.580239548351412116e-01
3.719230282045080216e+00 -2.249049666391392144e+00 -7.786698199516373098e-01 8.377549508010954105e-01
