-2.593521101096486259e+00 -4.645337579395234506e+00 9.527641668181978662e-01 -3.094465319611461318e-01 6.433176348570517344e-01 6.433176348570517344e-01 5.770589430639661011e-01 5.770589430639661011e-01
1.901346315755064964e+00 1.823199926334323706e+00 1.134528846846779571e+00 -6.662803355251781801e-01 4.682485113216013906e-01 4.682485113216013906e-01 -8.348403665556938247e-01 -8.348403665556938247e-01
-3.111851805349556965e+00 -2.572476878483791474e+00 -2.546783811470965109e-01 -5.971123599614720501e-01 -8.517907411085685609e-01 -8.517907411085685609e-01 8.259806743060502665e-01 8.259806743060502665e-01
-2.110351364157094345e+00 -3.120994583256452515e+00 4.806946503202793597e-01 -1.099493831280008882e+00 -6.187991809597295223e-01 -6.187991809597295223e-01 4.959747037081231880e-01 4.959747037081231880e-01
-4.087012534142903775e+00 -4.589325030620659440e+00 -1.164522991818977005e+00 9.679948243605014380e-01 -1.965281674584755667e-01 -1.965281674584755667e-01 -7.327510651086973636e-01 -7.327510651086973636e-01
1.336175422361041143e+00 2.875824942328288003e+00 9.086108716914489403e-01 -1.121654721689778311e+00 -2.130438499983293710e-01 -2.130438499983293710e-01 -4.797665447512048931e-01 -4.797665447512048931e-01
3.889174738957162702e+00 5.059338983100687415e-01 7.851264055974920275e-01 -8.389079319176077076e-01 -5.378152632011568013e-02 -5.378152632011568013e-02 -3.119838058103077127e-01 -3.119838058103077127e-01
5.338294395971962203e+00 -2.637122452103654702e+00 -3.112663349426695314e-01 -6.852843092800324776e-01 -9.965506442227020090e-01 -9.965506442227020090e-01 -9.045723862825174599e-01 -9.045723862825174599e-01
2.399449723103094456e+00 -3.402909987553179416e+00 5.048509879670624034e-01 -3.381135865821341957e-01 1.667374013849282077e-01 1.667374013849282077e-01 5.373873649114486728e-01 5.373873649114486728e-01
2.953926013506768200e+00 -5.358277597998508668e-01 -2.065923702494186776e-01 7.276996663872201676e-01 5.211072961378014901e-01 5.211072961378014901e-01 -7.494969900281480690e-01 -7.494969900281480690e-01
5.315883092644265062e+00 1.220537685600731947e+00 -4.392892074917509326e-02 8.294759093547490192e-01 7.855469886055739259e-01 7.855469886055739259e-01 9.681068833401399454e-01 9.681068833401399454e-01
3.752363393195107477e+00 -6.170853233822823469e+00 -2.801677036673118071e-01 -1.094828376654847224e+00 -1.374996080322159031e+00 -1.374996080322159031e+00 -7.497561661340980121e-01 -7.497561661340980121e-01
-4.117490607445128070e+00 -3.911344845168859941e+00 4.700307214375833986e-01 -4.100495956936806019e-01 5.998112574390279672e-02 5.998112574390279672e-02 -1.739641870686783609e-01 -1.739641870686783609e-01
2.676498464263190158e+00 -3.900526696208026056e+00 -9.215500586010705319e-02 -7.854540880250879820e-01 -8.776090938851950352e-01 -8.776090938851950352e-01 3.398600584138989911e-01 3.398600584138989911e-01
-1.057476193923604590e+00 -4.147647309856628439e+00 2.714696048808293849e-01 -1.109798756434312361e+00 -8.383291515534829763e-01 -8.383291515534829763e-01 4.730368854294784153e-01 4.730368854294784153e-01
1.871021002434298808e-01 -1.854423958398636607e+00 1.112561009252020616e+00 8.239757134068537159e-01 1.936536722658874332e+00 1.936536722658874332e+00 -9.637571024335378489e-02 -9.637571024335378489e-02
-4.841244884542240001e+00 -5.271221423885197765e+00 -8.958342980591793570e-01 -8.302099876023421032e-01 -1.726044285661521460e+00 -1.726044285661521460e+00 -7.727154056877721944e-01 -7.727154056877721944e-01
3.441606492388801897e+00 -1.494374053313375583e+00 1.161903705323800162e+00 -7.792017797487880149e-01 3.827019255750121474e-01 3.827019255750121474e-01 -3.676084643461109414e-01 -3.676084643461109414e-01
5.530474637979274632e-01 -4.253581107041657816e+00 4.387579278434960983e-02 -8.256594406957862287e-01 -7.817836479114366188e-01 -7.817836479114366188e-01 -8.478171674880601305e-01 -8.478171674880601305e-01
6.067258790091974774e+00 -6.110177641941472615e+00 8.702800668125327821e-01 1.325407644752267800e-01 1.002820831287759562e+00 1.002820831287759562e+00 9.990791274470540717e-01 9.990791274470540717e-01
2.058304216479340809e+00 2.158020121539854230e+00 2.452407693425058266e-01 3.768967896593502509e-01 6.221375590018560775e-01 6.221375590018560775e-01 -4.759682338473091301e-01 -4.759682338473091301e-01
-3.956768110547029149e+00 1.320936421555845008e+00 1.235252059506635192e-01 1.076300170333904793e+00 1.199825376284568312e+00 1.199825376284568312e+00 -8.748060607347335482e-01 -8.748060607347335482e-01
3.141866144343358869e+00 3.491546934847596262e+00 4.281047334031677920e-01 8.640617957234919544e-02 5.145109129755169874e-01 5.145109129755169874e-01 9.392945859573862410e-01 9.392945859573862410e-01
5.147631823348840285e+00 -3.426880168297296247e+00 -3.859099562757600799e-01 8.993942877704721450e-01 5.134843314947120652e-01 5.134843314947120652e-01 -1.493939621966791642e-01 -1.493939621966791642e-01
-3.446838107111396710e+00 3.608009705234911380e+00 -6.358136719531911618e-01 -9.473699360093114086e-01 -1.583183607962502570e+00 -1.583183607962502570e+00 9.870399489515988556e-01 9.870399489515988556e-01
6.062236458648943227e+00 -3.516966806509080445e+00 1.234357768160938562e-01 2.605570487365409527e-01 3.839928255526348089e-01 3.839928255526348089e-01 -8.274062203933673088e-01 -8.274062203933673088e-01
4.849891455623005498e+00 -4.697182368188422608e+00 1.708661651569087780e-02 -4.862983908202789252e-02 -3.154322256633701471e-02 -3.154322256633701471e-02 9.883626090945619724e-01 9.883626090945619724e-01
-5.444694257601192078e+00 5.855087576522139514e+00 -6.944923717948741082e-01 -7.809625909111339581e-02 -7.725886308859875040e-01 -7.725886308859875040e-01 9.169639712906940687e-01 9.169639712906940687e-01
1.385326908545682301e+00 1.748319543422208966e+00 -8.648415991581516193e-01 9.495403262386716836e-01 8.469872708052006427e-02 8.469872708052006427e-02 -9.999684291060136898e-01 -9.999684291060136898e-01
-5.259353269110629725e+00 -4.388372674371438187e+00 8.446698510895094270e-01 7.723571645201920965e-02 9.219055675415286366e-01 9.219055675415286366e-01 -9.752498725410695402e-01 -9.752498725410695402e-01
-9.913908228335168715e-01 -5.352656107699287347e-01 4.833127071200311597e-01 5.806548610945843070e-01 1.063967568214615467e+00 1.063967568214615467e+00 4.412556140673343230e-02 4.412556140673343230e-02
-9.239450571906004939e-01 -3.835378386262444650e-01 -1.060858047905359092e+00 -4.821303728139946232e-01 -1.542988420719353826e+00 -1.542988420719353826e+00 2.602812013035491479e-01 2.602812013035491479e-01
2.411198926315273994e+00 3.245620342785928258e+00 -5.917462980005261386e-01 1.092629408491648357e+00 5.008831104911222187e-01 5.008831104911222187e-01 8.101630979465873628e-01 8.101630979465873628e-01
7.669283538428510738e-01 -7.393718334312371354e-02 -4.306448304116154979e-01 6.010885121359776928e-01 1.704436817243621949e-01 1.704436817243621949e-01 7.693385763894561302e-01 7.693385763894561302e-01
1.002107979766011958e+00 -1.572355266287828179e+00 -3.735859309198706901e-01 -5.778764984382311898e-01 -9.514624293581018799e-01 -9.514624293581018799e-01 8.417675056898519248e-01 8.417675056898519248e-01
-3.925336166495387413e+00 2.508538893250991109e+00 2.173116533845609322e-01 6.281516704625802472e-01 8.454633238471411794e-01 8.454633238471411794e-01 1.533910754862614634e-01 1.533910754862614634e-01
-5.530237414413033292e+00 6.103597089444363633e+00 2.391264202169203212e-01 9.670461650921036156e-01 1.206172585309023937e+00 1.206172585309023937e+00 8.400832388137561280e-01 8.400832388137561280e-01
-3.355544238482120356e+00 -5.325768496212802461e+00 6.240042056393972913e-01 7.923756627895182092e-01 1.416379868428915501e+00 1.416379868428915501e+00 -7.361275696687792358e-01 -7.361275696687792358e-01
-3.266762933375675360e-01 3.364987438595113289e+00 -6.128782422739005309e-01 4.348900418808456791e-01 -1.779882003930548517e-01 -1.779882003930548517e-01 -9.946712044320745738e-01 -9.946712044320745738e-01
-4.438996393331313683e+00 2.389619034665990682e-01 7.752072975563302215e-01 -9.883472506283758063e-01 -2.131399530720455848e-01 -2.131399530720455848e-01 -4.902307605186314032e-01 -4.902307605186314032e-01
6.206694118514381131e+00 2.557499341852926378e+00 6.504128590912374719e-01 8.275483656148885370e-01 1.477961224706126009e+00 1.477961224706126009e+00 -7.896337295245212662e-01 -7.896337295245212662e-01
-6.152944158096988581e+00 -4.365507048777533150e+00 -6.627607912139391599e-01 -6.390375357203744722e-01 -1.301798326934313632e+00 -1.301798326934313632e+00 -4.592254552457445405e-01 -4.592254552457445405e-01
3.160791769942235874e+00 4.329453255253914890e+00 8.359735804754753197e-02 -6.456241231927105639e-01 -5.620267651451630320e-01 -5.620267651451630320e-01 3.557688461574720074e-01 3.557688461574720074e-01
2.442904429496724816e+00 2.182758769840267732e+00 -6.253290314287670570e-01 6.388520764867722246e-01 1.352304505800516754e-02 1.352304505800516754e-02 -8.661710593902005595e-02 -8.661710593902005595e-02
-1.951096765207703143e+00 5.640243143702594608e+00 -1.001664699549031923e-02 -2.511588628927431399e-01 -2.611755098882334591e-01 -2.611755098882334591e-01 -8.538006066710691622e-01 -8.538006066710691622e-01
1.630078268403717168e+00 4.981517944157824118e+00 -7.252013168449935598e-01 8.075778260095423100e-02 -6.444435342440393288e-01 -6.444435342440393288e-01 9.465560838610249661e-01 9.465560838610249661e-01
5.965763445763281325e+00 -2.706496132749086847e+00 -1.130481153173043651e+00 -7.474137516012770988e-01 -1.877894904774320750e+00 -1.877894904774320750e+00 -9.930843230954177203e-01 -9.930843230954177203e-01
3.320780792873403442e-01 -1.525801264988555950e+00 7.117406100881065178e-01 -9.082056794074300221e-02 6.209200421473635156e-01 6.209200421473635156e-01 3.682008141895532494e-01 3.682008141895532494e-01
4.510875404577934233e-01 7.606422943597683783e-01 8.276940437657736016e-01 -5.738611679494831641e-02 7.703079269708252852e-01 7.703079269708252852e-01 3.514004127162612123e-01 3.514004127162612123e-01
-1.382203828821637615e+00 3.574597348543283815e+00 -1.146548372321269937e+00 1.175296689088180413e+00 2.874831676691047555e-02 2.874831676691047555e-02 -5.823343397813079969e-01 -5.823343397813079969e-01
4.974852938968837179e+00 -1.544625613314365431e+00 9.107604562303606155e-01 1.026194262234104260e+00 1.936954718464464875e+00 1.936954718464464875e+00 -9.586334008116766947e-01 -9.586334008116766947e-01
-5.225465361434977751e-03 -5.558673631686519734e+00 4.710481994426469754e-01 9.811392775201366323e-01 1.452187476962783608e+00 1.452187476962783608e+00 7.522761996781499594e-01 7.522761996781499594e-01
4.326977747299983079e+00 2.436058944923482628e+00 1.074633758643856352e+00 7.231936876876621234e-01 1.797827446331518475e+00 1.797827446331518475e+00 8.870635402756775756e-01 8.870635402756775756e-01
-4.722777408969173862e+00 -5.276573231552154297e+00 9.698471661931316046e-01 1.061997298142898005e+00 2.031844464336029610e+00 2.031844464336029610e+00 -8.394246174118910053e-01 -8.394246174118910053e-01
-5.122824303305746341e+00 -4.087587147114398967e+00 1.084261663281244070e+00 4.409048059719309354e-01 1.525166469253175006e+00 1.525166469253175006e+00 -9.771113515508983438e-01 -9.771113515508983438e-01
-5.848750545682131374e+00 -3.937566968392021138e-01 -1.023680029535704028e+00 5.423012300371559125e-01 -4.813787994985481156e-01 -4.813787994985481156e-01 9.991727616068892814e-01 9.991727616068892814e-01
3.585135625437537499e+00 1.344795941741484313e+00 1.177282652412472430e-01 6.404697031837007781e-01 7.581979684249480211e-01 7.581979684249480211e-01 2.158307832843443796e-01 2.158307832843443796e-01
-4.260358573828746387e+00 -1.986079233571675928e+00 3.854360542286370261e-01 5.804547496478695834e-02 4.434815291934239845e-01 4.434815291934239845e-01 9.993248866066843927e-01 9.993248866066843927e-01
4.830587331786269090e-01 2.156368851293670730e+00 -5.356644897585921550e-01 6.170781921938317538e-02 -4.739566705392089796e-01 -4.739566705392089796e-01 -8.765425164295539417e-01 -8.765425164295539417e-01
-4.161979086954321616e-01 -4.466116757136416204e+00 -9.848863225740911442e-01 3.780513784874641736e-01 -6.068349440866269706e-01 -6.068349440866269706e-01 1.691091053086554719e-01 1.691091053086554719e-01
4.502704464820217467e+00 -1.175170927225519080e+00 7.633657302928975597e-03 9.618794752965984518e-01 9.695131325995274274e-01 9.695131325995274274e-01 -9.827627432262402429e-01 -9.827627432262402429e-01
7.375181355424746954e-01 -1.565332052052180067e+00 -3.254221639105248087e-02 7.386692695561833943e-01 7.061270531651309135e-01 7.061270531651309135e-01 6.764873257718989619e-01 6.764873257718989619e-01
-4.695681746367212028e+00 -2.443373902461676295e-02 2.001751550597470342e-01 1.113398132842922328e+00 1.313573287902669362e+00 1.313573287902669362e+00 7.726428130086350141e-03 7.726428130086350141e-03
9.783826222674223416e-01 -1.062467783759988293e-01 3.320527697788151489e-01 -2.002398503646061201e-01 1.318129194142090288e-01 1.318129194142090288e-01 6.431925903963008340e-01 6.431925903963008340e-01
-8.345034271224864852e-01 -1.432515846040467444e+00 1.113402641817594629e+00 2.375610754346157982e-02 1.137158749361056209e+00 1.137158749361056209e+00 -6.413242489026198534e-01 -6.413242489026198534e-01
5.222505576013061201e-01 -5.680092960608149610e+00 -5.248769459116526814e-01 9.724866382392967079e-01 4.476096923276440265e-01 4.476096923276440265e-01 4.308671001322095240e-01 4.308671001322095240e-01
-7.300523392230733322e-01 -1.476957491181654980e+00 2.525109482957108575e-01 -1.782614112357210345e-01 7.424953705998982301e-02 7.424953705998982301e-02 -5.941540347719961312e-01 -5.941540347719961312e-01
-2.692736324779148926e+00 4.055544856506186235e+00 -4.858206832466993585e-01 5.115935355835548037e-01 2.577285233685544519e-02 2.577285233685544519e-02 2.064914805201048253e-01 2.064914805201048253e-01
-4.721550342434429837e+00 2.910452754304719392e+00 4.139343612598316291e-01 -1.040230072482289714e+00 -6.262957112224580847e-01 -6.262957112224580847e-01 -2.379952422108135013e-01 -2.379952422108135013e-01
2.929755378730469317e+00 -3.966142068864279668e+00 -3.973934575265457569e-01 -9.384119185688550857e-01 -1.335805376095400732e+00 -1.335805376095400732e+00 5.093330795506970654e-01 5.093330795506970654e-01
-6.049749866010992072e+00 -6.235512613694318418e+00 4.393784792077539691e-01 1.042669182071003009e+00 1.482047661278756978e+00 1.482047661278756978e+00 9.607486090325649819e-01 9.607486090325649819e-01
1.345784929980148981e+00 -3.852643154263347913e+00 -5.627711580662739799e-01 -1.911130348733158790e-01 -7.538841929395898589e-01 -7.538841929395898589e-01 -8.052291986454462869e-01 -8.052291986454462869e-01
1.752517115342325127e+00 -2.680260458770893361e+00 -7.865287164548988574e-01 1.034051922623923092e+00 2.475232061690242347e-01 2.475232061690242347e-01 5.996414394255155100e-01 5.996414394255155100e-01
3.143759262991213888e+00 4.889965483293853055e+00 6.444450214040253755e-02 4.895987958717324950e-01 5.540432980121350326e-01 5.540432980121350326e-01 -1.787768301884211652e-01 -1.787768301884211652e-01
4.751878843135589392e+00 2.891411433665000530e+00 -1.044212195186089653e+00 -7.716124008540281576e-01 -1.815824596040117811e+00 -1.815824596040117811e+00 2.091360186621367412e-01 2.091360186621367412e-01
2.169910423851497683e-01 3.163052507567194027e+00 7.714721765431133971e-01 4.301110804697245715e-01 1.201583257012837969e+00 1.201583257012837969e+00 -9.717050352376264133e-01 -9.717050352376264133e-01
1.544745270181602237e-01 8.990244517133749724e-01 3.478600140293082177e-01 -3.749085517515734489e-01 -2.704853772226523123e-02 -2.704853772226523123e-02 4.945329128258848517e-01 4.945329128258848517e-01
5.355553756949646527e+00 -8.421792214603813775e-01 -3.474974655848549476e-01 5.354241591984232329e-01 1.879266936135682853e-01 1.879266936135682853e-01 -1.977033248471872784e-01 -1.977033248471872784e-01
5.669868327365580996e+00 1.907440297628053116e+00 -2.353125061384386818e-02 -8.374211556685633440e-01 -8.609524062824072121e-01 -8.609524062824072121e-01 2.731567021797285388e-01 2.731567021797285388e-01
-3.269169474707463330e+00 -1.216167415400610352e+00 9.466378042261738290e-01 7.455098482725637243e-01 1.692147652498737553e+00 1.692147652498737553e+00 -2.251062564780249298e-01 -2.251062564780249298e-01
5.396467434829293808e+00 -1.203834356178800746e+00 -3.080290158619620744e-01 8.501711349993186229e-01 5.421421191373565485e-01 5.421421191373565485e-01 -4.966682898860063644e-01 -4.966682898860063644e-01
-5.183851439766130831e+00 3.365135539692950317e+00 -7.668106832046528432e-02 3.071086247565664173e-01 2.304275564361011330e-01 2.304275564361011330e-01 -2.453876740118154653e-01 -2.453876740118154653e-01
-5.042339124182500854e+00 5.633493567508224942e+00 9.505043797800045713e-01 1.152798924329586638e+00 2.103303304109591210e+00 2.103303304109591210e+00 8.302978382596093443e-01 8.302978382596093443e-01
4.517476037901232644e+00 -2.017948960462641494e+00 -1.746575720152021560e-02 2.370934029821050171e-01 2.196276457805848015e-01 2.196276457805848015e-01 -8.008604949879764012e-01 -8.008604949879764012e-01
3.918931974867710721e+00 5.510125960757079611e+00 -5.684663425827017891e-01 1.943617744200467623e-01 -3.741045681626550268e-01 -3.741045681626550268e-01 -9.999908409216000660e-01 -9.999908409216000660e-01
-2.546808971879784167e+00 7.088302075337509223e-01 1.097747823184005211e+00 9.750249503080363755e-01 2.072772773492041587e+00 2.072772773492041587e+00 -2.640148968506589866e-01 -2.640148968506589866e-01
4.449945907518236154e+00 6.114453879147649928e+00 7.991235452089688884e-01 2.468768100921536757e-01 1.046000355301122564e+00 1.046000355301122564e+00 -4.179380957466905522e-01 -4.179380957466905522e-01
5.099552525666629421e+00 -5.783939654970774669e+00 4.860552815073622135e-01 -5.898423488223542011e-01 -1.037870673149919876e-01 -1.037870673149919876e-01 7.748066483765274626e-01 7.748066483765274626e-01
2.389071566954550363e-01 1.072520366382478052e+00 -6.768745678531969956e-01 1.050899799931805934e-01 -5.717845878600164022e-01 -5.717845878600164022e-01 2.564705189589279177e-01 2.564705189589279177e-01
4.110654244422146775e+00 2.244359845237049456e-01 -7.117588215117824912e-01 -4.784825075430044761e-01 -1.190241329054786856e+00 -1.190241329054786856e+00 -3.684105651980483787e-01 -3.684105651980483787e-01
-4.309023740245399026e-01 5.301353477161315553e+00 2.371701374962125186e-01 9.932253005918594280e-01 1.230395438088071947e+00 1.230395438088071947e+00 1.574047833715149503e-01 1.574047833715149503e-01
-4.466772479320386680e+00 -2.992299092576604647e+00 -5.347197485217636270e-01 2.832271784319471131e-01 -2.514925700898165140e-01 -2.514925700898165140e-01 3.847251748585514552e-01 3.847251748585514552e-01
-2.694527912720860563e+00 3.667131335476746301e+00 4.137866374414218562e-01 7.401872558547404335e-01 1.153973893296162290e+00 1.153973893296162290e+00 5.631500916038253424e-01 5.631500916038253424e-01
3.809662913694417341e+00 -2.635193087494000164e+00 3.110590961253913989e-01 -1.075282347587133591e+00 -7.642232514617421923e-01 -7.642232514617421923e-01 3.860322053855805291e-01 3.860322053855805291e-01
-3.942570460298894464e+00 8.886415988402616151e-01 -1.077810279559470619e+00 -9.110378955414638602e-01 -1.988848175100934590e+00 -1.988848175100934590e+00 -9.961599899072238751e-01 -9.961599899072238751e-01
-5.980985865587244987e-01 -1.266456356173059739e+00 4.584656197360901242e-01 2.557064358011222893e-01 7.141720555372124135e-01 7.141720555372124135e-01 -2.895518674776512147e-01 -2.895518674776512147e-01
2.327536886992126242e+00 5.046184263814675219e+00 -1.004102441483836428e+00 -3.877166781161999198e-01 -1.391819119600036458e+00 -1.391819119600036458e+00 4.620102071198728400e-01 4.620102071198728400e-01
-1.321347832453406035e+00 -4.478566549076782977e+00 -8.032356228474244464e-01 1.704210286489753479e-01 -6.328145941984490985e-01 -6.328145941984490985e-01 8.854797351680350204e-01 8.854797351680350204e-01
-6.294226939736198290e-01 -3.674084291901257959e+00 -1.113436045032336175e+00 -4.535686370763803987e-01 -1.567004682108716462e+00 -1.567004682108716462e+00 -3.975837329648479468e-01 -3.975837329648479468e-01
5.530553733153624307e+00 1.562461083359307779e+00 -3.276271601162273894e-01 1.092935974217219330e+00 7.653088141009919410e-01 7.653088141009919410e-01 6.896219071335076833e-01 6.896219071335076833e-01
1.681214017143910056e+00 2.851230994610769898e+00 -2.835782477861732431e-01 4.038935730019241888e-01 1.203153252157509456e-01 1.203153252157509456e-01 -1.789744470348570149e-01 -1.789744470348570149e-01
1.936947027548445277e+00 -1.979949297260787944e+00 -1.187240320893352186e+00 9.523006838705860844e-02 -1.092010252506293577e+00 -1.092010252506293577e+00 9.990755448711317044e-01 9.990755448711317044e-01
3.719230282045080216e+00 -2.249049666391392144e+00 -5.320124859674352225e-01 1.064422521386593656e+00 5.324100354191584339e-01 5.324100354191584339e-01 1.004460328347964171e-01 1.004460328347964171e-01
