4.894853485276140503e+00 4.224634449510300982e+00 -5.621154606800615738e-02 -1.007130029683664496e+00 -1.063341575751670653e+00 -1.063341575751670653e+00 -9.537598196291866559e-01 -9.537598196291866559e-01
6.205927404166454053e+00 -6.823263149527658555e-01 -7.810470866790393263e-01 2.707866943223691258e-01 -5.102603923566702004e-01 -5.102603923566702004e-01 7.251223892395334270e-01 7.251223892395334270e-01
1.580706419615429681e+00 6.139581370189647558e+00 8.172323408684565305e-01 -9.499687379314603053e-01 -1.327363970630037748e-01 -1.327363970630037748e-01 1.332959250156495190e-01 1.332959250156495190e-01
3.737300686424465113e+00 -2.013897258064958784e+00 4.879059689289590995e-01 1.071495990688801081e+00 1.559401959617760181e+00 1.559401959617760181e+00 -1.520154483140851998e-01 -1.520154483140851998e-01
1.938261314849956563e+00 2.266866241154710693e+00 -5.835516305156245309e-01 -2.243890773542508432e-01 -8.079407078698753741e-01 -8.079407078698753741e-01 -4.857853424254717778e-01 -4.857853424254717778e-01
5.739659534715469746e+00 4.169315467291021093e+00 -1.044838404132514276e+00 3.694173844717085764e-01 -6.754210196608056993e-01 -6.754210196608056993e-01 -8.850490099619781059e-01 -8.850490099619781059e-01
4.541496350178197972e+00 5.186528325870284561e+00 2.847243384171895819e-01 -2.710451222561589546e-01 1.367921616103062732e-02 1.367921616103062732e-02 -9.543719856679893088e-01 -9.543719856679893088e-01
-4.599867081941097169e+00 -4.622795553404133173e-01 -4.867900946451659827e-01 -8.089491807319402206e-01 -1.295739275377106203e+00 -1.295739275377106203e+00 3.426701468901813263e-01 3.426701468901813263e-01
1.448331685151981851e+00 4.061625537503624983e+00 1.144255844986598047e+00 -4.747190203604367831e-02 1.096783942950554369e+00 1.096783942950554369e+00 7.156597496218614074e-01 7.156597496218614074e-01
-3.188671443094269975e+00 5.035319030503456972e+00 -1.120471383890850881e-01 -1.626643197203294644e-01 -2.747114581094145525e-01 -2.747114581094145525e-01 -2.723661131345979092e-01 -2.723661131345979092e-01
6.632525400228344026e-01 6.162469339296235304e+00 -3.437399485199262861e-01 -9.998646715345370639e-01 -1.343604620054463350e+00 -1.343604620054463350e+00 8.564017803976544663e-01 8.564017803976544663e-01
-3.794703228406454354e+00 1.191304784358475644e-01 -1.153473403848365830e+00 2.883256576784276604e-01 -8.651477461699381699e-01 -8.651477461699381699e-01 -8.607881704787953003e-01 -8.607881704787953003e-01
-1.995414503136898610e+00 1.808220316134365291e+00 4.168640985092033624e-01 1.524752238376168023e-01 5.693393223468201647e-01 5.693393223468201647e-01 9.825302717100546923e-01 9.825302717100546923e-01
-1.653693783070305123e+00 6.113270644816793720e+00 -9.410889913577471511e-01 8.261340598886051101e-01 -1.149549314691420410e-01 -1.149549314691420410e-01 -2.501276741072461784e-01 -2.501276741072461784e-01
-3.624171652869593530e+00 -1.098762315193653194e-01 6.599914917863294317e-01 -7.782192166702261993e-02 5.821695701193068118e-01 5.821695701193068118e-01 -8.295721812339496015e-01 -8.295721812339496015e-01
4.355020065664753304e+00 7.860057900585992741e-02 6.906392294731629189e-01 9.351862848299756781e-01 1.625825514303138597e+00 1.625825514303138597e+00 -2.751717415879251227e-01 -2.751717415879251227e-01
5.837721041702430114e+00 -5.007847519053552077e+00 1.916468565371474142e-01 -9.952130835185324376e-01 -8.035662269813850234e-01 -8.035662269813850234e-01 6.749690862783142009e-01 6.749690862783142009e-01
1.921485412023008266e+00 2.658425817077908704e+00 -2.621711389357233024e-01 3.611006952070150433e-01 9.892955627129174090e-02 9.892955627129174090e-02 -1.320905859328303511e-01 -1.320905859328303511e-01
8.830917643587490318e-01 5.043137264983029056e+00 8.892254418355614032e-01 -5.631219550180710520e-02 8.329132463337542980e-01 8.329132463337542980e-01 9.369647117281642013e-01 9.369647117281642013e-01
5.534198833275693730e+00 2.382577495021402925e+00 -5.639130419348393763e-01 -3.842518702548124443e-01 -9.481649121896518206e-01 -9.481649121896518206e-01 -6.275343406109329392e-02 -6.275343406109329392e-02
1.050695637134779759e-04 -5.186698908315783285e+00 -5.308216401660061923e-01 4.349737297935387659e-01 -9.584791037246742640e-02 -9.584791037246742640e-02 4.566311890107606630e-01 4.566311890107606630e-01
7.648940578772123189e-02 -3.534331887384090987e+00 6.263057249509826896e-01 -6.343858915266854526e-01 -8.080166575702762977e-03 -8.080166575702762977e-03 -9.504084191070493182e-01 -9.504084191070493182e-01
4.082694195920627322e+00 4.935796422848421017e+00 -7.629947079235204210e-01 -4.437009787653847237e-01 -1.206695686688905145e+00 -1.206695686688905145e+00 -9.185943988158791207e-01 -9.185943988158791207e-01
-3.097003812602627359e+00 2.772736042690670644e+00 -4.229679578088444414e-01 -6.680301652573690241e-01 -1.090998123066213576e+00 -1.090998123066213576e+00 9.478842798476809772e-01 9.478842798476809772e-01
-3.006880912801920491e+00 4.625558506185436514e-01 1.102826143366759881e+00 1.089119543997973283e+00 2.191945687364733164e+00 2.191945687364733164e+00 -8.268753659371306242e-01 -8.268753659371306242e-01
-4.171367510939951728e+00 1.436829023902459923e+00 5.984128637387562399e-01 -2.661697480142477534e-01 3.322431157245084865e-01 3.322431157245084865e-01 -9.182910784547928529e-01 -9.182910784547928529e-01
-4.217034134291601788e+00 -8.703725236890873518e-01 1.149374820917414608e+00 -7.517923891904316758e-01 3.975824317269829322e-01 3.975824317269829322e-01 3.662889781666315292e-01 3.662889781666315292e-01
1.039048953462823555e+00 3.970716113919777968e+00 3.282534253868454321e-01 3.619231614592701707e-01 6.901765868461156028e-01 6.901765868461156028e-01 2.930124723867552627e-01 2.930124723867552627e-01
-7.948573351778227547e-01 5.516245684144562844e+00 -7.070255694376060829e-01 1.166159603116568855e+00 4.591340336789627719e-01 4.591340336789627719e-01 8.999247108112765417e-03 8.999247108112765417e-03
6.037953577368295299e+00 -1.750416338989044363e+00 -1.054686786655069319e+00 -4.718886109964617326e-01 -1.526575397651531052e+00 -1.526575397651531052e+00 -4.121857084369097146e-01 -4.121857084369097146e-01
1.979359039676159782e+00 -1.500848402493511813e+00 -1.104111549177734686e+00 6.932161833079280022e-01 -4.108953658698066835e-01 -4.108953658698066835e-01 8.876816954923020253e-01 8.876816954923020253e-01
-3.157498048455712247e+00 -4.653702169424380308e+00 1.042123753063050495e+00 -5.457878437339340749e-01 4.963359093291164204e-01 4.963359093291164204e-01 4.276836717723479786e-02 4.276836717723479786e-02
-5.962102702350406958e+00 6.181714847863403861e+00 -1.139950031942377207e+00 8.877557176713410936e-01 -2.521943142710361130e-01 -2.521943142710361130e-01 9.759820172643283165e-01 9.759820172643283165e-01
2.877708946674097490e+00 4.924956399351973602e+00 -3.099488941970256484e-01 -8.732408664366608786e-01 -1.183189760633686527e+00 -1.183189760633686527e+00 5.129376852498446909e-02 5.129376852498446909e-02
-1.421252206063478241e+00 5.537609442771445956e+00 1.140256635399879537e+00 1.138591005840279946e+00 2.278847641240159483e+00 2.278847641240159483e+00 -5.613628929948574209e-01 -5.613628929948574209e-01
4.462318040821566356e+00 5.604314083810001179e+00 2.529685000792820659e-01 1.057068060798644238e+00 1.310036560877926304e+00 1.310036560877926304e+00 -8.009870815411389566e-01 -8.009870815411389566e-01
-2.217606085637717328e+00 4.452952304941382167e+00 5.429111392380132628e-01 -7.517553438714855707e-01 -2.088442046334723079e-01 -2.088442046334723079e-01 -6.167048730929965972e-01 -6.167048730929965972e-01
-2.169028658491585659e+00 6.394129104200487745e-01 -8.007556419653010238e-01 -7.386034576333426749e-01 -1.539359099598643699e+00 -1.539359099598643699e+00 4.116894043102811707e-02 4.116894043102811707e-02
5.823797009898498800e+00 -4.994505682600784979e-01 -8.088369349561352895e-01 -2.137774658773213821e-01 -1.022614400833456560e+00 -1.022614400833456560e+00 5.744707907977504302e-01 5.744707907977504302e-01
-3.366301333275742103e+00 2.197199755768183493e+00 5.598040854159336277e-02 -1.366709175588824987e-01 -8.069050901728913594e-02 -8.069050901728913594e-02 3.909787497858947525e-01 3.909787497858947525e-01
-3.508054220814884605e+00 -3.558676910154530137e+00 -9.438992931369498685e-01 -8.788545174557670370e-01 -1.822753810592717016e+00 -1.822753810592717016e+00 7.084153692365128263e-01 7.084153692365128263e-01
-2.368391367501458067e+00 -1.369709738699411261e+00 -2.401671583674842569e-01 -6.295264956000079515e-01 -8.696936539674922084e-01 -8.696936539674922084e-01 -8.273020560694891445e-01 -8.273020560694891445e-01
3.347483067170893278e-01 1.813004504977943299e+00 -7.169233488788554487e-01 6.201924948030865803e-01 -9.673085407576886841e-02 -9.673085407576886841e-02 -5.454756158500817520e-01 -5.454756158500817520e-01
2.231596917795670265e+00 3.923900533333428697e+00 -7.701071695352530444e-01 1.046196952827985305e+00 2.760897832927322604e-01 2.760897832927322604e-01 9.918589757976919996e-01 9.918589757976919996e-01
5.569047546469525045e+00 -3.074120009614552451e+00 -5.823391374633652973e-01 -4.560528414377357231e-01 -1.038391978901100909e+00 -1.038391978901100909e+00 -7.980975940273870028e-01 -7.980975940273870028e-01
-2.932665525009251262e+00 -5.461355543383472622e-01 1.963854956204145186e-01 -1.180971882112771487e+00 -9.845863864923569686e-01 -9.845863864923569686e-01 -9.436819449079498767e-01 -9.436819449079498767e-01
-1.046107122875809203e+00 4.974446198103290584e+00 1.039433542185054238e+00 -4.039378433801257273e-01 6.354956988049285105e-01 6.354956988049285105e-01 -7.061527762415644727e-01 -7.061527762415644727e-01
-3.194231120413292047e+00 -4.855219295091984577e+00 -6.594709899556614463e-01 1.210585970440913872e-01 -5.384123929115700591e-01 -5.384123929115700591e-01 -1.942264106831996795e-01 -1.942264106831996795e-01
1.503458973823819100e+00 -2.688420657950810977e+00 -1.191123055965799260e-01 -1.055873510457556064e+00 -1.174985816054135990e+00 -1.174985816054135990e+00 3.763325513615757290e-01 3.763325513615757290e-01
-5.070142045244880435e+00 -3.228914383188774551e-01 -7.419349145110383237e-01 5.228254194457893078e-01 -2.191094950652490159e-01 -2.191094950652490159e-01 6.292940414775796132e-01 6.292940414775796132e-01
1.706277040720811655e-01 -5.479878858279853659e+00 -4.159353006184357548e-01 8.428586431200051354e-01 4.269233425015693806e-01 4.269233425015693806e-01 5.620499382282233558e-01 5.620499382282233558e-01
1.279471682468305893e+00 -2.232016178483675617e+00 1.047074065331721426e+00 5.809679224471258063e-01 1.628041987778847233e+00 1.628041987778847233e+00 5.796114761455826159e-01 5.796114761455826159e-01
-2.003886946334745289e-01 -4.300045059038977158e+00 9.380677495627349760e-01 1.033996468628499921e+00 1.972064218191234897e+00 1.972064218191234897e+00 -2.103717723358084490e-01 -2.103717723358084490e-01
2.522728389167815166e+00 -9.126016342466165554e-01 -1.155507602829975999e+00 5.418728272251445155e-01 -6.136347756048314839e-01 -6.136347756048314839e-01 -3.932028898487036767e-02 -3.932028898487036767e-02
5.798000215541762259e+00 3.977958400976568498e+00 7.634626121991618941e-01 -5.056255043749831035e-01 2.578371078241787906e-01 2.578371078241787906e-01 -9.389672139554793295e-01 -9.389672139554793295e-01
5.488752831031964874e+00 -6.315588953909152536e-01 -9.541512807134449048e-01 -3.546752254972306284e-01 -1.308826506210675422e+00 -1.308826506210675422e+00 1.442994290375855526e-01 1.442994290375855526e-01
-1.566003044898153007e+00 -6.071228817382783305e-01 -9.730644949039429781e-01 7.768387263452289915e-01 -1.962257685587139866e-01 -1.962257685587139866e-01 -5.665636412069884331e-01 -5.665636412069884331e-01
3.069410053011630168e+00 -1.495329175227917418e+00 -8.604287704808391002e-01 9.437335747273480901e-01 8.330480424650898996e-02 8.330480424650898996e-02 -3.284545083045988748e-03 -3.284545083045988748e-03
-4.140906466548944564e+00 5.010203411631778181e+00 6.222306140315749801e-01 5.931080327712616729e-01 1.215338646802836653e+00 1.215338646802836653e+00 6.453637530488102181e-01 6.453637530488102181e-01
-4.074969968806234633e+00 -2.070735652861925402e+00 -2.155292700002703343e-01 8.136910701034378857e-01 5.981618001031675513e-01 5.981618001031675513e-01 9.905645434569588792e-01 9.905645434569588792e-01
-4.774720790207548582e+00 -5.183546890057721512e+00 1.186923186035571343e+00 6.333407507375099499e-01 1.820263936773081292e+00 1.820263936773081292e+00 -8.610376508506030202e-01 -8.610376508506030202e-01
5.502978551055806022e+00 -4.560704171577132371e+00 2.054152462388931788e-01 -1.021445078270867279e+00 -8.160298320319741006e-01 -8.160298320319741006e-01 5.879498076154910935e-01 5.879498076154910935e-01
5.835405766035494324e+00 -6.119797887269357695e+00 5.716964661961223548e-01 -4.329292179959745024e-01 1.387672482001478524e-01 1.387672482001478524e-01 9.598323849860116441e-01 9.598323849860116441e-01
3.935557515157581676e+00 -2.699440876122243260e+00 9.349965869482754766e-01 6.952133255272101575e-01 1.630209912475485634e+00 1.630209912475485634e+00 3.284666468310541987e-01 3.284666468310541987e-01
3.778423058579427618e-02 1.088052734146569556e+00 6.994728776672332060e-02 -1.060822681892156671e+00 -9.908753941254333508e-01 -9.908753941254333508e-01 4.304211997097032172e-01 4.304211997097032172e-01
-6.241270871670645093e+00 -4.334297442464318806e-02 -1.077876704183502454e-01 4.520476255836427537e-01 3.442599551652925083e-01 3.442599551652925083e-01 9.999989796384566310e-01 9.999989796384566310e-01
1.625582219647308868e+00 -2.575844556578720468e+00 -7.826350703901152617e-01 -2.491779415091993632e-01 -1.031813011899314514e+00 -1.031813011899314514e+00 5.814696805229334631e-01 5.814696805229334631e-01
2.038290688523209937e+00 -2.502194185725553410e+00 -6.737260046579304218e-01 -6.384691934894589638e-01 -1.312195198147389386e+00 -1.312195198147389386e+00 8.943127250355124014e-01 8.943127250355124014e-01
2.626260526170492327e+00 8.240902259282849585e-01 7.467356876005288857e-01 -1.005548411373287987e+00 -2.588127237727591012e-01 -2.588127237727591012e-01 -9.527116881626400691e-01 -9.527116881626400691e-01
4.381698833770993673e+00 1.311262286532858035e+00 1.013954729844427805e+00 -9.650148335433916813e-01 4.893989630103612321e-02 4.893989630103612321e-02 8.308159293802633849e-01 8.308159293802633849e-01
-4.939266202534083661e+00 5.701256148246377720e+00 4.189082466965032836e-02 2.141549953860784061e-01 2.560458200557287345e-01 2.560458200557287345e-01 7.234636602371133929e-01 7.234636602371133929e-01
-4.865997590013240170e+00 -4.587393401999014131e+00 -1.001793996494607430e+00 8.164110429705140337e-01 -1.853829535240933968e-01 -1.853829535240933968e-01 -9.995906751490678532e-01 -9.995906751490678532e-01
1.154586426922763920e+00 1.531119195693142920e+00 1.515057285723047098e-01 9.667700625373720769e-02 2.481827348260419175e-01 2.481827348260419175e-01 -8.978708581588576987e-01 -8.978708581588576987e-01
-1.421383621291967714e+00 5.857363476507673639e+00 6.185135469562772492e-01 8.264556364867396976e-01 1.444969183443016947e+00 1.444969183443016947e+00 -2.729028444802075182e-01 -2.729028444802075182e-01
3.296601904127950178e+00 5.625021240282039869e+00 1.163983302404439923e+00 -8.750505709545530753e-01 2.889327314498868482e-01 2.889327314498868482e-01 -8.760656976397108719e-01 -8.760656976397108719e-01
3.233735542363858073e-01 1.646337995499915330e+00 -1.021288386200360998e+00 8.319976050603201667e-01 -1.892907811400408313e-01 -1.892907811400408313e-01 -3.884189675464507774e-01 -3.884189675464507774e-01
-8.496236842121129840e-01 4.274398882525760612e-01 -9.877392744823647597e-01 7.145725436089742644e-01 -2.731667308733904953e-01 -2.731667308733904953e-01 9.121962981465848719e-01 9.121962981465848719e-01
-7.369558180959776550e-01 3.085713249756508958e+00 4.585335348456827109e-01 -2.686870421021182453e-01 1.898464927435644656e-01 1.898464927435644656e-01 -7.018284802524730193e-01 -7.018284802524730193e-01
-1.344439784907844881e-01 3.368965217978583837e+00 8.307900000172085964e-01 -2.760457101897790810e-01 5.547442898274295153e-01 5.547442898274295153e-01 -9.956852453878290987e-01 -9.956852453878290987e-01
-5.757939794808962120e+00 -2.084220784686252159e+00 1.077403198467526524e+00 1.695066344172406758e-01 1.246909832884767200e+00 1.246909832884767200e+00 1.182077917409585927e-02 1.182077917409585927e-02
-2.405091166402251623e+00 -5.776618062716700308e+00 -1.099709322564852210e+00 1.505831329518287909e-01 -9.491261896130234188e-01 -9.491261896130234188e-01 -3.218924023798900302e-01 -3.218924023798900302e-01
-5.164147537220570072e+00 3.938763609336849214e+00 -6.994803393244308776e-01 -6.234177121252870712e-01 -1.322898051449717949e+00 -1.322898051449717949e+00 3.385847469697416123e-01 3.385847469697416123e-01
-4.245127996571332218e+00 5.150026610359621060e+00 -1.060761407129148237e+00 -6.578043879737827115e-01 -1.718565795102930949e+00 -1.718565795102930949e+00 6.177653094258743760e-01 6.177653094258743760e-01
-2.839255169517281630e+00 4.106798117616847321e+00 -5.902639245266416701e-01 -2.110994623090437505e-01 -8.013633868356854206e-01 -8.013633868356854206e-01 2.986267085976179181e-01 2.986267085976179181e-01
2.417760229666766847e+00 1.854534017456366257e-02 3.925981804569507183e-01 -5.491039050014391298e-01 -1.565057245444884115e-01 -1.565057245444884115e-01 -7.614254803988040887e-01 -7.614254803988040887e-01
1.368856622586906546e+00 -3.227266782636228459e+00 -3.704802688666880561e-01 -1.863995362639569997e-01 -5.568798051306450558e-01 -5.568798051306450558e-01 -2.836648835289510839e-01 -2.836648835289510839e-01
5.913486621718844205e+00 2.236103259153123801e+00 -3.763939250387418056e-01 -5.139688142005706117e-01 -8.903627392393124174e-01 -8.903627392393124174e-01 -2.913217682406524234e-01 -2.913217682406524234e-01
6.020269199268906135e-01 -2.206716707275957923e+00 1.590869618787995599e-01 -7.012132391473935300e-02 8.896563796406020685e-02 8.896563796406020685e-02 -3.388697164726736655e-02 -3.388697164726736655e-02
-4.592003836714949827e+00 1.856926024710656264e+00 8.259622586857882087e-01 -1.180068659655370000e+00 -3.541064009695817916e-01 -3.541064009695817916e-01 -9.185044668377507771e-01 -9.185044668377507771e-01
8.793525432904214512e-01 -3.843927597078721003e+00 -3.854621337340313758e-02 -8.424175828997462201e-01 -8.809637962731493577e-01 -8.809637962731493577e-01 -9.843732543325208750e-01 -9.843732543325208750e-01
6.071295702881316814e+00 5.393851740948765183e-01 2.187941357185756441e-01 -7.779198168992879081e-01 -5.591256811807122640e-01 -5.591256811807122640e-01 9.468509189595855080e-01 9.468509189595855080e-01
6.264376722792331265e+00 5.429307970332134303e+00 -8.646669406318145956e-01 1.407511949466573320e-01 -7.239157456851572636e-01 -7.239157456851572636e-01 6.427712964424081576e-01 6.427712964424081576e-01
4.323988717965228545e+00 2.827838606191708237e-01 -3.084784596736349638e-01 -9.705478380840593111e-02 -4.055332434820408949e-01 -4.055332434820408949e-01 -1.054201558853143095e-01 -1.054201558853143095e-01
5.067968894389338175e+00 -8.353748814791925881e-01 -4.961380017907505158e-01 3.173104203793994937e-01 -1.788275814113510220e-01 -1.788275814113510220e-01 -4.615973030274591049e-01 -4.615973030274591049e-01
-1.317574427731807774e+00 -3.065925302890367909e+00 -1.619951289501377900e-01 -8.848137366023354211e-01 -1.046808865552473211e+00 -1.046808865552473211e+00 -3.229920119565700132e-01 -3.229920119565700132e-01
-2.761230131607400384e+00 -1.958028200359498427e+00 8.504201623627209994e-01 6.549188999663657640e-02 9.159120523593575758e-01 9.159120523593575758e-01 6.869297557185687249e-03 6.869297557185687249e-03
-6.965420887654909521e-01 -4.869022905164035464e+00 1.292949976790915834e-01 -6.432279803049569811e-01 -5.139329826258653977e-01 -5.139329826258653977e-01 7.533727279242061758e-01 7.533727279242061758e-01
-5.180014357166348837e+00 2.318260766126780226e+00 -9.999168098757862388e-01 -5.413175128282624593e-01 -1.541234322704048587e+00 -1.541234322704048587e+00 -9.610999018378073577e-01 -9.610999018378073577e-01
1.809816294917707680e-01 1.261783612177147518e+00 -9.820955904343904308e-01 -8.146815525021671167e-01 -1.796777142936557548e+00 -1.796777142936557548e+00 1.276815916485879998e-01 1.276815916485879998e-01
-2.288355061639672172e+00 -1.266913621831513126e+00 -7.376487796170281275e-01 7.362261433253824983e-02 -6.640261652844898776e-01 -6.640261652844898776e-01 -9.156493297064811632e-01 -9.156493297064811632e-01
-3.663065686953475897e+00 3.796816970677774350e-02 -3.627487944264357056e-01 1.014326822103488679e+00 6.515780276770529733e-01 6.515780276770529733e-01 -8.853710050950313049e-01 -8.853710050950313049e-01
-1.618107469414572286e+00 2.767843028337823696e+00 -4.242442423368022464e-01 9.493133869181924478e-01 5.250691445813902014e-01 5.250691445813902014e-01 4.087287988779478853e-01 4.087287988779478853e-01
3.849521836511737405e+00 -4.971772803095215743e+00 4.809060304486094672e-01 3.539242112910829796e-01 8.348302417396924469e-01 8.348302417396924469e-01 4.336552482021285848e-01 4.336552482021285848e-01
9.639620229534360263e-01 -4.348424282438687172e+00 3.161283893303599157e-01 -1.069526429836212822e+00 -7.533980405058529062e-01 -7.533980405058529062e-01 -9.706518636244743092e-01 -9.706518636244743092e-01
5.942770996459323385e+00 -2.339001130363305148e+00 -5.372275135775775867e-01 8.429302759167145442e-01 3.057027623391369575e-01 3.057027623391369575e-01 -8.950838051610435775e-01 -8.950838051610435775e-01
-1.790478698013163061e+00 8.377178943025755942e-01 1.599706844860224741e-01 -1.107244159659509730e+00 -9.472734751734872560e-01 -9.472734751734872560e-01 5.794351949691428638e-01 5.794351949691428638e-01
-2.717404666594451346e+00 3.753733537894520467e+00 9.713638611422525937e-01 -2.392762522988325369e-01 7.320876088434200568e-01 7.320876088434200568e-01 5.093828358224696817e-01 5.093828358224696817e-01
-4.893556488270570881e+00 4.299540562585582038e-01 1.187877076573099933e+00 6.213281852568923735e-01 1.809205261829992306e+00 1.809205261829992306e+00 -2.462280490414065215e-01 -2.462280490414065215e-01
-6.254637074500184468e-01 -3.222636466299292124e+00 -1.028299230414734255e+00 1.759313940031108636e-01 -8.523678364116233919e-01 -8.523678364116233919e-01 -7.606337626444885647e-01 -7.606337626444885647e-01
2.429504542345163998e+00 -5.400301343434541046e+00 1.035396050094246734e+00 -8.052435614901081173e-01 2.301524886041386164e-01 2.301524886041386164e-01 -9.854498106028271032e-01 -9.854498106028271032e-01
-4.999681995916177790e+00 -4.243542719095016125e+00 -1.053074810653260585e+00 -1.135003213714073755e+00 -2.188078024367334340e+00 -2.188078024367334340e+00 -9.835644291775977877e-01 -9.835644291775977877e-01
-3.965445599397836141e+00 3.927213234487119564e+00 7.972102117989892101e-01 7.697232343106259478e-01 1.566933446109615158e+00 1.566933446109615158e+00 9.992692321576218673e-01 9.992692321576218673e-01
-2.503810766111129293e+00 -2.474994091666121943e+00 -6.630298419687955525e-01 -4.935506380314685915e-01 -1.156580480000264144e+00 -1.156580480000264144e+00 2.632754578208340024e-01 2.632754578208340024e-01
2.043734206118580587e+00 1.573566858873094887e+00 9.138041166833208440e-01 4.083881213876263683e-01 1.322192238070947212e+00 1.322192238070947212e+00 -8.889685147354600137e-01 -8.889685147354600137e-01
-3.937959429039910475e+00 1.774086392639745213e+00 6.829506705985635140e-01 9.191480386024413196e-01 1.602098709201004834e+00 1.602098709201004834e+00 -5.589149487539721850e-01 -5.589149487539721850e-01
-5.669090824407095219e+00 -7.286567884496273351e-01 -9.337652611345086395e-01 8.718126728189361518e-01 -6.195258831557248769e-02 -6.195258831557248769e-02 9.934449131312323988e-01 9.934449131312323988e-01
5.201415289076368964e+00 -4.862540099519140568e+00 -3.441168517631787438e-02 4.311860933152389386e-02 8.706924155206019478e-03 8.706924155206019478e-03 9.431291788271710663e-01 9.431291788271710663e-01
-5.251550088314614229e+00 -2.794093894829618119e+00 -6.583881564705099665e-01 5.257088900451574176e-01 -1.326792664253525489e-01 -1.326792664253525489e-01 -1.904910672028678198e-01 -1.904910672028678198e-01
-5.934540176251190680e+00 5.222271110148945183e+00 -1.018438304344814860e+00 -3.966022011397787317e-01 -1.415040505484593591e+00 -1.415040505484593591e+00 7.568808710723143873e-01 7.568808710723143873e-01
-1.008633940409063179e+00 -7.212959016149858016e-01 8.074360374066034129e-01 3.708840858659276929e-01 1.178320123272531106e+00 1.178320123272531106e+00 -1.584627295071552588e-01 -1.584627295071552588e-01
-2.930134878217391936e+00 -3.351898923094542848e+00 -4.924261168849630721e-01 -9.498785547470176560e-01 -1.442304671631980728e+00 -1.442304671631980728e+00 9.999993370171916807e-01 9.999993370171916807e-01
-5.282330725326302989e+00 4.409942186039156553e+00 5.381851577960758970e-01 -1.328415811877770025e-02 5.249009996772981967e-01 5.249009996772981967e-01 6.429990798760011339e-01 6.429990798760011339e-01
4.448184715634059927e+00 -3.260165855340607433e+00 -9.772068870295591569e-01 -3.696309184642974088e-01 -1.346837805493856566e+00 -1.346837805493856566e+00 3.734983703143620049e-01 3.734983703143620049e-01
-4.006784387554349181e+00 -1.498952229467493957e+00 1.104633886804025744e+00 1.456333811426504532e-01 1.250267267946676197e+00 1.250267267946676197e+00 7.127055060382714302e-01 7.127055060382714302e-01
-8.043117808919069134e-01 -3.807355713297990274e+00 3.063145762144647843e-01 2.642873056028589573e-01 5.706018818173237417e-01 5.706018818173237417e-01 -1.005512723697980920e-01 -1.005512723697980920e-01
5.708759372858729364e+00 5.172671062004562614e+00 9.727802431533720817e-01 -6.630314723804336952e-01 3.097487707729383866e-01 3.097487707729383866e-01 -1.138961541821355145e-01 -1.138961541821355145e-01
5.446922318821778575e-01 9.895728394066436451e-01 7.275815683133588507e-01 4.736216791545055926e-02 7.749437362288094100e-01 7.749437362288094100e-01 3.652313068949475383e-02 3.652313068949475383e-02
5.074880579005423442e+00 -4.994252170468640450e+00 -8.813923235628902120e-01 -9.009514765203086029e-02 -9.714874712149210723e-01 -9.714874712149210723e-01 9.967512904128806861e-01 9.967512904128806861e-01
3.927060956086977583e+00 4.946041703540601020e+00 1.879597504745598169e-01 9.265336179009240336e-01 1.114493368375483850e+00 1.114493368375483850e+00 -8.516476675958430942e-01 -8.516476675958430942e-01
2.470813811892307754e+00 1.023374172443241470e+00 -3.198433775201717788e-01 1.630054451189568709e-01 -1.568379324012149079e-01 -1.568379324012149079e-01 -9.384796169399055588e-01 -9.384796169399055588e-01
-3.669694172783040553e+00 5.067451424011876426e+00 -4.337291966920068242e-01 3.514129763573983212e-01 -8.231622033460850307e-02 -8.231622033460850307e-02 1.721768297578709084e-01 1.721768297578709084e-01
2.676728594272960393e+00 -7.488017372382183012e-01 6.168089403959520212e-01 -9.387603943269102746e-01 -3.219514539309582535e-01 -3.219514539309582535e-01 -3.495872590395113222e-01 -3.495872590395113222e-01
-3.468301726927041528e+00 -4.687903956041436615e+00 6.808833948636145994e-01 -9.111382626759416681e-01 -2.302548678123270687e-01 -2.302548678123270687e-01 -2.976441891879169632e-01 -2.976441891879169632e-01
5.027100385870841848e-02 -5.239818418544190060e+00 6.369506566461955455e-01 -6.160051248143065816e-01 2.094553183188896384e-02 2.094553183188896384e-02 4.592568602697282842e-01 4.592568602697282842e-01
-6.164428403318388483e+00 -2.808651337660049041e+00 1.014936148118876558e+00 1.920129287031500098e-01 1.206949076822026568e+00 1.206949076822026568e+00 -8.997071372072134032e-01 -8.997071372072134032e-01
-5.287449087349481935e+00 5.546033787868257292e+00 -1.105849666939669573e+00 -7.104772967742178924e-01 -1.816326963713887466e+00 -1.816326963713887466e+00 9.667528561102789464e-01 9.667528561102789464e-01
1.771087181344872974e+00 -3.466930608894974064e+00 1.146579101105577037e+00 8.899437190780414841e-01 2.036522820183618521e+00 2.036522820183618521e+00 -1.247214665063547528e-01 -1.247214665063547528e-01
-4.243680968208431992e+00 -4.562065675881987303e+00 6.721679795471524610e-01 -9.938305263841532566e-01 -3.216625468370007956e-01 -3.216625468370007956e-01 -8.144409137931334364e-01 -8.144409137931334364e-01
-5.182842367148316143e+00 -3.861924298513210729e-01 -2.322280966260237278e-02 -4.290168786796396683e-01 -4.522396883422420411e-01 -4.522396883422420411e-01 7.556499090158337317e-01 7.556499090158337317e-01
2.911543396024756092e-01 -6.315990532796575962e-01 -6.257534477491115688e-01 -2.678724397003584556e-02 -6.525406917191474143e-01 -6.525406917191474143e-01 9.426062660377824143e-01 9.426062660377824143e-01
5.338046409673209425e+00 -5.123364992668993700e+00 7.260672540052115487e-01 -5.604074336060455019e-01 1.656598203991660467e-01 1.656598203991660467e-01 9.770443134893932458e-01 9.770443134893932458e-01
-2.633575219137302970e+00 -2.683582636935195609e-01 9.005571687297830863e-02 -4.159940774157899757e-01 -3.259383605428116670e-01 -3.259383605428116670e-01 -9.714189344386876535e-01 -9.714189344386876535e-01
-3.681320304045318625e+00 -3.569902406692825991e+00 1.121262751153251580e+00 -9.248744074029091600e-01 1.963883437503424201e-01 1.963883437503424201e-01 5.669173591809429924e-01 5.669173591809429924e-01
5.212108174303082819e-01 3.679967739793383430e+00 -5.456671833091407686e-01 -3.926227850283980914e-02 -5.849294618119805778e-01 -5.849294618119805778e-01 -4.892332791705262252e-01 -4.892332791705262252e-01
4.732015997843081578e+00 -4.269896932814093660e+00 9.176458929244748486e-01 -2.629636300862356890e-01 6.546822628382391596e-01 6.546822628382391596e-01 8.951097314887247469e-01 8.951097314887247469e-01
-3.022458378271644097e+00 5.547505824035324551e+00 8.442554385743952228e-01 6.889770905321013217e-01 1.533232529106496544e+00 1.533232529106496544e+00 -8.158809513402197622e-01 -8.158809513402197622e-01
-6.177020039363283921e+00 -6.131745487256460514e+00 5.009262332495474368e-01 3.037805450080039993e-01 8.047067782575514361e-01 8.047067782575514361e-01 9.670028914974967416e-01 9.670028914974967416e-01
-5.720627070742322573e+00 5.408407684250491343e-01 -1.078459008724876211e+00 4.953439463443487512e-02 -1.028924614090441336e+00 -1.028924614090441336e+00 4.505642888597180540e-01 4.505642888597180540e-01
1.716106525271169581e+00 -2.090142186260889545e+00 -2.802314450509594268e-01 -1.094796138934724272e+00 -1.375027583985683588e+00 -1.375027583985683588e+00 9.308604000831403047e-01 9.308604000831403047e-01
1.922912480861468154e+00 -3.680097049485535621e-01 4.700506588193191781e-01 1.794641701404671164e-01 6.495148289597862945e-01 6.495148289597862945e-01 1.589288175880343434e-02 1.589288175880343434e-02
6.143222243966871332e+00 -6.756029533947955912e-01 8.324202627680221678e-01 -9.461160113183304521e-01 -1.136957485503082843e-01 -1.136957485503082843e-01 6.854563788367415977e-01 6.854563788367415977e-01
5.443580587753915623e-01 5.206714345530162547e+00 -3.538405322934555786e-01 -1.081426524826471391e+00 -1.435267057119927081e+00 -1.435267057119927081e+00 8.617370025206252393e-01 8.617370025206252393e-01
5.954796153375706780e+00 1.563851275315314204e+00 2.332336083037531704e-01 -2.363857850959576457e-01 -3.152176792204475220e-03 -3.152176792204475220e-03 3.290847784226273998e-01 3.290847784226273998e-01
-2.198401042295729191e+00 -1.551359481501108917e+00 -3.476749525295718124e-01 1.122931914510698403e+00 7.752569619811265911e-01 7.752569619811265911e-01 -8.206962091436706963e-01 -8.206962091436706963e-01
7.898893706295577744e-01 5.137493876890696143e+00 -1.039569802420655664e+00 9.960340022225142587e-01 -4.353580019814140556e-02 -4.353580019814140556e-02 9.373673990454767235e-01 9.373673990454767235e-01
3.118785038619567018e+00 -4.124220066273567298e+00 1.163591620535313398e+00 -3.752293704388103279e-01 7.883622500965030699e-01 7.883622500965030699e-01 5.357209301944829694e-01 5.357209301944829694e-01
-4.697810625399489126e+00 -1.278501257341990716e+00 2.722357160250912234e-01 -7.305155671599556921e-01 -4.582798511348644688e-01 -4.582798511348644688e-01 9.532827024568178986e-01 9.532827024568178986e-01
-5.359577365301224638e+00 -4.342759929571533561e-01 7.945900723924819165e-01 -6.187525969264762171e-01 1.758374754660056993e-01 1.758374754660056993e-01 8.826470638298872240e-01 8.826470638298872240e-01
-3.514793061989315515e+00 5.750141004279464951e+00 2.275773352628147617e-01 -6.210076564962607737e-01 -3.934303212334460120e-01 -3.934303212334460120e-01 -6.167062294174764370e-01 -6.167062294174764370e-01
2.613442807099483289e+00 -1.417120691371011709e+00 -5.802856535992884091e-02 7.221634120139099888e-01 6.641348466539811479e-01 6.641348466539811479e-01 3.657832278696292461e-01 3.657832278696292461e-01
4.225432008393553929e+00 3.804748410988249674e+00 7.381714056715074079e-01 4.140477804107169923e-01 1.152219186082224400e+00 1.152219186082224400e+00 -1.752884880116875321e-01 -1.752884880116875321e-01
3.465778767076113098e+00 -5.428946542032842437e+00 1.078383614653048328e+00 -1.189796831746994688e+00 -1.114132170939463595e-01 -1.114132170939463595e-01 -3.823807179122726829e-01 -3.823807179122726829e-01
2.760675018400963410e+00 5.274236280119771081e+00 -7.705055567892393764e-01 1.513516842621687175e-01 -6.191538725270706589e-01 -6.191538725270706589e-01 -1.799441405288201012e-01 -1.799441405288201012e-01
5.673843860256761573e+00 -5.164449183512870079e+00 -4.420127419289991977e-01 -6.907506009852802942e-01 -1.132763342914279381e+00 -1.132763342914279381e+00 8.730398527744687165e-01 8.730398527744687165e-01
4.783037947441082238e+00 -3.535274910494035083e+00 5.910732717430640104e-01 5.041484325284972812e-02 6.414881149959137385e-01 6.414881149959137385e-01 3.174444152193301449e-01 3.174444152193301449e-01
3.493553569969204631e+00 6.178521605393882510e+00 9.613335292364311169e-01 8.573852832979824701e-01 1.818718812534413587e+00 1.818718812534413587e+00 -9.695775617328727947e-01 -9.695775617328727947e-01
-5.852466927419873954e+00 5.931747623495356336e+00 1.128056009521693381e+00 -2.782937772160578582e-01 8.497622323056355231e-01 8.497622323056355231e-01 9.968589313789999462e-01 9.968589313789999462e-01
4.408917463555274807e+00 -6.951487234147659677e-01 -4.217701926883111740e-01 -1.015032035670295762e-01 -5.232733962553407503e-01 -5.232733962553407503e-01 -8.407246966972284907e-01 -8.407246966972284907e-01
-3.507510011524982652e+00 -1.082780679931969026e+00 -9.284525148612483569e-01 4.613675238187089356e-01 -4.670849910425394214e-01 -4.670849910425394214e-01 -1.217951415928977821e-01 -1.217951415928977821e-01
9.569838369656880062e-01 4.550979225700180208e-01 -4.019746708863979334e-01 2.027124492656124932e-01 -1.992622216207854402e-01 -1.992622216207854402e-01 1.580490610673558061e-01 1.580490610673558061e-01
-9.524514923811890910e-01 2.305613497843644666e+00 -1.016791823509668680e+00 6.829591216909960405e-01 -3.338327018186726391e-01 -3.338327018186726391e-01 2.159203548029132724e-01 2.159203548029132724e-01
-5.626935160377585454e+00 3.828829169502983021e-01 -5.729287521003018080e-01 -1.197835641144509466e+00 -1.770764393244811163e+00 -1.770764393244811163e+00 5.069677163917849505e-01 5.069677163917849505e-01
4.258775605396305508e+00 -5.334427960462923224e+00 -6.561435836318351145e-01 -1.121071345419618392e+00 -1.777214929051453396e+00 -1.777214929051453396e+00 4.751583369633051723e-01 4.751583369633051723e-01
4.187271644214140665e+00 -4.776720667196081571e+00 -1.154912061806067536e+00 4.983028782536536028e-01 -6.566091835524139331e-01 -6.566091835524139331e-01 8.312470950953371185e-01 8.312470950953371185e-01
2.116516681719508242e+00 5.104125203561460822e+00 1.823384223462953813e-03 2.028126978282001058e-01 2.046360820516630596e-01 2.046360820516630596e-01 5.918400761067140747e-01 5.918400761067140747e-01
7.407975341769788002e-01 1.890388411541394476e+00 -1.160487292932919523e+00 1.062672154640679212e+00 -9.781513829224031120e-02 -9.781513829224031120e-02 -8.725458899413718328e-01 -8.725458899413718328e-01
8.437579923476272725e-01 -3.409455890302934833e-01 3.117504975453053717e-01 -5.346542657911800278e-01 -2.229037682458746561e-01 -2.229037682458746561e-01 8.762307550259811340e-01 8.762307550259811340e-01
-6.330308561408388712e-01 1.678554844507975652e+00 1.394073893515608287e-01 6.660575176399263775e-02 2.060131411155534664e-01 2.060131411155534664e-01 5.014486470456114287e-01 5.014486470456114287e-01
5.050614814259892782e-01 -4.531218443345994551e+00 2.812409094170149615e-01 9.763899944606364567e-01 1.257630903877651418e+00 1.257630903877651418e+00 -6.336266296829686784e-01 -6.336266296829686784e-01
7.145259222067954497e-01 2.933644012504464271e+00 1.955404422702615719e-01 6.527725692898487253e-01 8.483130115601102972e-01 8.483130115601102972e-01 -8.744102857643731852e-01 -8.744102857643731852e-01
3.971213784317411566e+00 1.251349279866522224e+00 8.940289370763265797e-01 2.940029231188303616e-01 1.188031860195156941e+00 1.188031860195156941e+00 4.883291701646533811e-01 4.883291701646533811e-01
1.157168930822426667e+00 3.745265857669437537e-01 -3.764267125206309794e-01 6.412926834721830449e-01 2.648659709515520655e-01 2.648659709515520655e-01 3.909084760262994396e-02 3.909084760262994396e-02
-6.965003305519665844e-01 -4.788441395363877362e+00 1.110375081325229329e+00 -5.589956657523181827e-01 5.513794155729111468e-01 5.513794155729111468e-01 6.979656117057662090e-01 6.979656117057662090e-01
-2.897945837227875909e+00 5.872934802850682701e+00 -3.972295883719015874e-01 -1.629533054048020180e-01 -5.601828937767036054e-01 -5.601828937767036054e-01 -9.861536775299589719e-01 -9.861536775299589719e-01
-3.955340864344541352e+00 1.237846212868007001e+00 9.046114057293586086e-02 1.079939838111767525e-01 1.984551243841126134e-01 1.984551243841126134e-01 -9.114102747667773841e-01 -9.114102747667773841e-01
-3.677172959432084554e-02 2.287932220247483883e+00 -2.347586590137007434e-02 1.162039557582017713e+00 1.138563691680647638e+00 1.138563691680647638e+00 -6.290761461997607107e-01 -6.290761461997607107e-01
-2.517613621460671691e+00 -6.750030065377652377e-01 -1.015954506762404286e+00 7.486079249763153420e-01 -2.673465817860889437e-01 -2.673465817860889437e-01 -9.986985594070529881e-01 -9.986985594070529881e-01
1.764402945799108835e+00 3.961803637513588328e+00 -1.121841588582093152e-01 7.500741768004470789e-01 6.378900179422377636e-01 6.378900179422377636e-01 8.488561018381161061e-01 8.488561018381161061e-01
4.795983440215039195e+00 2.206946495046389956e+00 -5.962465242545524902e-01 -7.376716798781917106e-01 -1.333918204132744201e+00 -1.333918204132744201e+00 7.519740929531134599e-01 7.519740929531134599e-01
2.253477147457227048e+00 -5.266694246567883653e+00 3.958598194771336676e-01 -5.225478942572933105e-01 -1.266880747801596430e-01 -1.266880747801596430e-01 -9.917711689465001923e-01 -9.917711689465001923e-01
-1.420361476448387172e+00 -2.838523358526553686e+00 -1.189132499161645207e+00 -9.708808878351431471e-01 -2.160013386996788576e+00 -2.160013386996788576e+00 -4.381181547585427105e-01 -4.381181547585427105e-01
2.898812893205860775e+00 -2.385411945268712142e+00 1.169602184281209434e+00 2.406325688094392845e-01 1.410234753090648718e+00 1.410234753090648718e+00 8.710791981739369749e-01 8.710791981739369749e-01
-3.514735860487177899e+00 -1.289179823542593084e+00 -1.783871813792581307e-02 -1.723318164160203558e-01 -1.901705345539461689e-01 -1.901705345539461689e-01 9.139896852962992035e-02 9.139896852962992035e-02
1.550498047988329020e+00 1.180686724674582244e+00 -1.174587762266412483e-01 3.846670646143484085e-01 2.672082883877071602e-01 2.672082883877071602e-01 -9.169581613897007655e-01 -9.169581613897007655e-01
-5.493948895972731172e+00 2.178291327882924122e+00 -1.176424343264134587e+00 -9.818085274043291122e-01 -2.158232870668463477e+00 -2.158232870668463477e+00 -9.848889143611280206e-01 -9.848889143611280206e-01
-5.941350295757501954e+00 -1.773597483222065563e+00 -9.537971533919797906e-02 5.946323024454822637e-01 4.992525871062842846e-01 4.992525871062842846e-01 1.385863574270858878e-01 1.385863574270858878e-01
1.177976233405338746e+00 4.438439739289830044e+00 -1.762894411083164581e-01 -3.626321864130931383e-01 -5.389216275214095964e-01 -5.389216275214095964e-01 7.858237699569218249e-01 7.858237699569218249e-01
-6.047463482819610547e+00 4.799232820250770359e+00 -1.524863572791852473e-01 -7.333898534991041274e-01 -8.858762107782893747e-01 -8.858762107782893747e-01 3.170009419609556289e-01 3.170009419609556289e-01
5.146304626617865807e+00 3.279052055129110244e-01 3.012993161051378266e-01 -6.949451180806371919e-01 -3.936458019754993654e-01 -3.936458019754993654e-01 6.902401212374430495e-01 6.902401212374430495e-01
4.474152395894943623e-01 -4.007146061436504425e+00 1.808510237048999159e-02 1.860373818530833834e-01 2.041224842235733750e-01 2.041224842235733750e-01 -9.138465386554041059e-01 -9.138465386554041059e-01
1.278800621799891957e+00 4.876888859667509735e-01 2.376968748056320635e-01 -4.949212936721217870e-01 -2.572244188664897235e-01 -2.572244188664897235e-01 -1.944465319324750474e-01 -1.944465319324750474e-01
-3.204498165521520114e+00 -4.423498775493931667e+00 1.134602446714324087e+00 1.221299358120493395e-01 1.256732382526373426e+00 1.256732382526373426e+00 2.240661267061511419e-01 2.240661267061511419e-01
-2.127507210187360442e-01 3.184152806309995754e+00 5.172949796594159544e-01 6.960927779974450669e-01 1.213387757656861021e+00 1.213387757656861021e+00 -9.855525082209678489e-01 -9.855525082209678489e-01
-1.421348865251807148e+00 -3.793842226769519321e+00 -1.149322699961276451e+00 1.993813237714212594e-01 -9.499413761898551911e-01 -9.499413761898551911e-01 4.818827375123430623e-01 4.818827375123430623e-01
-4.156635628022364415e+00 -3.288947073791709030e+00 1.094829113324237158e+00 1.138441811937009218e+00 2.233270925261246376e+00 2.233270925261246376e+00 3.971404450562354693e-01 3.971404450562354693e-01
3.596853621898333131e+00 -4.123574821802245438e+00 5.191723387922695387e-01 -9.833199227665159192e-01 -4.641475839742463805e-01 -4.641475839742463805e-01 8.644599725000468027e-01 8.644599725000468027e-01
5.869916729417411716e+00 2.751929910846751426e+00 9.195104483200309264e-01 3.354773495483069912e-01 1.254987797868337918e+00 1.254987797868337918e+00 -6.946009184670103309e-01 -6.946009184670103309e-01
1.587685016205571564e+00 3.790039756540902971e+00 8.595682487940441430e-01 -4.730505716599601174e-01 3.865176771340840256e-01 3.865176771340840256e-01 6.173233385802101569e-01 6.173233385802101569e-01
-3.721202918053426956e+00 -1.607548325205710782e+00 7.196987094465121526e-01 -4.023235588617454228e-01 3.173751505847667298e-01 3.173751505847667298e-01 5.780706467365752665e-01 5.780706467365752665e-01
-9.104842777274635424e-01 1.569695489618584183e+00 -6.091286183737576465e-01 -2.300841459582769755e-01 -8.392127643320346220e-01 -8.392127643320346220e-01 7.904756049680956576e-01 7.904756049680956576e-01
-3.808058659855635852e+00 -5.600900632505506849e+00 -1.841959492937721432e-01 5.957202698265393614e-01 4.115243205327672182e-01 4.115243205327672182e-01 -9.998748874738395687e-01 -9.998748874738395687e-01
3.482178989686127935e+00 4.072008504369319937e-01 -6.936319206234879964e-01 8.108614368078101986e-01 1.172295161843222022e-01 1.172295161843222022e-01 -7.331954156980725612e-01 -7.331954156980725612e-01
3.834396020983401598e+00 -4.759653692784270973e+00 1.130077508121113850e+00 -3.049441430485650972e-01 8.251333650725487523e-01 8.251333650725487523e-01 6.016287903547939964e-01 6.016287903547939964e-01
3.809820374639880214e+00 5.339904003430481438e+00 7.949988068474505010e-01 4.889241385117111260e-01 1.283922945359161627e+00 1.283922945359161627e+00 -9.624106460288405218e-01 -9.624106460288405218e-01
-1.223487941692595449e+00 -1.008212981606664727e+00 6.260288371120172890e-01 4.203745030648160519e-01 1.046403340176833341e+00 1.046403340176833341e+00 -6.138312252318987028e-01 -6.138312252318987028e-01
-5.462770896938089926e+00 -4.610629722716472756e-01 4.995087359294529961e-01 -8.453580875941176798e-01 -3.458493516646646837e-01 -3.458493516646646837e-01 9.361250985194201624e-01 9.361250985194201624e-01
3.647311191917674833e+00 -6.067788137034364482e+00 -2.236813182000391143e-01 -5.515394104764603789e-02 -2.788352592476851521e-01 -2.788352592476851521e-01 -7.510695803021056882e-01 -7.510695803021056882e-01
4.790744034900731307e+00 -7.103450455083466508e-01 -8.947518109791940955e-01 -1.142999334421787250e+00 -2.037751145400981123e+00 -2.037751145400981123e+00 -5.907515578189376226e-01 -5.907515578189376226e-01
2.541727412172658518e+00 4.152846839329033202e+00 -6.737324008110453510e-01 -1.180591220194502133e+00 -1.854323621005547373e+00 -1.854323621005547373e+00 9.165662921926118756e-01 9.165662921926118756e-01
6.138793948763515473e+00 -3.418646003267368005e+00 -8.308406723428207741e-01 -3.204307192403513804e-01 -1.151271391583172043e+00 -1.151271391583172043e+00 -9.124988927994337473e-01 -9.124988927994337473e-01
-4.685245975469909396e+00 -2.633179024995092821e+00 4.096732174656647629e-01 -3.361593302765060187e-01 7.351388718915874421e-02 7.351388718915874421e-02 5.103198147653855710e-01 5.103198147653855710e-01
-1.074926649531684930e+00 -3.996714347551779234e+00 -5.305918752751842549e-01 5.514824177561146179e-01 2.089054248093036303e-02 2.089054248093036303e-02 3.515740995995679241e-01 3.515740995995679241e-01
7.964076906168351400e-01 5.744710302911014921e+00 -1.008274162229341187e+00 1.842226836997231665e-01 -8.240514785296180200e-01 -8.240514785296180200e-01 9.669193788193579664e-01 9.669193788193579664e-01
-3.592743269533658079e-01 -5.012599594761347532e+00 -4.575945375786242275e-01 1.112863482897024303e+00 6.552689453184000756e-01 6.552689453184000756e-01 6.127098783178942520e-01 6.127098783178942520e-01
4.937400943329214087e+00 -4.958382492719952239e+00 -9.947167649036914305e-01 1.061096523773317868e+00 6.637975886962643735e-02 6.637975886962643735e-02 9.997798953673975308e-01 9.997798953673975308e-01
1.552740771498199557e+00 1.503352483181696009e+00 -8.492854035890462505e-01 2.226211516428575621e-01 -6.266642519461886884e-01 -6.266642519461886884e-01 -9.963471524443816563e-01 -9.963471524443816563e-01
-4.632031997997386519e+00 3.266233372322334461e+00 1.014672836539463274e+00 -3.075153410989240887e-01 7.071574954405391855e-01 7.071574954405391855e-01 2.035649091603717875e-01 2.035649091603717875e-01
1.930343455613707349e+00 3.787192324033071600e+00 -6.870428259224800049e-01 6.229999566721169391e-01 -6.404286925036306588e-02 -6.404286925036306588e-02 8.442406549737527799e-01 8.442406549737527799e-01
7.158902081195801514e-01 -1.249563592987290583e+00 -8.279500797703027715e-01 2.352895794496148163e-01 -5.926605003206879552e-01 -5.926605003206879552e-01 8.609442349177494069e-01 8.609442349177494069e-01
6.360996999280565944e-02 -2.749855370498374363e+00 -9.352953000424797381e-01 -7.195205990085735692e-01 -1.654815899051053307e+00 -1.654815899051053307e+00 -8.981083693794887912e-01 -8.981083693794887912e-01
3.391156463634136031e+00 5.677812316133303838e+00 -1.056528155927084711e+00 -5.387845416008771871e-01 -1.595312697527961898e+00 -1.595312697527961898e+00 -9.373649183568325549e-01 -9.373649183568325549e-01
-1.897501345326796596e+00 -5.519378323573050693e+00 -2.092866729999015574e-01 6.101684746660884784e-01 4.008818016661869210e-01 4.008818016661869210e-01 4.233156781696860715e-01 4.233156781696860715e-01
-3.177064514504811310e+00 -2.090458769210281176e+00 1.630288408679723133e-01 -6.294979055327628581e-01 -4.664690646647905448e-01 -4.664690646647905448e-01 5.270574399102579966e-01 5.270574399102579966e-01
-6.727015903683168929e-01 -3.356192277171378358e+00 -3.266791266939186311e-01 9.188120339317304985e-01 5.921329072378118674e-01 5.921329072378118674e-01 -6.315068822771936485e-01 -6.315068822771936485e-01
-5.828279166920147247e-02 2.055718263477080754e+00 -1.016639439336956441e+00 -8.406249293366934161e-01 -1.857264368673649857e+00 -1.857264368673649857e+00 -4.138135517596041035e-01 -4.138135517596041035e-01
-3.835327581725393564e+00 -1.699708763069751605e+00 -9.268322310870713565e-03 -9.198767329908370538e-01 -9.291450553017077674e-01 -9.291450553017077674e-01 7.329493536311678659e-01 7.329493536311678659e-01
4.050297934279605272e+00 -5.446382378043873373e+00 1.627480908762679590e-02 8.644284698718165405e-01 8.807032789594433364e-01 8.807032789594433364e-01 1.738244139449932335e-01 1.738244139449932335e-01
-2.330036038310261404e-01 -4.051623151354267094e+00 -7.903836481903756539e-01 -9.798395324010323870e-01 -1.770223180591408152e+00 -1.770223180591408152e+00 -4.148356997094201914e-01 -4.148356997094201914e-01
2.029234198804655165e+00 -2.211264080697242562e+00 9.884602176034793519e-01 5.320421311498690908e-01 1.520502348753348443e+00 1.520502348753348443e+00 9.834782572241895782e-01 9.834782572241895782e-01
1.362724345199075593e+00 6.141718684727248245e+00 9.776838387644761763e-01 -2.841128335997014087e-01 6.935710051647747676e-01 6.935710051647747676e-01 3.424643482047430854e-01 3.424643482047430854e-01
6.219728402428708947e+00 -1.953266363443398212e+00 2.125194842240676341e-01 -7.834862462091805035e-01 -5.709667619851128695e-01 -5.709667619851128695e-01 -4.312943624452983404e-01 -4.312943624452983404e-01
1.146773714729730109e+00 3.539624363913166150e+00 7.923149672497009632e-02 4.466985630443873756e-01 5.259300597693574719e-01 5.259300597693574719e-01 -2.598797558143230851e-02 -2.598797558143230851e-02
9.952811836011310476e-01 -1.772861886752062688e+00 -1.021162130310830696e+00 1.017272684287498619e+00 -3.889446023332077118e-03 -3.889446023332077118e-03 7.126128975489338657e-01 7.126128975489338657e-01
9.572416066980782290e-02 6.135596321908062478e+00 -3.558981059830090832e-01 3.922346305729584870e-01 3.633652458994940382e-02 3.633652458994940382e-02 9.986553214526912026e-01 9.986553214526912026e-01
5.829409889896588481e-01 1.404723381230856383e+00 5.280220847306618115e-01 -1.374761398812591739e-01 3.905459448494026375e-01 3.905459448494026375e-01 -4.048987029347631550e-01 -4.048987029347631550e-01
-1.177782544874309778e+00 -3.374388113708835846e+00 6.328441299615648052e-01 8.005564610098863110e-01 1.433400590971451116e+00 1.433400590971451116e+00 -1.595337360546698613e-01 -1.595337360546698613e-01
3.488272533832086353e+00 -2.655420488121029710e+00 8.371151422470177739e-01 -3.553703114552885234e-01 4.817448307917292505e-01 4.817448307917292505e-01 6.727684041490059608e-01 6.727684041490059608e-01
-3.088478498686086482e+00 -2.720032845182228431e+00 -8.687937922589598072e-01 8.678530324690947317e-02 -7.820084890120503340e-01 -7.820084890120503340e-01 8.894417834675995005e-01 8.894417834675995005e-01
-3.759325980240806331e+00 5.066075153109146356e+00 -8.314924715015508117e-01 -3.335333254798978908e-01 -1.165025796981448813e+00 -1.165025796981448813e+00 2.609895647929494911e-01 2.609895647929494911e-01
5.236590254281619394e+00 1.686894208072557078e+00 -9.594777952860497061e-01 1.042076284260824659e+00 8.259848897477495289e-02 8.259848897477495289e-02 8.019170678891264226e-01 8.019170678891264226e-01
2.242110817995301986e+00 -1.250929339766220671e+00 -3.798368784906417384e-01 -9.317102449421499344e-01 -1.311547123432791562e+00 -1.311547123432791562e+00 5.477017313632011053e-01 5.477017313632011053e-01
-3.956142357057572223e+00 -1.664840426174065691e+00 -9.316543910642409720e-01 7.445101033921939226e-01 -1.871442876720470494e-01 -1.871442876720470494e-01 7.886399118703092403e-01 7.886399118703092403e-01
3.121159726690063252e+00 2.803882629803801763e+00 1.138442423884491239e+00 -2.905759598342021466e-01 8.478664640502890926e-01 8.478664640502890926e-01 9.365494001437895122e-01 9.365494001437895122e-01
-1.603211089585286686e+00 1.670535377174199532e+00 -9.166651283252059690e-01 -9.925426344010723767e-04 -9.176576709596070414e-01 -9.176576709596070414e-01 9.977345760250629914e-01 9.977345760250629914e-01
4.286677389880942712e+00 -4.295945793969030646e+00 -2.490342309637334495e-01 -5.162059817930428895e-01 -7.652402127567763390e-01 -7.652402127567763390e-01 9.999570486503032152e-01 9.999570486503032152e-01
3.126235019080887412e+00 -4.755133363945251546e+00 -1.100644787423148196e+00 -8.904801268666163727e-01 -1.991124914289764458e+00 -1.991124914289764458e+00 -5.806933302387751877e-02 -5.806933302387751877e-02
4.186627675668363580e+00 5.059621932653486809e+00 -4.161127946589556759e-01 -1.270942908184617970e-01 -5.432070854774174729e-01 -5.432070854774174729e-01 -9.841060957487384186e-01 -9.841060957487384186e-01
-5.085760327349901466e+00 5.441053383179013991e+00 -5.327752249405605101e-01 -1.148093740002187113e+00 -1.680868964942747734e+00 -1.680868964942747734e+00 9.375445851747857828e-01 9.375445851747857828e-01
4.375627953889612343e+00 2.904030215205583687e+00 -7.425597011334783559e-01 4.650539339962511676e-01 -2.775057671372271884e-01 -2.775057671372271884e-01 5.432669232048079611e-01 5.432669232048079611e-01
-1.072310306367209698e+00 5.722659836094994290e-01 6.570073865683248027e-01 -3.044737863687051460e-01 3.525336001996196567e-01 3.525336001996196567e-01 8.775613115663835062e-01 8.775613115663835062e-01
2.582427173350728467e+00 -4.952876001556850483e+00 -1.240641015566907868e-01 -8.552933093404477827e-01 -9.793574108971385694e-01 -9.793574108971385694e-01 -7.171139429938439003e-01 -7.171139429938439003e-01
3.773157720388477188e+00 -2.502506389314639534e+00 -4.931911615605141241e-01 -1.062443775232902787e+00 -1.555634936793417022e+00 -1.555634936793417022e+00 2.956587232574761082e-01 2.956587232574761082e-01
-3.585992970828161042e+00 -5.620311380185444960e+00 4.951455318689701457e-02 -1.307097290772070153e-01 -8.119517589031000071e-02 -8.119517589031000071e-02 -9.762294159134323746e-01 -9.762294159134323746e-01
-2.723650952565560779e+00 -9.410346449144224579e-02 3.644143218899436043e-01 1.035158472635987481e+00 1.399572794525931085e+00 1.399572794525931085e+00 -9.480210480941906326e-01 -9.480210480941906326e-01
1.800904508074095745e+00 -7.207628611177003819e-01 -1.076912519527022605e+00 1.055211822051567383e+00 -2.170069747545522176e-02 -2.170069747545522176e-02 4.712034328068102074e-01 4.712034328068102074e-01
-3.398272978546598821e+00 4.467884854721303256e+00 9.903021174481383415e-01 -1.187681191438835215e+00 -1.973790739906968739e-01 -1.973790739906968739e-01 4.804646552722751651e-01 4.804646552722751651e-01
-3.533402208039189141e+00 3.010080875735127393e+00 -6.791197973457855364e-01 -7.626453164588098410e-02 -7.553843289916665205e-01 -7.553843289916665205e-01 8.661640920987195846e-01 8.661640920987195846e-01
-1.795295370976314864e+00 -2.895138404231452522e+00 -7.551146763020974984e-01 -1.190426567175051797e+00 -1.945541243477149296e+00 -1.945541243477149296e+00 -2.195344137105707111e-02 -2.195344137105707111e-02
-4.497208738316071930e-01 -5.199129267910816310e+00 -1.138364995892562348e-01 1.012389886018833396e+00 8.985533864295771611e-01 8.985533864295771611e-01 8.054658834350030272e-01 8.054658834350030272e-01
9.048894312432160802e-01 -3.595490469690990842e+00 -7.445272651145135034e-01 1.028107645586943564e+00 2.835803804724300603e-01 2.835803804724300603e-01 -9.000153413084348575e-01 -9.000153413084348575e-01
1.522212636516766082e+00 -3.282769605625101672e+00 4.630431530753489344e-01 -9.123528200330621729e-02 3.718078710720427171e-01 3.718078710720427171e-01 -1.886238393067726782e-01 -1.886238393067726782e-01
-2.797732393491498826e-01 4.668392897040913425e+00 4.992941213220740693e-01 -7.240679146599604543e-02 4.268873298560780238e-01 4.268873298560780238e-01 -3.181422921001787474e-01 -3.181422921001787474e-01
1.807571054392465015e+00 2.858531052078149060e+00 1.134705161967422216e+00 -8.642397029469632841e-01 2.704654590204589315e-01 2.704654590204589315e-01 -4.627034760850937123e-02 -4.627034760850937123e-02
5.543225551956924235e+00 -2.270882249445307366e-01 1.159387491253819347e+00 6.130181513195063214e-01 1.772405642573325668e+00 1.772405642573325668e+00 5.677321434819223578e-01 5.677321434819223578e-01
-1.498004573002324591e+00 -7.483928791838501127e-01 -9.689004551861609693e-01 6.538229525579586365e-02 -9.035181599303651057e-01 -9.035181599303651057e-01 -6.253665065670472867e-01 -6.253665065670472867e-01
-5.439424259831080910e+00 1.569383487017557144e+00 2.284939878333138719e-01 8.709876267150884477e-01 1.099481614548402320e+00 1.099481614548402320e+00 -7.462084067820886624e-01 -7.462084067820886624e-01
-1.597275127230987302e+00 3.111820880378717291e+00 4.948392838240147640e-01 -7.930874999821505567e-01 -2.982482161581357927e-01 -2.982482161581357927e-01 5.622091434637077612e-02 5.622091434637077612e-02
-5.641582253414802572e+00 -2.806404618178808708e+00 -6.440761909207372016e-01 6.308756424256301010e-02 -5.809886266781741915e-01 -5.809886266781741915e-01 -5.596846663358796548e-01 -5.596846663358796548e-01
-4.593928822754573815e+00 -1.993364523171917035e+00 -1.072077547715644563e+00 -4.017886556619049143e-01 -1.473866203377549589e+00 -1.473866203377549589e+00 9.541144229712168467e-01 9.541144229712168467e-01
3.689957078769865007e+00 -1.883631380363171459e+00 -1.168644333020760762e-01 3.839319339993738645e-01 2.670675006972977883e-01 2.670675006972977883e-01 -2.333577743474433974e-01 -2.333577743474433974e-01
-8.156526256537022235e-01 -2.959184292848876741e+00 -9.041942340014046398e-01 8.980061483344179418e-01 -6.188085666986697930e-03 -6.188085666986697930e-03 -8.061119176543141140e-01 -8.061119176543141140e-01
6.592431274566035171e-02 5.400235466025561593e+00 -8.852691854720782239e-01 9.245359628340568126e-01 3.926677736197858870e-02 3.926677736197858870e-02 6.843929586131592968e-01 6.843929586131592968e-01
-2.560964079762192203e+00 -4.459105857586400212e+00 -5.264169459550198660e-01 -4.811297810905348360e-01 -1.007546727045554702e+00 -1.007546727045554702e+00 7.405656279377071938e-01 7.405656279377071938e-01
-5.052178666943515140e+00 1.662668054960349195e+00 1.884126962002738992e-01 1.134894774525091465e+00 1.323307470725365365e+00 1.323307470725365365e+00 -9.694254266081638871e-01 -9.694254266081638871e-01
2.975051251162412314e+00 1.046332307586354204e+00 9.772807068068545266e-01 1.906005809346149604e-01 1.167881287741469487e+00 1.167881287741469487e+00 -6.373122877924305429e-01 -6.373122877924305429e-01
1.528638273439675288e-02 5.143534477718521458e+00 5.008314158195055210e-01 -1.969048220045690467e-01 3.039265938149364743e-01 3.039265938149364743e-01 4.317498688007891383e-01 4.317498688007891383e-01
-6.119604629863966139e+00 -4.732796513462425025e-01 1.234696559126291504e-02 8.379667442345950512e-02 9.614364001472242016e-02 9.614364001472242016e-02 9.524253573074479284e-01 9.524253573074479284e-01
-5.004622304525812915e+00 2.459577363981425790e+00 1.023987106557577187e+00 1.836255186025512742e-01 1.207612625160128461e+00 1.207612625160128461e+00 -8.272800005947797963e-01 -8.272800005947797963e-01
6.014058731735037355e+00 4.802740572685921805e-01 -8.345745954816228274e-01 1.064331053417525430e+00 2.297564579359026027e-01 2.297564579359026027e-01 9.777910669368362617e-01 9.777910669368362617e-01
2.571424991837146123e+00 -3.767443855447472956e+00 -6.838810128562549107e-01 -9.112006511770958106e-01 -1.595081664033350721e+00 -1.595081664033350721e+00 3.660654478154525826e-01 3.660654478154525826e-01
-3.017343810286989836e-01 -3.083454211381053689e+00 6.358804361590832954e-01 7.187436157785589419e-01 1.354624051937642237e+00 1.354624051937642237e+00 -9.704769325220621301e-01 -9.704769325220621301e-01
6.240771026512730302e-01 -5.374318492131921587e+00 1.973464420873096703e-01 8.193553756257336840e-01 1.016701817713043354e+00 1.016701817713043354e+00 3.784337055746288953e-02 3.784337055746288953e-02
-1.679590915976845622e+00 -4.396622521967024078e+00 -7.935331979342217235e-01 -8.874853284333983350e-01 -1.681018526367620058e+00 -1.681018526367620058e+00 9.786576735343470723e-01 9.786576735343470723e-01
2.710950518783489471e+00 6.032940904591734821e+00 -1.040179263095942774e+00 -8.181797454862154151e-01 -1.858359008582158189e+00 -1.858359008582158189e+00 -7.770149647289166239e-01 -7.770149647289166239e-01
-4.702569837630997007e+00 -2.768872709777365770e-01 3.905672307402394683e-01 -5.591801516306805775e-01 -1.686129208904411092e-01 -1.686129208904411092e-01 2.639046416536067197e-01 2.639046416536067197e-01
-4.336208183083692269e+00 8.722499198816491273e-01 3.845274460651117998e-01 1.014888585430754775e+00 1.399416031495866575e+00 1.399416031495866575e+00 -9.484886210858870514e-01 -9.484886210858870514e-01
-8.848155084059312614e-01 -1.659598922258042286e+00 7.096448246807369742e-01 -7.768033079768449367e-01 -6.715848329610796252e-02 -6.715848329610796252e-02 -8.269256221471580348e-01 -8.269256221471580348e-01
-4.112341875546210446e-02 -6.151085265669476776e+00 -1.297216973308672472e-01 -8.759750039040568037e-01 -1.005696701234924051e+00 -1.005696701234924051e+00 9.958644806238070579e-01 9.958644806238070579e-01
1.621180651537425632e+00 -5.922797475972219949e+00 1.156919933241612908e+00 -1.806947669588745420e-01 9.762251662827383658e-01 9.762251662827383658e-01 -3.993173693837836491e-01 -3.993173693837836491e-01
-3.172369258197610620e+00 3.462301910193350096e+00 9.208716338576385940e-01 -1.016167713263536054e+00 -9.529607940589746029e-02 -9.529607940589746029e-02 9.582631316511781572e-01 9.582631316511781572e-01
4.496744009174744150e+00 -1.042675483700504557e+00 2.564476546778675647e-01 8.780086044530099887e-01 1.134456259130877553e+00 1.134456259130877553e+00 -9.515753656831916762e-01 -9.515753656831916762e-01
-5.898786524458058622e+00 1.416970464662899332e+00 5.547330098147407185e-02 8.397795486059702608e-01 8.952528495874443326e-01 8.952528495874443326e-01 -2.285353196142615728e-01 -2.285353196142615728e-01
4.766260450963887507e+00 -3.787176569520952274e+00 8.681545135425110526e-01 -6.333465942479241662e-01 2.348079192945868865e-01 2.348079192945868865e-01 5.577831469654596086e-01 5.577831469654596086e-01
-5.078405702723124193e+00 -8.074302030246123252e-01 -5.324086138950884228e-01 8.791522920057459611e-01 3.467436781106575383e-01 3.467436781106575383e-01 9.220899489601019905e-01 9.220899489601019905e-01
5.534864139127295246e+00 -2.637900563295954015e-01 1.109381995751215877e+00 -4.181989591920176608e-02 1.067562099832014111e+00 1.067562099832014111e+00 5.300716853422451358e-01 5.300716853422451358e-01
4.172247411037631082e+00 5.294522955216317328e+00 -9.089152382495098159e-01 -7.969633389272494650e-01 -1.705878577176759281e+00 -1.705878577176759281e+00 -9.991184484934430010e-01 -9.991184484934430010e-01
-1.427844749249579159e+00 -3.964636338673362737e+00 -1.129179623506969321e+00 -1.018495733473722797e+00 -2.147675356980692118e+00 -2.147675356980692118e+00 6.288646416600266464e-01 6.288646416600266464e-01
-3.492371904296049934e-01 -4.696899065922444549e+00 -1.058464561842308971e+00 -8.243609535664468968e-01 -1.882825515408755868e+00 -1.882825515408755868e+00 3.275858267202200191e-01 3.275858267202200191e-01
-1.411969350752793062e+00 -4.415931987185523155e+00 -1.087553926546658500e+00 7.046037133100564454e-01 -3.829502132366020550e-01 -3.829502132366020550e-01 8.981361981831957886e-01 8.981361981831957886e-01
6.406072514503664550e-01 -3.813677109846334012e+00 -9.045663693241022818e-01 -2.602259538899549529e-01 -1.164792323214057124e+00 -1.164792323214057124e+00 -9.995046336921615815e-01 -9.995046336921615815e-01
4.462565270110976812e+00 -8.519624135196011139e-01 1.162119450227268702e+00 7.826385625279193015e-01 1.944758012755188004e+00 1.944758012755188004e+00 -8.920161168741850277e-01 -8.920161168741850277e-01
-3.551225845769722778e+00 3.707056473382836614e+00 2.765137879343151361e-01 -8.949238174940579160e-01 -6.184100295597427799e-01 -6.184100295597427799e-01 9.878829575801781893e-01 9.878829575801781893e-01
3.001739620235966299e+00 -6.382194604377300351e-02 1.115607678498311328e+00 -4.609113152886391562e-01 6.546963632096721719e-01 6.546963632096721719e-01 -9.793298556628526885e-01 -9.793298556628526885e-01
4.841366116892011462e+00 5.332155292923943080e+00 -8.513750026804073334e-01 -9.839086961025649281e-01 -1.835283698782972372e+00 -1.835283698782972372e+00 -7.325448048430975856e-01 -7.325448048430975856e-01
-1.844568636862605082e+00 2.169236952684427067e+00 6.239751151444927757e-03 -2.777843639905360762e-01 -2.715446128390911484e-01 -2.715446128390911484e-01 9.477565839574860762e-01 9.477565839574860762e-01
4.336819314187870589e+00 2.876523602522498280e+00 -1.148115704355510802e+00 5.181355005000496394e-01 -6.299802038554611627e-01 -6.299802038554611627e-01 5.977076319197462961e-01 5.977076319197462961e-01
-6.532663386508117398e-01 5.539198506803556299e+00 -7.707471789945838925e-01 -9.097221661296286399e-01 -1.680469345124212532e+00 -1.680469345124212532e+00 1.726733916790457457e-01 1.726733916790457457e-01
-1.413422315909786953e+00 1.003433808654968118e+00 -1.110996833011204110e-01 1.007212403786970079e-01 -1.037844292242340316e-02 -1.037844292242340316e-02 9.171254038714702350e-01 9.171254038714702350e-01
-1.598801418405353836e+00 -1.528866409494996859e+00 -2.712412176578462564e-01 -4.263430402601756652e-01 -6.975842579180219216e-01 -6.975842579180219216e-01 -9.999030511813120636e-01 -9.999030511813120636e-01
5.177580657415099097e+00 -2.017712475067949818e+00 -4.731189934221837756e-01 3.210161426247744032e-01 -1.521028507974093724e-01 -1.521028507974093724e-01 -9.998330071722939527e-01 -9.998330071722939527e-01
-5.458031341732674235e+00 -6.934516426459493843e-01 3.737399137205708044e-01 9.743504200568753326e-02 4.711749557262583377e-01 4.711749557262583377e-01 9.913397779399016896e-01 9.913397779399016896e-01
-6.251990218671865662e+00 -6.259008333108175393e+00 -4.256650718490102570e-01 4.573003937904960292e-01 3.163532194148577226e-02 3.163532194148577226e-02 9.984673590010241240e-01 9.984673590010241240e-01
-3.514940949470550358e+00 -6.183484510183602900e+00 7.090074647169419819e-02 5.253341277688379218e-01 5.962348742405321200e-01 5.962348742405321200e-01 -9.627915847888647294e-01 -9.627915847888647294e-01
4.098532073257425523e+00 2.538122118130612392e+00 -8.192920389136426618e-01 -6.009277297607382717e-01 -1.420219768674380934e+00 -1.420219768674380934e+00 9.381775906391953690e-01 9.381775906391953690e-01
-6.154379513272543178e+00 -7.252673828389424315e-01 8.545475854029047635e-01 -4.640595109140491781e-01 3.904880744888555855e-01 3.904880744888555855e-01 8.273283811767316864e-01 8.273283811767316864e-01
-1.403234052501473705e+00 -6.138660801988396365e+00 -2.217500241525184324e-01 7.437623101272727855e-01 5.220122859747543531e-01 5.220122859747543531e-01 3.070452809459063848e-01 3.070452809459063848e-01
2.680677810104079128e+00 4.569059227435808168e+00 -8.835937895796270869e-01 7.851462897958132459e-01 -9.844749978381384103e-02 -9.844749978381384103e-02 5.681405930232502621e-01 5.681405930232502621e-01
1.075121491239882765e+00 -4.020234234611531399e+00 1.902554404377279074e-01 -6.296011920153844477e-01 -4.393457515776565403e-01 -4.393457515776565403e-01 -9.807598382663679226e-01 -9.807598382663679226e-01
3.752137989539901852e+00 3.097253561033001645e+00 -1.064613229657313864e+00 3.411866434349013488e-01 -7.234265862224125154e-01 -7.234265862224125154e-01 8.439421443413340773e-01 8.439421443413340773e-01
1.128233779329418596e+00 -2.555542635639493909e-01 2.147933131480925795e-01 8.002135467304860583e-02 2.948146678211411853e-01 2.948146678211411853e-01 6.427762033910161543e-01 6.427762033910161543e-01
4.715766944014854190e+00 -2.628183792254463746e+00 -1.029313218903684657e-01 -5.699662273703665072e-02 -1.599279446274051164e-01 -1.599279446274051164e-01 -4.940891227036143252e-01 -4.940891227036143252e-01
1.219145908842276249e+00 -3.736603946062750481e+00 -8.409054267913269598e-01 -6.396833283049280228e-01 -1.480588755096254872e+00 -1.480588755096254872e+00 -8.114691493837875580e-01 -8.114691493837875580e-01
-8.157629148054796886e-01 -2.187920109367080812e+00 5.249799795020244630e-01 1.080558823615307640e+00 1.605538803117332103e+00 1.605538803117332103e+00 -9.905055293746150014e-01 -9.905055293746150014e-01
3.591441861239717426e+00 1.676160766269976676e+00 -7.386414727524681645e-01 -1.091644253403315057e+00 -1.830285726155783221e+00 -1.830285726155783221e+00 5.271248669613353144e-01 5.271248669613353144e-01
1.215737407825725036e+00 -2.395184412861235401e+00 -2.265586389047875571e-01 5.378605167189798308e-02 -1.727725872328895740e-01 -1.727725872328895740e-01 3.814360685657630090e-01 3.814360685657630090e-01
5.352037306973061348e+00 -3.417070204197782513e+00 -1.063505124505270683e+00 5.286825112672022264e-02 -1.010636873378550460e+00 -1.010636873378550460e+00 -3.561745739842416270e-01 -3.561745739842416270e-01
-2.600946777519222319e+00 3.303214762757672673e+00 -8.611630792014146607e-01 -5.647124319750507215e-01 -1.425875511176465382e+00 -1.425875511176465382e+00 7.633791452517043608e-01 7.633791452517043608e-01
3.585627216767276693e+00 -4.521578907226985855e+00 -1.069449991476706385e+00 3.115178592098089005e-02 -1.038298205555725495e+00 -1.038298205555725495e+00 5.930524283080947923e-01 5.930524283080947923e-01
-7.958297624020822525e-01 -5.059335172613410592e+00 1.316033657378548050e-01 -9.338720709445528234e-01 -8.022687052066980185e-01 -8.022687052066980185e-01 9.097892170959950287e-01 9.097892170959950287e-01
-5.045792015982060619e+00 2.114461560406793339e+00 5.531935557584104490e-01 1.048744919284512855e+00 1.601938475042923304e+00 1.601938475042923304e+00 -9.779762233341905420e-01 -9.779762233341905420e-01
-1.932231416225282494e+00 4.495950004697109037e+00 -5.330219427441031943e-01 9.378841016749601689e-01 4.048621589308569746e-01 4.048621589308569746e-01 -8.376258220037816615e-01 -8.376258220037816615e-01
-3.693286040883046351e+00 -2.449775900747091839e+00 6.163914690781115979e-01 -3.456943909492792288e-01 2.706970781288323691e-01 2.706970781288323691e-01 9.901987738645933179e-01 9.901987738645933179e-01
-3.125470983947794323e+00 -4.505851831604475777e+00 1.146497565814835307e+00 4.620689122949039884e-02 1.192704457044325705e+00 1.192704457044325705e+00 2.208235827736122203e-01 2.208235827736122203e-01
-3.443034744293989036e+00 -3.230071336806093818e+00 -1.023820843890049126e+00 3.714886849243725919e-01 -6.523321589656765340e-01 -6.523321589656765340e-01 9.249391777921629476e-01 9.249391777921629476e-01
-1.517884782109711672e+00 -5.500044478017702687e-01 1.016946884531744866e+00 3.819024506778101458e-01 1.398849335209555012e+00 1.398849335209555012e+00 -4.768722988049959310e-01 -4.768722988049959310e-01
-1.990341540789453134e+00 -4.160127673708666762e+00 5.214106177073414283e-01 2.185116322561606594e-01 7.399222499635020878e-01 7.399222499635020878e-01 9.912061383488136590e-01 9.912061383488136590e-01
2.439792841534059065e+00 -1.476199204143721744e+00 7.236411787745222757e-01 1.116135163900773275e-01 8.352546951645996032e-01 8.352546951645996032e-01 5.705724116786438094e-01 5.705724116786438094e-01
-8.127627848087453089e-01 4.349317778365572096e+00 -1.302481872761385162e-02 -1.526704389278112917e-01 -1.656952576554251433e-01 -1.656952576554251433e-01 -9.230110555976571707e-01 -9.230110555976571707e-01
-2.296085047178873406e+00 -5.346011662029514611e+00 6.947610852574832574e-01 5.670988818565803058e-01 1.261859967114063563e+00 1.261859967114063563e+00 2.103030431248277266e-01 2.103030431248277266e-01
5.701892987173863503e+00 4.717683735521555732e+00 1.150943889412320731e+00 4.529795186266651896e-01 1.603923408038985920e+00 1.603923408038985920e+00 -5.446716687092303388e-01 -5.446716687092303388e-01
1.438689256618657097e-01 -5.341924073657780880e+00 1.671151221371340867e-01 4.345141256291806808e-01 6.016292477663147675e-01 6.016292477663147675e-01 4.667975977558389555e-01 4.667975977558389555e-01
2.490646545057838779e+00 5.721030296247439750e+00 5.396978054754266729e-01 -9.214717175272774119e-01 -3.817739120518507390e-01 -3.817739120518507390e-01 -3.501162513943297250e-01 -3.501162513943297250e-01
-4.526865379785728116e+00 1.738707386470260019e+00 2.052632008028616450e-01 -3.574067634630934132e-01 -1.521435626602317681e-01 -1.521435626602317681e-01 -9.381894368521661587e-01 -9.381894368521661587e-01
-1.688159139029284717e+00 -3.874085909984269271e+00 1.128183424814117819e+00 -9.440760523571473106e-01 1.841073724569705083e-01 1.841073724569705083e-01 7.511854050796544779e-01 7.511854050796544779e-01
-4.047944071595743765e-01 -5.953742245237148012e-02 1.444601384663930510e-01 -2.128446771266555571e-01 -6.838453866026250605e-02 -6.838453866026250605e-02 8.941209888976235920e-01 8.941209888976235920e-01
-4.323528768318927185e+00 -2.526668404153061598e+00 6.022279235023519917e-02 -9.494246567107031964e-01 -8.892018643604679973e-01 -8.892018643604679973e-01 8.435097073741276708e-01 8.435097073741276708e-01
2.507250053494672670e+00 -3.798485091027963279e-01 1.138130074113259171e+00 1.081606982564809138e+00 2.219737056678068310e+00 2.219737056678068310e+00 -5.283068958663545978e-01 -5.283068958663545978e-01
3.024749420427847113e+00 5.005737892536753719e+00 -4.818990822700081056e-01 -4.004752487816138906e-01 -8.823743310516219962e-01 -8.823743310516219962e-01 -1.755906217364500421e-01 -1.755906217364500421e-01
4.099776256974724475e+00 -3.791869977589655161e+00 8.081029055435735575e-01 4.291947465750605151e-01 1.237297652118634073e+00 1.237297652118634073e+00 9.529701896195617028e-01 9.529701896195617028e-01
5.455523281405248781e+00 -8.909072984983694710e-01 -2.334617681479355111e-01 -5.929835205457397729e-01 -8.264452886936752840e-01 -8.264452886936752840e-01 -1.472357680372528288e-01 -1.472357680372528288e-01
3.673529877579332137e+00 5.199511599436798193e+00 4.974979474557836845e-01 6.954033228679541434e-01 1.192901270323737828e+00 1.192901270323737828e+00 -8.516155992939873354e-01 -8.516155992939873354e-01
-4.076542302602193857e+00 -1.654918575850850893e+00 -5.974576605525896422e-01 -1.070988642029311100e+00 -1.668446302581900742e+00 -1.668446302581900742e+00 8.516219180773039188e-01 8.516219180773039188e-01
5.355300672990802369e+00 1.249098218052405507e+00 6.480850320501929662e-01 -2.824982735755234842e-01 3.655867584746694821e-01 3.655867584746694821e-01 9.488529662640152740e-01 9.488529662640152740e-01
-2.043690287516095161e+00 4.031513480490556134e+00 -7.164870972034174113e-01 -1.404168534010930003e-02 -7.305287825435267113e-01 -7.305287825435267113e-01 -4.050439192465819516e-01 -4.050439192465819516e-01
-5.075673956161747213e+00 -2.506193745316675159e+00 -6.861625057841762576e-01 3.474906802025019559e-01 -3.386718255816743017e-01 -3.386718255816743017e-01 2.687681858154540304e-01 2.687681858154540304e-01
-5.957386669396509404e+00 4.007610887814504252e+00 -4.356179714219058363e-01 7.523786138407517754e-02 -3.603801100378306588e-01 -3.603801100378306588e-01 -3.699725321701362590e-01 -3.699725321701362590e-01
2.112398551493699372e+00 1.978423927060433130e+00 1.093252564680809558e+00 7.724035321120383824e-01 1.865656096792847940e+00 1.865656096792847940e+00 -5.823093891990075432e-01 -5.823093891990075432e-01
-9.032414703087008334e-01 -4.991999831051863623e+00 6.282676344083750752e-01 -4.060752286531056354e-01 2.221924057552694398e-01 2.221924057552694398e-01 9.256887696293462087e-01 9.256887696293462087e-01
5.680134041730795502e+00 -3.592135966708368322e+00 7.293033313195522727e-01 -6.469604981499266216e-02 6.646072815045596105e-01 6.646072815045596105e-01 -4.944498191177535418e-01 -4.944498191177535418e-01
4.285346017012754416e-01 -1.649011405991265278e+00 2.805599460361927200e-01 3.808473439768833568e-01 6.614072900130760768e-01 6.614072900130760768e-01 3.431979406685816691e-01 3.431979406685816691e-01
1.498803166695202194e+00 2.630919648696545821e+00 -6.357418948332891340e-01 4.684990344911896809e-01 -1.672428603420994531e-01 -1.672428603420994531e-01 -5.502521337895147635e-01 -5.502521337895147635e-01
-1.076549065577088626e+00 -4.041919261721810486e+00 9.838270651246936449e-01 -8.789635408439504527e-01 1.048635242807431922e-01 1.048635242807431922e-01 3.950105610004976397e-01 3.950105610004976397e-01
-4.254136636056042420e+00 6.351727421451807132e-01 1.009557452141659040e+00 3.813704821689849478e-01 1.390927934310643987e+00 1.390927934310643987e+00 -8.882057631253351682e-01 -8.882057631253351682e-01
-1.873998957258319109e+00 1.057811947133338037e+00 1.197363437051709889e+00 4.955532963061786145e-01 1.692916733357888504e+00 1.692916733357888504e+00 6.850040928140054275e-01 6.850040928140054275e-01
5.400905742739057658e+00 4.244590924900435880e+00 4.810732359074136877e-01 6.867237435706929904e-01 1.167796979478106678e+00 1.167796979478106678e+00 -9.757403541699263272e-01 -9.757403541699263272e-01
6.057979721161887099e+00 1.827073769603767772e+00 -2.078005142290895169e-01 -5.926378137541774560e-01 -8.004383279832669729e-01 -8.004383279832669729e-01 -3.106685725857104632e-02 -3.106685725857104632e-02
-4.042477927142198446e+00 5.694429691880577238e+00 3.264218428071208322e-01 1.158304523575614420e+00 1.484726366382735252e+00 1.484726366382735252e+00 -8.106638288196837960e-02 -8.106638288196837960e-02
3.032434252569879973e-01 -1.532479438408120842e-01 -4.145938655276855123e-01 7.535053255287438301e-01 3.389114600010583178e-01 3.389114600010583178e-01 9.887717531746762489e-01 9.887717531746762489e-01
4.616652552781838281e+00 -5.357533917472004248e+00 3.292108105113551453e-01 -7.458993404128988480e-01 -4.166885299015437027e-01 -4.166885299015437027e-01 7.378739784276725500e-01 7.378739784276725500e-01
6.071485257963267657e+00 -6.213161503228384674e+00 6.303955900996218720e-01 -1.111036783655440674e+00 -4.806411935558188020e-01 -4.806411935558188020e-01 9.899806966837437772e-01 9.899806966837437772e-01
5.555361245999952402e-01 -2.468213659409028260e+00 3.924497209318760227e-01 7.318219444944160657e-01 1.124271665426292088e+00 1.124271665426292088e+00 -3.352600186310779051e-01 -3.352600186310779051e-01
-5.131648190806236798e+00 -4.260571789994338054e+00 -7.510827769407817378e-01 -4.033502179080180605e-01 -1.154432994848799687e+00 -1.154432994848799687e+00 -9.994700357871365570e-01 -9.994700357871365570e-01
-1.446767540374055194e+00 -2.563007516569708599e-01 -7.330574008747943182e-01 9.113359116825703321e-01 1.782785108077760139e-01 1.782785108077760139e-01 -1.318866002592952169e-01 -1.318866002592952169e-01
-5.736533280989004169e+00 -1.719599074485552492e+00 -5.826320726491229784e-01 -4.964570857163130846e-02 -6.322777812207542869e-01 -6.322777812207542869e-01 3.874364975061736494e-01 3.874364975061736494e-01
-4.808031029407180412e-01 5.557594178976792421e+00 6.313902460777502945e-01 1.106253403084304088e+00 1.737643649162054382e+00 1.737643649162054382e+00 3.563907140484131597e-01 3.563907140484131597e-01
-2.643015733624350272e+00 3.544537434421890509e-01 -1.110674126374962656e+00 3.549933950875927557e-02 -1.075174786866203380e+00 -1.075174786866203380e+00 -6.577032403936355909e-01 -6.577032403936355909e-01
-5.457440598502323326e+00 -4.004455972153142085e+00 7.654525013045199167e-01 1.168565787154660418e+00 1.934018288459180335e+00 1.934018288459180335e+00 -9.993111834926210468e-01 -9.993111834926210468e-01
4.958827392692670699e-01 5.032725563132180113e+00 3.933863252085778583e-01 -1.106612231808033586e+00 -7.132259065994557279e-01 -7.132259065994557279e-01 7.285613518535040134e-01 7.285613518535040134e-01
-9.903430727655848642e-02 -3.227264180905599744e+00 6.376215506630829033e-01 -6.681745981283876423e-01 -3.055304746530473903e-02 -3.055304746530473903e-02 -9.829903188081173804e-01 -9.829903188081173804e-01
4.567055523381888804e-01 -4.024936761731156665e+00 -1.576235837841639675e-01 4.956902716258013708e-01 3.380666878416374033e-01 3.380666878416374033e-01 -9.103618996388740392e-01 -9.103618996388740392e-01
-2.214815503934274510e+00 -3.034370790071723167e+00 9.203151725246352388e-01 -1.022398714649888074e-01 8.180753010596464314e-01 8.180753010596464314e-01 5.113863876428579314e-01 5.113863876428579314e-01
3.491883387645700054e-02 3.973749286703549544e+00 7.011839066470808568e-01 1.152691196992665423e+00 1.853875103639746280e+00 1.853875103639746280e+00 -6.470590916959104710e-01 -6.470590916959104710e-01
2.936381284269087288e+00 6.109273132089487746e-02 -1.037659532733000267e+00 3.248742779658797541e-01 -7.127852547671205130e-01 -7.127852547671205130e-01 -9.896328716692069927e-01 -9.896328716692069927e-01
-2.505586220171720946e+00 -7.452533304162090033e-01 -2.593214793860447731e-01 -9.279365205252321225e-01 -1.187257999911276896e+00 -1.187257999911276896e+00 -9.940384904486716522e-01 -9.940384904486716522e-01
1.790109890844432172e+00 -3.768706174743190473e-01 -9.220106021574807631e-01 -1.108233178111099893e-01 -1.032833919968590752e+00 -1.032833919968590752e+00 1.569059900979047628e-01 1.569059900979047628e-01
-2.217445201980496883e+00 -3.233086885750930062e+00 -7.462877251014436997e-01 1.176610437251197405e+00 4.303227121497537055e-01 4.303227121497537055e-01 6.729154930858084471e-01 6.729154930858084471e-01
-5.929111330294061233e-01 -2.873226009145833704e+00 -8.272361878695455584e-01 9.228195170619073462e-01 9.558332919236178782e-02 9.558332919236178782e-02 -9.477960768921805945e-01 -9.477960768921805945e-01
-3.929673175372792482e+00 -3.321919693429142839e+00 -4.698868192883219885e-01 -1.087332426464782564e+00 -1.557219245753104442e+00 -1.557219245753104442e+00 5.666123935121953892e-01 5.666123935121953892e-01
3.037983416498232003e+00 -4.905751916822675085e+00 -7.183780726404911388e-01 -2.153694901957551311e-01 -9.337475628362462698e-01 -9.337475628362462698e-01 -2.926262633469660646e-01 -2.926262633469660646e-01
-2.039275389645210268e+00 -4.634707489530359048e+00 -2.209983929367843603e-01 -1.593065704741243316e-01 -3.803049634109086918e-01 -3.803049634109086918e-01 9.246055380792984613e-01 9.246055380792984613e-01
5.468300951233825202e+00 -5.811300217320877870e+00 5.775909152265557012e-02 4.195757762184606499e-01 4.773348677411162200e-01 4.773348677411162200e-01 9.417502101846381146e-01 9.417502101846381146e-01
-2.694182938010366790e+00 -6.304061166799694860e-01 -6.669708494097960072e-01 8.401742865539760796e-01 1.732034371441800724e-01 1.732034371441800724e-01 -9.833028325025945371e-01 -9.833028325025945371e-01
-6.224581752122459122e+00 -3.003156121370827769e+00 -8.273549479617037239e-01 -7.598325679890516327e-02 -9.033382047606088872e-01 -9.033382047606088872e-01 -9.806503276433161664e-01 -9.806503276433161664e-01
-2.947524266159914585e+00 2.814156476064118451e+00 -7.247676283830168931e-01 -1.314871211116981353e-01 -8.562547494947150284e-01 -8.562547494947150284e-01 9.911196908112731574e-01 9.911196908112731574e-01
-2.557096188811155635e+00 6.060316507086781712e+00 1.818569564260852367e-01 7.894073879933349858e-02 2.607976952254187353e-01 2.607976952254187353e-01 -9.353221998700168571e-01 -9.353221998700168571e-01
-3.019136479023974307e+00 6.147815735509976065e+00 -7.133738685137105406e-01 -7.884210825774264908e-01 -1.501794951091137031e+00 -1.501794951091137031e+00 -9.999166232462595172e-01 -9.999166232462595172e-01
4.724202278869405802e+00 -2.434681364586998242e+00 3.318288462281926421e-01 4.190003850043009237e-01 7.508292312324935658e-01 7.508292312324935658e-01 -6.584252734946330898e-01 -6.584252734946330898e-01
-1.074685445682092677e+00 6.149167283908576920e+00 9.492573071930070494e-01 1.177827752000684347e+00 2.127085059193691396e+00 2.127085059193691396e+00 3.542321593619760511e-01 3.542321593619760511e-01
1.005362162476004073e+00 -5.092890804569076835e-01 -1.683497373481506187e-01 -1.731342565061289029e-01 -3.414839938542795217e-01 -3.414839938542795217e-01 8.794584553664085425e-01 8.794584553664085425e-01
