-2.899871248305450511e+00 3.907344690109246343e+00 7.291948659506766184e-01 1.023182234301134974e+00 -1.253112381597336900e-01 1.131677881626005355e+00 4.077896704394218808e-01 7.640383175943302740e-01
2.401344477820311241e+00 4.334914632104888810e+00 5.746759428395005198e-01 -1.415618080436260584e-01 2.798404547592924785e-01 -4.225513618833708768e-02 -1.359997420610973951e+00 9.406535874496557703e-01
-1.501406864015653042e-02 -2.833937270362032468e+00 1.071401890372025711e-02 5.066133672822721312e-01 4.463053430082170037e-01 9.298859254826321585e-01 -1.015733718744247782e-01 4.344253237394905542e-01
-4.374843736904169944e+00 4.738232802605324423e-02 -3.644556903837573580e-01 1.024904365858932076e+00 -3.713072802993042099e-02 1.014280955120380190e+00 -1.851054249427048104e+00 -8.345125879354620135e-02
-4.077779568995657300e+00 -1.624854724080897483e+00 3.872624941651312547e-01 -1.022372534093756391e+00 -2.864253554753476427e-01 -1.243519637643356157e+00 -1.384253815864922021e+00 7.721863696241448860e-01
-3.382411242712822563e+00 -1.448459784189576993e+00 -9.536516921732316465e-01 9.092590202650503439e-01 -3.365646305652327808e-01 7.897027306592784290e-01 -7.254469760380123367e-01 1.240977842592661196e+00
7.497444337467218389e-02 -5.050430261125420373e+00 4.761728427847833345e-02 -6.065666823601290059e-01 1.582886695982763103e-01 -6.700995271716381207e-01 -2.469587352132911195e-01 -8.462557739452030159e-01
2.835848130742885331e+00 -3.024661382397215714e+00 7.172975548529867407e-01 -5.303184638850870769e-01 1.027972448364399272e+00 -1.467823775283259469e+00 -1.220953428317701039e+00 7.356119107292352632e-01
-2.676011579431882836e+00 3.075626987322380046e+00 1.000033196119301193e+00 -2.380485251848063477e-02 8.119514943313109745e-01 -7.237266166844961157e-01 1.195735081368867192e+00 -3.637687121329270523e-01
-5.509841863047078903e+00 1.076321735562409287e+00 8.102046669207390028e-01 -1.141493665236653188e+00 1.744415764016076897e+00 -2.806454968619872758e+00 -2.857742114473392547e+00 5.804606653942964156e-01
4.253786533284634075e+00 3.325836395274286872e+00 3.327555024461055222e-01 -9.938869273897231738e-01 5.659823291028234227e-01 -1.333179713522703258e+00 2.397285428822124143e+00 -4.207381750909276463e-01
-3.260089503039908188e+00 3.708328835689638225e+00 -2.538074742584652821e-01 7.657248426968910060e-02 -2.235591511888951888e-01 2.496679844561403017e-01 -2.717625354004494787e-01 5.722044398025327716e-01
-7.125665528257840720e-02 4.982621336866349893e+00 5.857001124812271087e-01 5.168255665810432831e-01 2.185663596213138216e-01 4.436297702797425413e-01 5.102909802025698549e-02 1.055072534582146115e+00
2.484728876092795247e+00 3.054075122845935297e+00 5.052299490859610831e-01 -5.659037905185099193e-01 7.607761266166224168e-01 -1.206670207827570174e+00 -1.716152524016813619e+00 4.074741725678812099e-01
5.521706957570890140e+00 3.810590577204896690e+00 1.130877141271401820e+00 -3.495391443332183101e-01 5.463387118468672199e-01 -2.731281958912362140e-01 1.527738366620545074e+00 4.724463654389202683e-01
-3.025322976660901553e+00 -1.047545568043881659e-01 3.788762738457802648e-01 -7.745387878748044574e-01 -3.595406159991388906e-01 -1.125333010079461626e+00 3.207164888213055454e-01 1.586235742715028096e-02
-1.174705375877347358e+00 6.036075597605741194e+00 3.721859531195390591e-01 -2.827793871641333112e-01 3.302989935275159605e-01 -4.808793841197143704e-01 1.718056608303273780e+00 3.716982998489307133e-01
5.372491328342457351e+00 1.992708666816795926e-01 7.548473061398164319e-03 7.430740252769105769e-01 -1.791603175649646162e-01 8.227453651443418225e-01 1.447832295681835024e+00 -6.592802232996211598e-02
-5.500558274730885877e+00 -6.109315968072816183e+00 1.087690005923969805e+00 3.459789172177423211e-01 6.057697037792708628e-01 -1.509697489022058248e-01 -1.357991938549899968e+00 -2.252918626340675023e-01
-4.941537556804466824e+00 -4.927114599348808355e+00 -8.425865434853485603e-01 -4.591559621437970584e-01 -3.833985880193745421e-01 -7.579725104651090228e-02 -1.947301170335225873e+00 -9.774540205936569359e-01
-3.903083460360656787e-01 -1.556770575693117387e+00 -4.781323463492510584e-01 -7.043402386456992792e-01 -1.089512348697675159e-01 -6.614780993964881617e-01 6.946896254660643866e-01 1.066159193474077949e+00
-5.321904672976620176e+00 5.961378172662842090e+00 -8.813946393593665718e-01 -5.159755346875649629e-02 -4.515557975733426321e-01 7.653398523556968758e-02 -1.606711873902110010e+00 2.831425847003289364e-01
3.293844796343197601e+00 -5.284783425969088455e+00 -5.064496263781019803e-01 6.445010395574701789e-02 -2.971465296834078229e-01 -1.325196755342683830e-01 2.738457518521996703e-01 -8.111229847630078149e-01
1.556031919169862832e+00 6.202900559962012395e-01 -7.342838703928452615e-01 -7.466036856859026294e-02 -4.186630630440949519e-01 1.736995033217031970e-01 -1.941238291102083791e+00 -6.398149315438211859e-01
-5.366882085104287547e+00 9.354799223438128308e-01 -4.160004661402373349e-01 -1.041629767589006716e+00 6.252078904005657911e-01 -1.666722702714211968e+00 -1.606695033248191073e+00 -7.849021512238155696e-01
-5.580899325488172913e+00 1.832258664876038168e+00 -6.046686583990085184e-01 8.177324086553361404e-02 -3.518047455922587163e-01 2.318828775615527915e-01 -1.365707567034357917e+00 -8.922342746823211934e-01
-8.694040742623103668e-01 -5.658333047266520310e+00 1.086085170251891663e+00 -4.650409836723842227e-01 5.624666841890370028e-01 -5.080501568642926680e-01 1.242964417235598917e+00 -3.000528068386215108e-01
-4.658430686341947791e+00 -2.033522751514572846e+00 3.090657621135248778e-01 4.086380338211883512e-01 5.340365553433820134e-01 8.729623677215314625e-01 -1.766789301667103906e+00 6.645388704096202304e-01
1.083885964107559552e+00 2.444475783985563311e+00 -2.964810212454646043e-01 2.289034255577915289e-01 -1.759526886883070740e-01 2.656180418277844235e-01 -1.813272860561008004e+00 -5.963024290488717627e-01
2.589378370297056975e+00 5.658155453225170106e+00 5.429171378575261553e-01 6.820467924068303045e-01 1.216716816763615761e+00 1.895539452540068615e+00 -8.813586382823238585e-01 4.173327677910868561e-01
3.075648404876000441e+00 3.658840200129819920e+00 4.122538647105917775e-01 3.639483579240914146e-01 8.322420196172646001e-02 2.944803498908732942e-01 -1.182966542643602709e-01 4.809933521824651392e-01
-1.713627356111118161e+00 3.782409557663768851e+00 -2.582314832775136626e-01 5.177008631511850201e-01 -4.152887721028382662e-01 8.108399593635964298e-01 2.218156328837292524e+00 3.593281043589171553e-01
6.695077233874062728e-01 -3.686111779403884459e+00 -3.002640262869772370e-01 -5.325215833189078651e-02 -1.697859507560374459e-01 -1.125497258474269791e-01 -1.223294064409818027e+00 -5.359128669990033123e-01
7.208998528820806939e-01 4.810231166794272539e+00 2.914925350198478426e-01 -1.377392618637478527e-01 1.272180601304716829e-01 -6.350485100400010685e-02 -1.313560928120686810e+00 9.886563597489504973e-01
-4.457417837680708317e+00 1.274750313660756973e+00 8.908902248481709307e-02 -9.338805264444267618e-01 6.944054430858042082e-01 -1.525508705062306847e+00 -1.380728999793418676e+00 -1.511109650254028658e+00
4.516763460899165139e+00 -2.697523046668024449e-01 -7.305510112809796563e-01 -6.976959467166957696e-01 -3.403736295343756657e-01 -6.724882437378538746e-01 2.190121227928213177e+00 3.822402479676455245e-02
6.387812390757190428e-01 -5.997949019702961237e+00 -4.578484453109276098e-01 -7.935335537252392601e-01 2.559274625819865090e-01 -1.033632224413978840e+00 -1.100846104982465601e+00 -3.729729647056244657e-01
-6.118781868643245581e+00 6.187236630654721736e+00 -4.782554149854602032e-01 -7.753153260663006030e-01 2.540936778351034486e-01 -1.020845893560275108e+00 -2.605551741525543030e-01 2.902901356096976304e-02
-4.049325104226618066e+00 1.252794757336572751e+00 9.058169104631959012e-01 -6.546966524479942429e-01 7.511147864799718743e-01 -1.072419662625317072e+00 -9.067681947928094566e-01 -1.619313991546988518e+00
-5.470477932417858291e+00 1.787943422539346017e+00 2.086445599509176851e-01 -7.139981641220181086e-01 3.614635454004867521e-01 -9.167693309408503355e-01 -1.726629153782735848e+00 -7.021894080382424796e-01
-5.154839962967185940e+00 2.702992662734040152e+00 8.059763680440441558e-01 -7.962566379292965735e-01 4.014579757728019560e-01 -7.947106304072177885e-01 -2.126450508270360196e+00 -1.056318321657654241e-01
-1.012938144252556683e+00 5.820955064384913058e+00 -3.033657815331233243e-01 7.249524477707580683e-01 -7.231223298002398270e-01 1.341164248676606441e+00 1.189281006893823989e+00 9.534461502962880974e-01
-4.106375667226345172e+00 3.587604047173620359e+00 -2.843971386581145566e-02 -6.367032542177952781e-01 3.696914867069287652e-02 -6.425931827426740739e-01 -1.667303368138711495e+00 4.548232400360087690e-01
1.046928403520002604e+00 -3.832067566563162053e+00 5.834544577603051341e-01 -1.015293081845766165e+00 3.811552178308676986e-01 -1.078502827328087665e+00 -2.137166447732405494e+00 -2.315185345911796033e-01
4.919163568746558468e+00 2.693314351768433923e+00 7.514583927944622488e-01 2.791991253514667370e-01 5.657570076567921546e-01 6.238589659285911360e-01 1.677499448693925421e+00 -1.535176503931064973e-01
2.712852953831500713e+00 2.048099639721783660e+00 5.618667556159722132e-01 -4.839976913795099867e-01 6.829344545551156997e-01 -1.021514216592031676e+00 -4.011079726777443955e-01 -1.318578801177699100e+00
5.202166630374909673e+00 2.682956505966755500e+00 1.011094211661836662e+00 3.320569316914738778e-01 9.559883644497502164e-01 1.108789652831336792e+00 1.146929832045320286e+00 1.752195177693901540e-01
1.899064741637861431e+00 -9.570669059319696359e-01 1.914673650912404046e-01 1.700472905685062042e-01 3.285774810615429420e-01 4.853278769028422923e-01 -1.938110174830943500e+00 8.624119676162793624e-01
2.498320121488548651e+00 7.803124757137567258e-01 -2.462442886020463906e-01 7.055521544580098947e-01 -7.215307250159691543e-02 6.949687282303358415e-01 -1.150032477418774013e+00 -7.531032966062914946e-01
-4.311927168066827853e+00 -1.337797658773855147e+00 1.169035591783029959e+00 -5.223000464123203068e-01 6.363622326346174418e-01 1.051599789117558942e-01 -1.830607814664197086e+00 9.618240889703589813e-01
-2.783610902039332480e+00 2.006396287182873550e+00 -4.600557621031998723e-01 -1.074336299378066739e+00 -1.889437155088669051e-01 -1.059685547741853417e+00 5.011511862864109768e-01 -7.069989462773431654e-01
2.112844269476283898e+00 4.073132741328869599e+00 3.099165829273093919e-01 -1.121645481974766545e+00 -6.250256597468709097e-02 -1.145378871728055303e+00 -1.647080686616184009e+00 7.363124684244204410e-01
5.770906421337720360e+00 -1.145510427893720262e+00 -9.425375331153833525e-01 -6.764613574622931891e-01 -2.942062518026353768e-01 -4.392959765997238031e-01 9.038494429150877307e-01 9.874010960158239314e-01
-3.455066990931168203e+00 -4.681931259328039552e+00 -6.451301470390663484e-01 1.163568180700818688e+00 -5.500049630941562517e-01 1.349025163239571334e+00 8.178680624605472183e-02 -1.698054039091394962e+00
-6.575050296305589015e-01 3.930330640122218000e+00 -3.406764196123699406e-01 8.317427892038218307e-01 -1.195967722402261069e-01 8.168851007825139732e-01 1.319227866426951223e+00 6.125244553192402686e-01
5.478587947394800040e+00 -3.141569480108288737e+00 -1.141088768930387243e+00 4.644324866270741481e-01 -5.391316964662827838e-01 9.060680819068137049e-02 1.476302027472257805e+00 -3.517583375159408221e-02
1.502690952749883735e+00 1.000995337244543926e+00 9.502463162348304682e-01 -8.535787605281600632e-01 1.379573316475998457e+00 -2.063145021380699440e+00 -6.265604114354599297e-01 -2.210811390071323768e+00
4.760249239661202836e+00 3.094691487872108127e+00 -3.713195974726368753e-02 -1.023383941636909711e+00 -6.728329327122208048e-02 -1.029750264420156380e+00 1.928735691202100311e+00 2.209016887702822465e-02
6.640644911661128802e-01 -1.953423519394252850e-01 5.614528528052487033e-02 -8.959295917526690634e-01 4.073649215565052217e-01 -1.161892801518312979e+00 -8.741308499529313325e-01 -1.644121533011616842e-01
-4.115257012717908225e+00 1.668018739118736882e+00 1.366085145943800594e-01 7.832501015249460075e-02 5.518780262230699174e-02 2.989076411549278223e-02 -1.654693994347933295e+00 -9.944868906546755483e-01
5.921553186757057219e+00 6.999417198748378866e-01 8.860470930765285136e-01 -5.202689668196202044e-01 6.466823066249146601e-01 -8.355256398706119025e-01 2.358365706950526497e-01 -1.724071623017408572e-01
-1.351237785853086848e+00 -2.430925382021159376e+00 9.117370875218948623e-01 4.393099051957962686e-01 3.963551322496252638e-01 2.523872916587092119e-01 1.863775473522518045e+00 7.405515730189810020e-01
4.856706303273634617e+00 2.039419833637188262e+00 -6.784128030193784520e-01 3.288573577940312465e-01 -3.328962868667748598e-01 1.331427529776190583e-02 1.980620983031516902e+00 -8.936031873398836423e-01
-1.404616187975095798e+00 1.619253880489841535e-01 9.121956858330124707e-01 7.624086141687840268e-01 4.544800321701015222e-01 7.604749207358442176e-01 2.318065193943060098e+00 -5.068362438235886058e-01
-4.551415118534393400e+00 2.339765230695691756e+00 5.119511517975530168e-01 -5.486517404849285962e-01 7.255408857214320495e-01 -1.144172031738772688e+00 -2.448340392653616693e+00 -2.444310001928357567e-01
3.821635626373375061e+00 -2.536639386386951855e-01 6.126007057750832985e-01 1.039927590171300986e+00 7.479361786411183877e-01 1.484843669437977409e+00 2.150361598568603316e+00 -6.417563964221923989e-01
-8.102725881102799121e-01 2.169243081972012988e+00 -5.001225912680556940e-01 -6.391565374718322090e-02 -5.489071857894445294e-01 -6.056290008037316097e-01 1.502594525749840981e+00 -8.798559796481413287e-01
-3.923034610315149884e+00 3.005091063309873078e+00 9.931233773059047198e-01 -4.315806392340286735e-01 9.828355133880313232e-01 -1.216999503754744527e+00 -2.127650252732399050e+00 5.829645776931808854e-01
-9.348785366146339371e-01 -2.068142399796411013e+00 5.509986552912198299e-01 -5.218606332955564309e-01 4.241280942345641569e-01 -7.015661086455728945e-01 1.878578188376919922e+00 6.093275318122209905e-01
4.279616817048509603e+00 2.390980841825800951e+00 -5.625121267137699332e-01 -6.606565727945060695e-01 -4.042282781782718382e-01 -7.869840321359672375e-01 1.513425856395733682e+00 -3.798988955710528304e-01
-3.493980276908877691e+00 6.126232258505082129e+00 4.136481135206155901e-01 -1.148468660209842396e+00 -6.870483858551179601e-01 -1.822437960763655829e+00 -9.334288602167145621e-01 3.994589061922972917e-01
4.262425674132183318e+00 -3.294580399446368713e+00 -8.646883273761269972e-01 -1.119052970245164813e+00 -2.806254707355576028e-01 -1.036933678507087730e+00 1.522673947883763423e+00 1.258605188591201685e-01
-6.093423394115975888e+00 -2.749702534113287467e+00 8.704389642857923715e-01 -8.717187299987845250e-01 1.582912478162563225e-02 -8.562118616732068421e-01 -3.745293295973916026e-01 3.792150786943425667e-01
-3.130457512863422664e-01 -4.030178602010304978e+00 -3.146463759108368841e-01 1.039147948813496924e-01 -1.754850633366734913e-01 -4.329934432594693267e-02 6.200512882186560715e-01 -7.803166616744187101e-01
6.133805753432918451e+00 5.325292568472624666e+00 2.565445830790729076e-01 -8.536307405385608060e-01 5.554700793791800262e-01 -1.237224241483001030e+00 7.947040457320047047e-01 3.209263970438147040e-01
-2.329139109791697138e+00 -2.666516390645400136e+00 -7.236057803151731971e-01 -9.616845477023958644e-01 1.657082024896784078e-01 -1.118051126767005687e+00 1.513280341267773998e+00 3.960793390984874707e-01
5.846229335463300814e+00 4.430861608551849073e+00 3.270152767751672851e-01 2.939645258554772767e-01 1.424612432324841860e-01 2.719110201321697784e-01 8.080969919004574731e-01 9.989020402703057133e-01
-3.385578737436594210e+00 -2.938124304048229440e+00 2.646276129407836297e-01 6.047147104955330477e-02 1.769782515509882859e-01 -9.908352250140617379e-02 -4.907322998713220530e-01 2.096545176263746868e-01
-4.694327270194648349e+00 2.740329758850093000e+00 2.652647636068952153e-01 2.532346210609461856e-01 8.840850666626236254e-02 2.172396576983911254e-01 -1.982131863854050824e+00 -4.081231541809430818e-01
-2.483120351867498243e-01 -2.975843149449028058e+00 -7.003045742088546133e-01 -2.417135194986338442e-01 -7.931969735109971609e-01 -9.678808238423888266e-01 1.826586599093731333e-01 4.738691845218160892e-01
-2.613403132764454018e+00 3.947932784421482211e+00 -8.782036751245092532e-01 9.688272576717922302e-01 -1.682914049290579861e+00 2.587058310039911824e+00 -1.875151483191480617e-01 1.917214842084300486e+00
5.061096433192847854e+00 8.232308556935024058e-01 -1.162503546553489864e+00 9.067546110161250894e-03 -6.466847055085755969e-01 -2.864121121537032688e-01 2.044383946796064500e+00 -8.980998357018472600e-01
-1.485030343288891608e+00 5.379967380998817106e+00 -1.167617908918352487e-01 -3.129465915807366772e-01 1.111335174780038043e-01 -4.057950923473650495e-01 1.967865901595706957e+00 8.101059478354181165e-01
1.912892205657625411e+00 3.448805029943832423e+00 -9.383751223414049658e-01 -9.007738660758251026e-01 -4.537556399231116866e-01 -8.849484900691458877e-01 -1.482801215595738187e+00 -9.890337112247114815e-02
-3.185129235888843446e+00 2.928136413153323403e+00 5.249467746035256788e-01 -9.073744898530422542e-01 1.379797068348682432e+00 -2.267300212243201329e+00 4.419790793615641089e-01 -7.408636976842197797e-01
2.700345561846084763e+00 2.581722560808183076e+00 -2.481234945166361783e-01 8.334271335988672202e-01 -1.060836168920839429e+00 1.886808316804926777e+00 -6.172561863953740513e-01 -7.679548262575700557e-01
2.377311192222062886e+00 -3.678350647417190089e-01 6.424683065879877031e-01 -8.470377691339470161e-02 4.911070933467909239e-01 3.683125659474478231e-01 -1.453882820853782620e+00 4.294420211414552435e-01
-3.652122200311803901e+00 -4.712449593791660618e+00 -9.034573843324626985e-01 -4.043220890474461537e-01 -4.007936132848791133e-01 -2.084997594808528087e-01 -1.050190756213679633e+00 -9.270879167637674501e-01
1.874199377252715237e+00 3.299959354955896984e+00 -9.965531343128052333e-01 9.943517865413806778e-01 -5.761500450627510261e-01 1.077621829133265097e+00 -2.523003694568838551e+00 7.720586741434773970e-01
4.264489431586651946e+00 -2.958046724802911864e+00 -7.650942018180684201e-01 5.166330655190822796e-01 -6.479252175536275304e-01 8.991111792873903719e-01 2.272942808833676498e+00 -2.877082501267355652e-01
4.668275238292492801e+00 4.457046132389930193e+00 6.964325780088327367e-01 2.795984078069755352e-01 4.052351725181327358e-01 -1.166299902359341223e-01 2.007963451861743298e+00 9.576675984458205004e-01
-4.669549259931944363e+00 3.451872167421772275e+00 -3.368489568944287305e-01 2.436310652418605116e-02 -1.711826114752352801e-01 -2.087414320527316777e-02 -1.994718776904033763e+00 3.018785528222911463e-01
2.239820310905932033e+00 -2.194323077119202381e-01 -3.186210981451033097e-01 -8.962220853840507928e-01 -7.256207155446523505e-01 -1.459375737524158723e+00 -2.236642187076408383e+00 8.854629962905405938e-01
2.399720675405017545e+00 3.609997264607551770e-01 1.152872150447023847e+00 7.848828276515755764e-01 8.387560114318450832e-01 1.163191120353074481e+00 -2.222097316034440162e+00 5.175493653391174398e-01
-1.662493342982779509e+00 3.354990390737288664e+00 -1.161707281394671609e+00 -4.055504265321748791e-01 -5.445088964331642467e-01 -2.419889090144872190e-01 1.865917544787045745e+00 3.374617845985399267e-01
-1.930173127089650720e+00 -1.488590814462188661e+00 -9.034793653733912411e-01 -8.642847398425301808e-01 -1.032429263909447892e-01 -7.709452299530497044e-01 1.906248762518330420e+00 9.626066249639575467e-01
-5.711449299839884475e+00 -2.404729706020019897e+00 1.181241573641103049e-01 7.279914295077423159e-01 8.142130626955628170e-01 1.531129156713955553e+00 -1.287109354615612933e+00 8.768917753488624234e-01
-3.117335756290607662e+00 4.027088136374750604e+00 -5.268595834598681638e-01 -8.125537980161448015e-01 1.598074962892838922e-03 -8.135949411619609606e-01 4.752265118525250687e-02 7.752150621545054188e-01
-5.568503463890840166e+00 -5.632718319825683828e+00 -9.625015887662000669e-01 -7.026376952450833491e-01 -2.602404361586165837e-01 -4.429336316642416005e-01 -1.318151202776895126e+00 -5.981611890972710066e-01
2.316003067838112273e+00 2.293594836832985706e+00 9.408288105238016286e-02 -5.686726429521850035e-01 6.622802621708511195e-01 -1.230786637078332246e+00 -1.451631447806851050e+00 -7.682214893251976262e-01
-4.359408417157099258e+00 2.526613751629646742e+00 -9.222130147292075808e-01 1.274996342189136378e-01 -7.773463145543111352e-01 7.678234897105979950e-01 -2.215104339750468831e+00 -2.385299764647000886e-01
-1.360843974759727182e+00 -1.388340566371910612e+00 -5.693154960011057586e-01 -7.295173811055798430e-01 1.598053297154867769e-01 -8.892623032146373951e-01 1.959988709405562135e+00 9.794940560305569477e-01
6.208631941827130518e+00 -5.107238036307953699e+00 -4.124757901885148792e-01 8.756939776734291581e-01 -3.620369449554536323e-01 9.896803058000869235e-01 -1.911098588674876586e-01 -5.829761380220502831e-01
-5.927631514102731813e+00 -4.191168314620352220e+00 -3.118775031412749366e-01 7.092997435957169028e-01 -9.879680886250041816e-02 6.930071509905807448e-01 -7.637486355178193520e-01 -7.996825212864027144e-01
5.362393098998355256e+00 -3.127863426653273660e+00 -1.075677862600006973e+00 8.478718740570092560e-01 -3.472352646146693034e-01 6.415434953260502615e-01 1.771337026509149926e+00 -1.654456188494500268e-01
3.073878100577811523e+00 4.665355097819945840e+00 4.126771887963793795e-01 -5.961910979406014333e-01 2.002170273369052178e-01 -5.920507707245624696e-01 -2.538389308026781088e-01 1.117407408183492823e+00
5.776850889108587239e+00 -2.147220038529449759e+00 9.389931913786193629e-01 -1.093750135560155545e+00 4.322578815045602929e-01 -1.063478285300601289e+00 1.428517915987594700e+00 3.798489879396582669e-01
-2.830191637520425907e+00 -4.807080607048256127e+00 1.086825539669819429e+00 -4.699714281533630134e-01 4.887186189114214319e-01 -2.769164428612830298e-01 7.371128113455002184e-01 -1.119847765688693597e+00
4.956993417652197920e-01 2.731869922272299078e+00 -2.359607471697656722e-01 -5.805533382686254296e-01 -3.671485494925212922e-01 -8.072138155767839551e-01 -7.181458592009770658e-01 -6.315030324377098880e-01
2.041341716300122400e-01 3.722669771876514488e+00 -7.835140111323688483e-01 1.025268880254140536e+00 1.495179660879526196e-01 1.164289820613164661e+00 -4.695149217295256916e-01 6.130007397965526739e-01
-4.319533778228351828e+00 -9.649456679189389874e-01 9.206933442814735358e-02 3.705767264363601932e-01 4.348408760294003583e-01 7.955911097611769733e-01 -1.920770612603238447e+00 8.951490371161829884e-01
2.214884420879878135e+00 3.697455973307370414e+00 2.234700907040561013e-01 7.478287173107900365e-01 7.909634346428924545e-02 7.408595094057396357e-01 -1.540923972934847397e+00 4.693054704351073969e-01
-9.535877207110825537e-01 -3.957811361026155161e+00 -1.087223811069339074e+00 4.033332492645498313e-01 -6.750319825468985568e-01 -2.653397326634658882e-01 1.606467123439280442e+00 -7.040336908192232901e-01
2.939638285775076909e+00 -3.759396481615286500e+00 -6.319704983508090956e-01 9.169167933188815400e-01 -1.264404245982276409e+00 2.073560286489696924e+00 6.579597707928731554e-01 -1.638374835969901966e+00
-2.641665061057443253e-01 2.128477217682801736e+00 -1.562566508031875134e-01 -6.644298977964410158e-01 -4.392565064839089040e-01 -9.861435219867953350e-01 8.171416952664781741e-01 -1.143416848426319632e+00
-2.001967547408876058e+00 -4.248624321768170731e+00 -9.348468029199297202e-01 2.728695995429311072e-01 -4.750204283753027279e-01 -2.428838010027833602e-02 1.807952575999720590e+00 -8.853736573551285183e-01
-5.619761177419686504e-01 2.447842092771191247e+00 1.151149721436245388e+00 2.353765811221679716e-01 1.360989231394869048e+00 1.584566450151324135e+00 1.349078987153322640e+00 -9.227854196207710968e-01
-3.752585790370384977e+00 -5.111401669594393127e+00 4.790272350400952561e-01 -8.813249343785134471e-02 2.544160730041830631e-01 -1.416607266072882343e-01 -1.112128365310710132e+00 -9.566790567336236339e-01
3.032983638804344295e+00 1.542610592732519770e+00 1.628236181038145158e-01 -1.479933618876470014e-01 8.763926247877790177e-02 -1.550340034662623656e-01 -2.032480842081511030e-01 -1.013145957976130607e+00
-3.543895352691781575e+00 -5.405665256572058652e-01 2.640580799918024191e-02 -8.438818838501158659e-01 -7.943340459737213699e-01 -1.630635421089980497e+00 -6.045576467342912430e-01 3.361030011732720202e-01
-7.438054414079671162e-01 -2.630864785163614439e+00 2.585922271211114065e-01 -2.643148688322065620e-01 9.267520408071708293e-02 -2.354912960110113751e-01 1.374928260366462318e+00 4.680705430595404337e-01
-1.066869823086929792e+00 4.315503375995042745e+00 3.182446846907176496e-01 -9.848076104225830241e-01 5.759346944096442877e-01 -1.342447860899688372e+00 2.357415608812214902e+00 3.162403902058475991e-01
-5.981820085198156889e+00 6.825247488442283128e-01 3.761972760713390151e-01 4.828458422270416328e-01 -6.324469781519381772e-02 5.415517159441511907e-01 -6.063893549479272282e-01 -6.180131931953504187e-01
-1.941286375198211012e+00 1.978022699142892193e+00 3.015705614055650408e-01 1.657310994438465634e-01 2.812113383915437193e-01 3.660991491028848244e-01 1.792063889249763564e+00 -8.459867275953867338e-01
6.383452701842253774e-01 5.027126589052533845e+00 -3.730575380453671208e-01 1.794180157790796759e-01 -1.664160358398608375e-01 1.264995425981459420e-01 -1.171775886384553544e+00 9.309187805175043184e-01
4.388846976008249356e-01 -5.865064273187670096e-02 1.135408897403076045e+00 -9.119375200919406232e-01 1.577470994605877364e+00 -2.298158322798071751e+00 8.803441075710256580e-01 -1.671587341749914302e+00
5.478224646865230696e-01 -5.071428365248760173e-01 -3.323610359954759508e-01 9.485531970455383100e-01 -4.555381925662354559e-01 1.173251015838977285e+00 -5.767408864622709519e-01 2.076339253337611268e-02
-4.147027740277341223e+00 -7.111900072898995617e-01 -8.814949165792795860e-01 -9.858438617651579250e-01 -1.683379300464058925e+00 -2.596873801143133598e+00 -2.956608424836505655e+00 1.920553926962032421e+00
-1.724257817743482413e+00 -2.301363893020560880e+00 -1.797229476693258388e-01 -3.189612564367672043e-01 6.749039536098222491e-02 -3.755212505618160668e-01 1.990323506838469481e+00 7.309680359114338888e-01
4.626525872818273655e+00 -1.509241904833966252e+00 -7.389190729774952615e-02 5.932904328287198492e-01 -6.467928065028434315e-01 1.233067930475810092e+00 1.875486136465763121e+00 1.115252043291703243e+00
7.289008087461645857e-01 -4.090232341758220258e+00 9.576814307489753819e-01 9.439676412217943291e-01 4.310009859115792596e-01 8.980481183289129588e-01 -9.472437089946948996e-01 -1.197480059298250854e+00
1.218978692283793741e+00 2.060776654002909325e-01 1.017798490183101867e+00 -8.263356122469385223e-01 8.462135911519137466e-01 -1.274322614662839026e+00 -9.626554405933822611e-01 -1.119462498157008046e+00
4.441096400189612936e+00 -2.995527890511953562e+00 -7.377611985278034190e-01 9.974457937480354364e-01 -6.221470204435046725e-01 1.249630631883433818e+00 2.637570546684870898e+00 -5.651739705807627967e-01
2.406177366879166613e+00 -6.266565851572702073e+00 -8.822233683037628005e-01 -7.775878643617746278e-01 -9.887054783505926370e-01 -1.499639866669906452e+00 -2.354662947459407185e+00 9.962539163949248877e-01
6.629673121358283794e-01 2.516440052281119222e-01 -5.229863009213016056e-01 3.551983172787214205e-01 -7.316053688599661875e-01 1.025782338762985191e+00 -9.308625839456459161e-01 -5.490505430267255127e-01
4.127197256505887424e+00 5.354752095530560752e+00 1.110604810612951798e-01 -1.043580281174255608e+00 2.450090164175986462e-01 -1.126035924881962247e+00 1.407416402896624064e+00 1.060478276647530027e+00
-3.139218333500331859e+00 5.482111645320401294e+00 -2.824003751280044217e-01 -2.096530557756441926e-01 -2.819069150626399289e-01 -4.053610515359669098e-01 8.699787061626829132e-02 6.358544698116663785e-01
-1.739628493442268109e+00 6.024121344070721307e+00 -5.569777851438796334e-01 9.315608813657527687e-01 -3.217664151563219832e-01 9.605550616168743172e-01 1.663746338226155252e+00 5.639928676393880513e-01
-2.339617999288630124e+00 6.103444672019902484e+00 1.436530811795559970e-01 2.881573694379668815e-02 9.440188762337549389e-02 8.126515993178527741e-02 1.443839443882448892e+00 1.723958417169954571e-01
-5.760227732347197538e+00 -1.430345506873980987e+00 8.458251999318371350e-01 9.737816575861233392e-01 6.499141644078225699e-01 1.216360323227099860e+00 -1.732288927964664937e+00 1.723552712535980413e+00
-5.195966224231653996e+00 6.172311411560166050e+00 7.803299817548270401e-01 7.241237291090771855e-01 2.766680222088797048e-01 6.233793535755686177e-01 -1.931303208996154375e+00 2.712753730804367547e-01
-2.199486599176996293e-01 -5.278725082760528764e+00 1.056323019327229273e+00 -6.373688352139046387e-01 6.752719964493351101e-01 -8.666250551274199410e-01 -1.140903700356351025e-01 -2.934230661140678209e-01
-5.125425579322497427e+00 1.739919917635408098e+00 -2.240855487942479130e-01 -9.213722210536889889e-02 -1.129724639637867262e-01 2.226063254718824071e-03 -1.831950632585189087e+00 -9.855943880817945590e-01
-4.216332482430724227e+00 -4.716237308478187451e+00 1.111833920147887733e+00 -8.269764547123580334e-01 1.494274222614901504e+00 -2.138393631196931377e+00 -2.272688819456698539e-01 -2.531656410962415116e+00
-2.786176713672539051e-02 1.929512762368002399e+00 -1.881596379055376911e-01 5.220294848665958387e-01 4.659470542776157978e-03 5.237862047140393607e-01 5.797678880628613640e-02 -9.386086830115357715e-01
-6.229571714233295587e+00 -5.721838779199989844e+00 1.030210234504896016e+00 1.108016418527863367e+00 5.012278153177589235e-02 1.064216676336856793e+00 -8.124132403285055926e-02 -5.582610686937057309e-01
3.050326541343720166e+00 -3.942156023988190761e+00 -7.287680460089853707e-01 -3.120724244014557724e-01 -3.454317438942067775e-01 -4.995199155373927780e-02 -1.935171250512227048e-01 -7.065102854713479763e-01
5.999112784991918801e+00 -2.635770751345172691e+00 -2.967246996264349956e-01 -4.282381595136086627e-01 -3.975883996635276585e-01 -7.081087081345623924e-01 3.605655703768841924e-01 6.844955455290329116e-01
-1.990785113512615112e+00 -4.745355520016171447e+00 1.174437058109874643e+00 3.689104594206291665e-01 1.327020623502787711e+00 1.597780742482653116e+00 1.025921249767451027e+00 -1.991908774353663425e-01
4.290405467758724001e+00 -2.594227377465021966e+00 -1.123016897718167817e+00 -3.496247688560476519e-01 -6.323007871634787058e-01 1.717182379121027780e-01 1.885993858785590227e+00 4.590020851313666439e-01
-2.878750243202121695e-01 -4.322135774435599487e+00 -9.109940840750669899e-01 6.559025603839245822e-01 -3.109482450652912289e-01 4.608333809050053076e-01 4.562396750538346146e-01 -8.132217671041694906e-01
1.511087300523220378e+00 4.383456269237894887e+00 2.479703924873895016e-01 -5.039410959290651082e-01 -2.221043466168059755e-01 -7.180447272723203822e-01 -1.954016668456124428e+00 9.039684293524316017e-01
-4.927888449229151036e+00 4.880991027578911456e+00 -6.741662869555719029e-01 -2.637668418351781785e-01 -8.055927342460578178e-01 -1.010660458173316067e+00 -2.258834330350592001e+00 1.290915219162283245e+00
-4.766737690479049050e+00 6.054250876733686226e+00 -1.045321318374511810e+00 2.719768275491103449e-01 -5.066832078725191923e-01 1.839658679521584683e-01 -1.905251489322552727e+00 1.351444296518505006e-01
2.178501493403430800e+00 -1.773887117131850211e+00 -6.481876819351350960e-01 9.275114460923263859e-01 -6.034474041707604992e-03 9.233541658973085653e-01 -1.645959741137595023e+00 9.834866057737898792e-01
-2.449042541051787314e+00 4.114847206137694613e+00 1.193890330017008727e+00 -6.177482831734226743e-01 1.660055872004926325e+00 -2.212830438044790959e+00 2.593461084539803174e-01 1.844378779028787108e+00
4.631394117965745849e+00 1.051926807213696691e+00 7.073272894935334065e-02 -3.016265259112577146e-01 -1.715872662593332931e-01 -4.570253720622223237e-01 2.026694608212646909e+00 -9.016315287123344291e-01
5.275621426725274787e+00 2.848802811475735552e+00 4.480808045515807247e-01 1.660980444580455462e-01 4.011756539187659731e-01 4.690824934631484533e-01 1.567722405058272539e+00 -1.652795494718821145e-01
3.519236614716891864e-01 1.069153235202971786e+00 -1.191704628490979356e-01 5.346635811086180023e-01 -3.645903039892403052e-01 8.094296327287776593e-01 -8.833841455863846726e-01 -6.828179059491371605e-01
-5.082257291372577868e+00 5.145352384678130164e+00 -1.169178980324206973e+00 -1.413605697588753429e-01 -8.352136666709828461e-01 -7.215605945427365775e-01 -2.298257012476630390e+00 1.341233499473626356e+00
-2.622825165795324320e+00 2.372669655025827495e-01 -5.698250659842629684e-01 1.183837951678512468e-01 -4.234246209822853935e-01 -2.883746966925924138e-01 1.025540765357163542e+00 -2.689674811755297101e-01
1.499510737917624681e+00 -3.638672316517453265e+00 1.159272041521523855e+00 4.070801799814871558e-01 5.417803188913448142e-01 1.833010244959398238e-01 -1.904478816893718118e+00 -5.673023604783079543e-01
-1.608742842710732646e+00 -5.896112399121649084e+00 9.749447166776976648e-01 -2.222954239076838645e-01 4.826747930289338462e-01 -2.327003454619634010e-02 1.988327665972750458e+00 -3.672469276981537023e-01
3.629574271861560675e+00 -1.008082686729510513e+00 1.074104394599617818e+00 -1.093213146039502481e+00 4.976282058325924296e-01 -1.056058990216113047e+00 4.136301640602406682e-01 1.369868473503784934e+00
-7.612514722256902289e-01 -1.081912041174213357e+00 -1.122558137660231603e+00 1.610559262337833974e-01 -1.160147500518823982e+00 1.262067713260881074e+00 1.841157576326970968e+00 4.213558521148630387e-01
-3.869533645946526601e+00 2.883972249443539582e+00 5.903818484075609163e-01 9.420692208969894121e-01 -2.069085995532654876e-01 1.126512316273970526e+00 -1.436295460470162322e+00 -1.491525535457610685e-01
5.338299587612301167e+00 5.644009834146235249e+00 -4.733072135171656480e-01 8.982568158688410964e-01 -1.219452896628691052e+00 2.061167864178328646e+00 8.643713277645799220e-01 1.353022540181925137e+00
-5.187028730623382877e+00 2.211191767552042720e+00 1.734105848214384515e-01 -1.418698695019819933e-01 1.305750608694130621e-01 -1.993419452362809319e-01 -1.802287040827369236e+00 -7.784873388921285109e-01
-5.701410062332593398e+00 1.776495186486771516e+00 5.537927373031514833e-02 7.660770047615257372e-01 -1.211622000163448259e-01 8.105767186517431888e-01 -1.190363548800426496e+00 -8.875709287068684894e-01
-2.223136145762094174e+00 5.683477213476495038e+00 -5.953128551302678817e-01 -4.159175802061487737e-02 -2.991644202972927880e-01 -5.733002915601340121e-02 1.606458543356745317e+00 5.472741733828297983e-01
-6.057273990641066419e+00 -1.443557365807865978e-01 1.040164170713185010e+00 1.051318270509283836e+00 5.313513446641107696e-02 1.001784064688290732e+00 -4.672512477481052806e-01 1.631169143457844029e-01
4.776788993978442477e+00 -4.323655523838721315e+00 1.172277199666954095e+00 -7.423928288834746869e-01 4.253897594057388654e-01 -3.391814650307521384e-01 2.041834173714105027e+00 -9.713699453178885612e-01
-2.281250078398535663e-01 -2.797069823222779750e+00 -8.955892021128593061e-01 -1.138641078583459310e+00 -1.432100602043151705e+00 -2.342277478891496401e+00 -1.365297593992174541e+00 2.155348194145271457e+00
-1.075444333478577263e+00 -2.035574667755038369e+00 1.176038563236932122e+00 4.356218561874949380e-01 5.542417056548618604e-01 1.178123392679531894e-01 1.706107662346522558e+00 9.474161729882939476e-01
-3.707836217463311268e+00 -5.307715574443066409e+00 8.907891887920451612e-01 8.791155655806719427e-01 4.583702599418981727e-01 8.924444825176744978e-01 -1.481828424519954446e+00 -4.190683745569429575e-01
5.076970451061814771e+00 2.369281789629374302e+00 8.833426312615124676e-01 -1.030783112295401427e-01 6.711846921225048668e-01 5.059086127355080231e-01 1.725790409175774309e+00 -5.550366353212411452e-01
-5.317283881354581965e-01 -6.911404257572186793e-01 2.147243375051965941e-01 5.247304371812666623e-01 -2.958970159530404653e-01 8.168757114996673119e-01 1.052416369938477203e+00 5.990476487228417746e-01
-9.880138161065046276e-01 4.333068338516563145e+00 1.671097075133824994e-01 -1.095694607042195345e+00 4.743573383905779206e-01 -1.366930157004216495e+00 2.201824753459136197e+00 3.969607182800105605e-01
-4.056256286200309091e+00 2.737711404094971712e+00 -6.844168648104087538e-01 -1.024485772515324467e+00 1.689334936136029919e-01 -1.171856983371320160e+00 -1.681492447563639914e+00 -2.962126769295881923e-01
-1.318705007663416140e+00 4.460737443067854358e+00 8.796167069590810073e-02 -3.487519369977226669e-01 3.190514672626157400e-01 -6.281714684945877147e-01 2.033529440958635082e+00 8.717588679362815451e-01
-4.307190652783663865e+00 -5.215650217351743834e+00 -2.286693292042610848e-01 -5.536312845197065569e-01 6.893011705594072336e-02 -5.960206320447556383e-01 -1.805651557540176588e+00 -9.084112885883899313e-01
5.377606742820889352e+00 3.339948313805667368e-01 9.951333306316805238e-01 9.133451171119795209e-01 3.685445625740408349e-01 7.934945247389498801e-01 1.850107511846162955e+00 -6.043624358415968789e-01
4.169032818117488048e+00 -5.819168271378255319e+00 -4.682494019905363292e-01 1.033361242675950864e+00 3.154161897419247018e-01 1.300024129764268510e+00 1.930956818502189032e+00 -6.665441483491498786e-01
-5.025237013061635061e+00 -5.111901582454139614e+00 7.416168749388112325e-01 -7.861401152659295288e-01 1.513467743773939667e+00 -2.293927778409987628e+00 -1.602417469456090648e+00 -1.221755000373203837e+00
-2.238836523916390320e+00 -3.260718510355858246e+00 -8.368047442216715037e-01 8.429388017569998670e-01 -7.388838145510598920e-01 1.228459832818680431e+00 2.344416166757542275e+00 -8.931861315370412946e-01
2.282200920427143842e+00 1.467701089866882747e+00 1.031220315857565462e+00 9.325749681914088374e-01 2.558766812706069760e-01 7.569841262847059049e-01 -1.655781177208235588e+00 -8.538003474703853568e-01
-5.636429356016788184e+00 -4.798316949938360665e+00 1.077684861398377381e+00 -5.936373492017267273e-01 9.498477502235567194e-01 -1.228959373075124706e+00 -2.072969129589621318e+00 -1.285427156523007985e-01
5.062162703998499325e+00 2.630644256534951708e+00 6.269964526311975206e-01 5.751169091349412898e-01 7.460664869035886770e-01 1.140869200918990467e+00 1.324035038855042590e+00 6.586078256266492126e-02
-3.815394198904078937e+00 -3.952941128237240864e+00 -2.900335912214617728e-01 -6.097861532991079025e-01 3.081991413304422944e-01 -9.150744541053998926e-01 -1.209252959712485476e+00 -7.638857795761204716e-01
5.852865745623342164e+00 3.681254810284091405e+00 -5.170568130690496034e-01 4.618858027150536394e-01 -1.523107990138700407e-01 3.757822825554841817e-01 8.815348227620654065e-01 4.666338717160040672e-01
-5.255372517627019846e+00 -2.382068625989961497e+00 7.547748040577391127e-01 6.780370625769318593e-01 1.316077132112462467e+00 1.947032753980747044e+00 -1.033084222458224399e+00 9.318742970315097018e-03
2.255686192161077130e+00 6.010159248293517109e+00 1.100683095114823873e+00 2.106862465197734124e-01 9.565239243509952027e-01 9.931175854538460968e-01 -2.095408046451410655e+00 8.160772417300119486e-01
-1.407794697016307772e+00 3.295384916544367826e+00 4.377619503805849632e-01 -1.082753598820384466e+00 2.139043787490569337e-01 -1.080783702776777710e+00 2.204663807864767122e+00 -7.798783405647373435e-02
4.556629913143087407e+00 5.926622519623846230e+00 -1.055932116473455862e+00 3.350620316985277736e-01 -5.727746567214283546e-01 4.493059269076678519e-01 1.723608135458009283e+00 6.012352695282043857e-01
-2.614669829431888193e+00 4.779409862652276075e+00 9.122718621911027892e-01 1.160221577919614999e+00 2.203539986314237975e-01 1.062415199286460776e+00 1.215534630012619743e+00 7.879721969540218751e-01
-1.731944794609210803e+00 -2.987625622817831950e+00 -6.588407215379098458e-01 -8.859135566508360426e-01 -2.018297185040364150e-01 -8.233612218329539045e-01 1.816091101812993047e+00 3.113556508230698738e-01
-3.311897534129918608e+00 -5.841283974406437984e+00 1.148374370664067667e+00 4.447864495890694325e-01 1.136913309235344727e+00 1.375216015111717871e+00 -1.237469850346851974e+00 4.708452685969763962e-01
4.353054796375008806e-01 -1.353120387501093091e+00 1.158725096835815593e+00 -1.044656221668395002e+00 4.777192520739717008e-01 -9.415091413593218439e-01 -4.042071169269885744e-01 5.372342850939619829e-01
-5.601262241018645227e-01 -6.715368026215013941e-01 3.119521638824793719e-01 2.445053972264876752e-01 6.812059511849309634e-02 1.768071322061222639e-01 1.061247197525075681e+00 6.235289103266804522e-01
-2.790016936491930277e+00 -4.785493833028171551e-01 4.968057372123060311e-01 -1.097801092121064803e+00 -1.579448582771951215e-01 -1.204379666806000726e+00 8.291446126794697058e-01 3.201025214099126326e-01
-4.462358983217221464e+00 2.068050014633461942e+00 1.442243239609972694e-01 -1.077076059983330891e+00 1.121398166055544543e+00 -2.164378738985728745e+00 -2.531760369653248688e+00 -2.849455330197555591e-01
4.024897991726373192e+00 1.559629218880477453e+00 -9.175181804868146607e-01 -4.618703496558780319e-01 -9.180424320294480189e-01 -1.177832343025494000e+00 8.688628188777477446e-01 -3.231191378114733892e-01
4.344833588907688338e+00 2.238385392411121444e+00 -3.260111604221619386e-01 2.711485915124818291e-01 -1.078571562939985573e-01 2.160981140599936845e-01 1.886460290787338012e+00 -8.053596995677942960e-01
-5.124352196749851984e+00 -4.484533932430690761e+00 -7.124829130345073924e-01 1.457979211585542778e-01 -6.114721807268764797e-01 6.363235194116508842e-01 -2.064981518015740924e+00 -7.418446367831903476e-01
9.147547472257171464e-01 3.706949004737200681e+00 1.262792311792160227e-01 -1.650385482047391772e-01 -2.576773276617037520e-02 -1.892493644477967196e-01 -1.583156626162686376e+00 5.340473578689456380e-01
4.693628664164466002e+00 -2.684865520114724902e+00 2.723284604860016778e-01 1.096803803523201948e+00 -1.283242370755464656e-01 1.155547030559985533e+00 2.131483484687070273e+00 3.091776504404645798e-01
-8.554516723163816394e-01 3.228813979200385376e+00 7.307599310657868497e-01 5.816612412045860658e-01 6.481922824475825351e-01 9.625567346475618624e-01 1.004899515383490094e+00 5.919457318254446321e-01
-2.961572776582999111e+00 -2.465123590532347198e+00 3.708578248203244776e-01 1.446344157599990243e-01 1.986226799093222251e-01 -3.001041045017764294e-02 3.552591160816835902e-01 6.288826921807433301e-01
4.061645326269394118e-01 -9.758354246874265669e-01 -2.839787531555075795e-01 1.006522534234990607e+00 -2.406784931697387442e-01 1.051692300819938364e+00 -5.415556418893071600e-01 5.795484194343029083e-01
4.530602769136185870e+00 -3.154890729912546821e+00 -5.662001770692226543e-02 -6.335312350631131517e-01 2.516287606855681369e-02 -6.377508502180311289e-01 1.982865079296480149e+00 -2.911808604831832292e-02
9.672950633647978691e-01 6.264921438524867270e+00 -2.673722854328458576e-01 -3.386475592713565907e-01 -4.738115462310433373e-02 -3.124743380660327530e-01 -1.659048691671508147e+00 3.060434880686051240e-02
4.364912540764152027e-01 3.947401442761542256e+00 6.826349606283668159e-01 6.877586557589083771e-01 1.171382685374108723e+00 1.780159596497051133e+00 -1.598255536007004540e+00 1.474121912167720927e+00
-5.902281517028816538e+00 -4.434509525094558313e+00 6.733432447125056175e-01 1.093435130052630155e+00 2.819369505148077715e-01 1.064440119079633762e+00 -4.450055214064680409e-01 -1.260153051698818194e+00
-1.101030622934395353e+00 5.508027169991333238e+00 -9.832752893847280795e-01 1.348945175795865925e-01 -1.007785875849955826e+00 1.089642409986166127e+00 1.431799582983893648e+00 1.051378206609716370e+00
1.370079265431455084e+00 -1.646779201095044165e+00 -7.507725515992329512e-01 6.044909043058306342e-01 -1.486768405727303677e-01 4.569691679562698505e-01 -1.951395161830524527e+00 9.886621162311456379e-01
2.427042661206940011e+00 -2.568742375546880119e+00 2.575845497725910427e-01 -3.030226654324236213e-01 1.781208379766639760e-01 -3.528284306714648544e-01 -1.370894356852486951e+00 6.023687569644999851e-01
-2.579957586088634347e+00 -4.522022229140968186e+00 3.230592645564689391e-01 -8.564176967394865336e-01 6.611594374068181096e-03 -8.540190259917020965e-01 1.070403337836589586e+00 -9.871966295733275443e-01
4.395160835207816419e-01 4.346330778245150128e+00 -1.091761772032289857e+00 -8.317531582518575828e-01 -1.143135800142505154e+00 -1.656215354365679460e+00 -2.162472209188692318e+00 2.245214540961868011e+00
-6.809693778188492530e-01 -1.838401682357798883e+00 -9.178008952262213249e-01 -3.832737733300607408e-01 -4.154382604891146968e-01 -2.163954306241383518e-01 1.176765803963312429e+00 1.046734035878656766e+00
4.970883347475837155e+00 -5.908119705318997106e-01 1.066868473135180073e+00 7.963702249984176973e-01 3.264965918127602507e-01 5.512292641535085913e-01 2.052425786407008790e+00 4.381616554898843940e-01
5.610761081553663487e-01 5.200253188420619566e+00 -8.502623628348392470e-01 9.005874532172237767e-01 -3.932457780868268693e-01 8.718228949212789569e-01 -7.222729836184336172e-01 5.414137313862630307e-01
2.519705327034651887e+00 -5.456367047526704539e+00 4.766530108779303276e-01 -9.017851202844976433e-01 1.847837379823225323e-01 -8.792807431801543672e-01 -1.003873024078016263e+00 -8.970476944604398595e-01
-7.997604673420530830e-01 -2.016058992541953643e+00 7.520133080456603558e-02 6.607089790105364902e-01 -8.201273418045620933e-02 6.891771931140088236e-01 1.487385236321283388e+00 8.494907040218931948e-01
-4.146480773422716481e+00 3.281385366195028297e+00 5.634686250160994003e-01 1.086766874027507157e-01 2.834911222264255293e-01 -8.500621228117876890e-03 -1.690398325114961686e+00 1.415322098818266039e-01
3.654981458996802601e+00 -1.522111772944310104e+00 -2.791853465978449966e-01 4.196889184885590485e-01 -2.597178848339819490e-01 5.360836794275135597e-01 8.577982987229066936e-01 1.123280841274992614e+00
1.761511319420616672e+00 -5.037881137175568291e+00 1.126398174914537309e+00 -7.467575395030834340e-01 1.427962307298334288e+00 -1.988652824221291748e+00 -5.620938974758464823e-01 -2.349137466997184731e+00
-2.821043697482722656e+00 -5.301258043748134696e+00 -1.435207122922672607e-01 8.920342006105459465e-01 4.069164811576447827e-01 1.213150884113137762e+00 3.269721766062996804e-01 -5.283663296984608682e-01
-4.112447834117089585e+00 -3.869996470700589164e+00 9.911202280413504706e-01 -1.744455881497770644e-01 1.097220090237736922e+00 -1.239574581768589256e+00 -1.977271265635669240e+00 -3.391457753122338881e-01
7.033350759792611484e-02 -2.782124412172179095e+00 -1.091723371755901617e-01 -5.864273537390968238e-01 -6.207904154359246141e-01 -1.181449343541535857e+00 -3.496695098593428641e-01 5.608949536248901691e-01
9.155946968940327224e-01 -1.245519117176926649e+00 -4.026912618187150628e-01 6.493004064973553202e-01 -2.442036983374975406e-02 6.357074228283067230e-01 -1.572953219428133043e+00 9.346652194381109835e-01
-4.596550043560584164e+00 9.438138931220141359e-02 -5.274106352625498317e-01 -7.538495999457679453e-01 -2.718551538365929221e-01 -7.596824971982671926e-01 -2.193072398553568725e+00 1.122347302952934889e-01
-2.575188024804315745e-01 3.566566483393838638e+00 4.529083389692620809e-01 -2.330723215705277074e-01 1.946199387473788456e-01 -8.204667400652244924e-02 5.194353509059614904e-01 4.022255058308535358e-01
2.609867061379976150e+00 4.711808346798090241e+00 8.025480235782023186e-02 3.612147722089160684e-01 1.509763137102363983e-01 4.376874287001852326e-01 -9.570665014881025723e-01 9.430234509799111375e-01
1.316055836037115512e-01 5.931607396592522008e+00 -6.074716175320665768e-01 7.581036457737553302e-01 -1.051761274648999489e+00 1.689459667555027300e+00 5.631005737147164458e-01 -4.811729683242156330e-01
2.889935273864370657e+00 -4.116066674146368953e+00 5.086333889650829221e-02 2.310328440783073756e-01 -8.514208181904148187e-02 2.948847651647028001e-01 -4.814106100794066645e-01 -8.440149497972402326e-01
2.486944390009606209e+00 5.034007718057161185e+00 -4.115471165705947287e-01 -8.537206795382612512e-03 -3.186487540056627266e-01 -2.725097298564173598e-01 -1.169122662516798528e+00 9.000871128052867487e-01
1.298109392601603851e+00 4.812074014473189720e+00 1.035379881506577116e+00 4.036450499540478187e-01 1.246379577466509847e+00 1.564606475062216395e+00 -2.635595929190634568e+00 1.704530032467041156e+00
3.154502178087390973e+00 -2.576878522022563622e+00 6.914117669101673691e-01 1.155167689708799683e+00 -2.292933209438293984e-01 1.350429270583351382e+00 -1.365049632844571592e-01 6.974976480541255075e-01
-1.684640295086346384e+00 5.552493862616707077e+00 6.079015367335660613e-01 -7.885827044916576822e-01 6.389367318003703611e-01 -1.158186203522072022e+00 1.383424714431933822e+00 1.271013550513815371e+00
-5.358002993780151435e+00 2.313670143392579703e+00 6.636166552017663811e-02 3.217747311893761619e-01 4.078943028506170319e-03 3.210352176175136352e-01 -1.596173161569544696e+00 -7.378155154698391449e-01
7.106966650798796081e-03 -2.068000886033110497e+00 -1.035378854597788889e+00 6.094080533957220158e-01 -4.194194489767026912e-01 4.067425663199000230e-01 1.351440142681491485e-01 7.295615089954480270e-01
-1.079112952642758749e+00 -1.814793184420581795e+00 2.950858977306769493e-01 3.119543205581656320e-01 4.399650284500462166e-02 2.793364384663323818e-01 1.754831139267083229e+00 9.786277548191254505e-01
4.203918233586001918e+00 1.006338608395275891e+00 -1.053391007599171036e+00 -7.060099830645616414e-01 -1.752806266208693398e+00 -2.456069845235064886e+00 1.987878900671617322e+00 -1.085777656111074574e+00
4.376915857126560283e+00 5.186197480177401786e+00 -1.004147179997083583e-02 9.102836387646795480e-02 -4.780757125633526561e-02 1.240164756484831432e-01 1.884218003596300095e+00 8.941283166934445026e-01
1.553678636133007274e+00 2.341985936965910398e+00 -1.044648588648206200e+00 -5.030650928642227404e-01 -4.590857722251955875e-01 -1.793881744388080013e-01 -1.941304362477993539e+00 -7.754846616055599551e-01
-2.062702839073722316e-01 1.674074051488559256e+00 -5.724117671892875459e-01 7.524500073733619843e-03 -2.989298914189090772e-01 -8.353796233390489712e-02 4.334064704949099345e-01 -1.018456703519078355e+00
4.233762799551675116e+00 -4.655305532699518523e-01 2.808518958929535625e-01 -4.414920757708770127e-01 1.375470163446348981e-01 -4.396908627567566730e-01 1.714783992733787565e+00 5.093699387600212347e-01
-2.885339263187229886e+00 -2.586022054667163506e+00 -8.578476772644296755e-01 4.757019867799767709e-01 -1.207417629551967186e+00 1.629435468139224907e+00 -7.320953900829763050e-02 1.107553845813674220e+00
4.134349484637265704e+00 4.082762654558683479e+00 7.895142035043776207e-01 8.902637272973246141e-03 7.785533597003729822e-01 -7.686150086405347803e-01 1.705927161279724880e+00 7.773913287582207010e-01
4.828520228440256190e+00 1.179236835650172566e-01 1.136241593593650512e+00 9.390050613569551619e-01 5.689632633426986441e-01 9.400248907676544974e-01 2.521367453780039014e+00 -6.524893361393627744e-01
-3.814358931088430715e+00 -3.791922312297142383e+00 7.002845718625443361e-01 4.979123342166793531e-01 2.023956881158551213e-01 2.955675871469943261e-01 -1.244961671111028068e+00 -6.067908907463044343e-01
-1.915514606396204300e+00 4.021267975266754391e+00 1.449402009579232598e-01 -9.423787205890894469e-01 9.247450905167029500e-01 -1.812194072765730857e+00 2.451308957914232867e+00 2.015643955254932118e-01
-1.971740651717511561e+00 7.701820370498646540e-01 -7.312572020499952252e-02 -8.994085567010813298e-01 -7.830845941734932980e-01 -1.620777835519403354e+00 2.335252004833057171e+00 -1.190132226398493476e+00
-1.992063408110733569e+00 1.944106192588787252e+00 -8.115250071131012710e-01 9.800528472045597628e-01 -8.276889111077505301e-02 9.220660624694103635e-01 1.879601386681576614e+00 -9.855836453684722054e-01
5.526432630286688408e-01 -1.989293278485393834e+00 1.072313499218579436e+00 4.950331121073414664e-02 8.442771385672094286e-01 7.464791977585141236e-01 -1.405556428014365311e+00 1.269379526567456118e+00
5.932563004482723557e+00 3.021947177510291738e+00 4.472085382200909898e-01 -8.686417603078775418e-01 -3.785269658309873275e-01 -1.237116274838213847e+00 5.797615559702891108e-01 -1.215715094379907213e-02
-4.832001772008123197e-01 -4.194993392869546867e+00 -6.644746185346829259e-01 -1.002186247487224513e-02 -5.210769432249914290e-01 -4.486606442730958766e-01 1.055428972355108685e+00 -9.953085940998454006e-01
-5.241797371779954418e+00 -5.023192903579803748e+00 4.469901827454958454e-01 -6.778185576027571102e-01 1.058876783544315581e+00 -1.711495180570205665e+00 -2.119232862409873519e+00 -5.590671508063418393e-01
2.842110837612677798e+00 5.311336168134934255e+00 -7.968100833713804843e-01 1.094784264323958256e+00 4.300919349631356775e-02 1.128432480897570755e+00 -5.598219876941030737e-01 7.957013537949158000e-01
9.226390152565722147e-01 7.082565886412153233e-01 9.990690282620440232e-01 6.048272879956431147e-01 3.904171767293284079e-01 2.233475547125934602e-01 -1.612946240486147653e+00 -6.319596366254173203e-01
-6.003811181245569450e+00 -2.535867214895528576e-01 9.728222550981457939e-01 -6.698030949086389851e-01 1.231750266541780103e+00 -1.730717585735823683e+00 5.316350566623851970e-01 -8.322656668293841875e-01
-1.588387685553555251e+00 -4.485031664387280514e+00 5.264817957408332028e-01 -9.011624374602201781e-01 -3.284639638035306564e-01 -1.219821677368889912e+00 1.902526075097758618e+00 -8.771009899457316017e-01
2.014714758900590041e+00 4.912329130656903686e+00 5.304806160761441625e-01 -5.092531751200010115e-01 3.430720518472723385e-02 -4.759619900725217123e-01 -1.810095910378612283e+00 9.840229631768497853e-01
3.457068465452639572e-02 -6.045375021670211346e+00 1.194359097376387124e+00 -3.282589009645311418e-01 1.456521962332092190e+00 -1.754802475898622705e+00 -5.850205914686995579e-01 2.803178881024872560e-01
4.575662713792089775e+00 -7.725290753892233298e-01 4.823695978402782192e-01 9.352386279899940202e-01 -4.431126938573676233e-02 9.615517073482698907e-01 1.947053179286366120e+00 7.322305135380348107e-01
2.848667431702805786e+00 -1.154320812969178434e+00 -4.295089927505777450e-01 7.624264138714169636e-01 4.259661844477823089e-02 7.901729648959077146e-01 -5.519695319983514148e-01 8.889817969632743955e-01
4.874829175839208162e-01 9.807746703868440719e-01 -4.943028923356211912e-01 6.611924384679792599e-01 -8.794658910323445156e-01 1.435807435926359066e+00 -1.534751163313272659e+00 -2.329844570515766100e-01
4.740186281572373872e+00 1.875726756613110169e+00 1.001397921763601095e+00 1.581221871398048595e-01 1.073154120693388780e+00 1.190328785822523106e+00 1.649729913541500448e+00 -6.043703954521379984e-01
3.099760349257032033e+00 3.246048655642574943e-01 6.141456047418889508e-01 1.125990917681789272e+00 1.475914561433095962e+00 2.503919215998108960e+00 -1.407731530131777209e+00 1.005157009191036899e+00
3.388176878769764144e-01 -5.619799968457589223e+00 9.321508093069501566e-01 -6.465039593420411901e-01 1.402291659659393730e+00 -1.975580135463911535e+00 -1.548203080186519642e+00 2.676708972531722242e-01
-5.907749768726764827e+00 3.148798447740325912e+00 9.458688345339163472e-01 1.060206261483364054e+00 1.713039274009930057e+00 2.658413722785162303e+00 9.059105456581137972e-01 -1.632060346232560466e+00
-3.514357305135169973e+00 -6.014879505518505809e+00 -2.582946130349565994e-01 -9.077547459293011656e-03 -1.956073372742520855e-01 -1.658482271722881152e-01 -7.477847519603766369e-01 -2.456966975610012649e-01
1.679691012931931127e+00 -1.926905425119858073e+00 -7.638451340828258385e-01 -2.295189691460108872e-01 -8.067646401483341556e-01 -9.506212337632750087e-01 -1.644243244441862428e+00 5.933499842645511002e-01
1.492087907216578024e+00 8.648311255307712386e-01 -2.405509034615982422e-02 -5.912229926052781082e-03 -1.433139890905503477e-02 5.691052753132520153e-03 -1.993760312092798470e+00 -7.610335841428406134e-01
8.427831286716704895e-01 -4.258415962540825106e+00 9.097049964682615286e-01 -4.568666763289945809e-01 5.833657363735536006e-01 -6.780133973162395522e-01 -1.859003490113007473e+00 -5.327041213906610340e-01
3.100704487193143066e+00 -3.197749773049728628e+00 -5.672041131900774635e-01 6.472123922218500081e-01 -1.214058036408027119e+00 1.861128908071014942e+00 -4.725440703601437031e-02 -9.062674920051236316e-02
-5.226596307262273200e+00 -3.156597942722055183e+00 -1.349959431095213436e-01 1.180094294023872115e+00 2.427938888591132105e-01 1.296325824758441936e+00 -1.465035090687292874e+00 -2.913353713122116551e-01
6.115697566357010118e-01 -1.494555778400933121e+00 -7.818636186652824227e-01 -6.901819022879032151e-01 -6.517758004619309542e-01 -1.022668523669335805e+00 -1.721607463085291334e+00 1.570395756625351913e+00
6.269845366619982485e+00 -5.447939973207551745e-01 9.669411890488095462e-01 -2.617776362423621661e-01 9.489022784186815773e-01 -1.079798852476496318e+00 5.459453918921179927e-01 -1.024381071840607671e-03
1.927818257394084966e+00 5.775988652208619456e+00 -8.546247111388187712e-01 -1.424588641862967187e-02 -6.088333006989711249e-01 -4.773172952153963422e-01 -2.062555453658505566e+00 6.744006434229180558e-01
4.059505885936033565e+00 5.034312249444884202e+00 9.608781891743267689e-01 7.778937411555741921e-01 3.111289285398822213e-01 6.032482635407204752e-01 1.744000668288147260e+00 7.932993640097013577e-01
-2.720304051174704973e+00 -3.482502796934383582e-01 1.132938859014192223e+00 -1.181254626890242854e+00 1.917095545090996001e-01 -1.043562768029875798e+00 6.786702093754857223e-01 4.804568801238882081e-01
5.353393795263295729e+00 -1.977445091195178861e+00 5.739743618351640375e-01 7.033644626511355025e-01 1.271541395067449232e-01 6.398376167332471276e-01 1.532513924793438509e+00 9.889281437092163340e-01
6.230234461135406576e+00 5.271084500189404665e+00 -2.805475244107223931e-01 5.411682664163832701e-01 -3.540104294243203720e-01 7.444467629183662005e-01 3.216149701485554457e-01 6.321845529742798897e-01
-5.441622706209555460e+00 -1.179951005966178634e+00 -1.014960011520537497e+00 -2.551945514006982441e-01 -6.220854134758471154e-01 -5.261819839579267022e-01 -1.786011650180578725e+00 1.219228621435052062e+00
-5.421761628717317372e+00 -2.282698918689527012e+00 -5.951800675158521736e-01 -1.102992587034819394e+00 -1.698158255404383032e+00 -2.801145407813986576e+00 -1.505506918623400470e+00 7.450859376677679835e-01
-3.782778817358023016e+00 -6.978411660332790589e-01 -1.155252174687914968e+00 4.034133274926794410e-01 -7.500810825672462601e-01 -3.454642759261783436e-01 -1.181619931865470541e+00 6.278920759970448850e-01
-4.980240681293208738e-01 1.965836462603457235e+00 -3.341447344588645008e-01 1.567272953459013518e-01 -1.522108456286968559e-01 3.815554231773425620e-02 9.517395385234361793e-01 -9.193395366203318542e-01
2.847927475726814706e+00 -5.334100678083474989e+00 8.857761360232419001e-02 -5.393836940648008005e-01 -4.493680556887837130e-02 -5.538620783118588520e-01 -6.024864231860902475e-01 -7.893211467397596159e-01
-4.530589736183935123e+00 -1.601025256194803958e+00 7.014827500649982728e-01 -4.644152162918454563e-01 2.369729436607767581e-01 -2.327490185246316456e-01 -1.978646999833256315e+00 1.011150175433910281e+00
3.839608444856354552e+00 8.446159000673025830e-01 -1.025179362796892590e+00 -1.160791064248409832e+00 -2.128109380942319273e+00 -3.266073142914935001e+00 2.700905439697990351e-01 2.675909651980817872e-01
-2.627568544526135419e+00 3.539334594692169489e-01 1.184080221883206496e+00 -1.555771547104656261e-01 1.004955714743749784e+00 8.365280276906437162e-01 1.117380454316478922e+00 -4.805999763539327008e-01
1.763697632606753274e-01 7.876105640654325057e-01 5.012390008901512761e-01 -1.434461068347101520e-01 4.654271434844470257e-01 -5.246014165441350574e-01 -4.910353046692018664e-01 -5.685477803558023346e-01
2.156015318169703932e+00 4.541747778400193170e+00 1.264658365114736949e-01 -7.907804188548046564e-01 -3.053226962590694926e-01 -1.012958185929748733e+00 -1.455043127685009541e+00 7.733369339477098592e-01
1.667001622557762630e+00 4.509982917990319251e+00 -5.955036678473520917e-01 -1.021348403705468977e+00 -1.446462374625006042e+00 -2.403798945063590153e+00 -9.678401750701194350e-01 -4.332577179311336568e-02
3.608546085108891077e+00 -5.533842402693431417e+00 2.821186007643581295e-01 1.578222660612165207e-01 4.024416958166081026e-01 5.443241924376817087e-01 8.392949280298008796e-01 -6.201168234831915260e-01
4.611276089626962005e+00 9.339388072885856928e-02 -1.186196117287112717e+00 -9.661087463880796422e-01 -6.995306734576663965e-01 -1.101315875229736951e+00 2.745661707625510317e+00 -8.491349866024451298e-01
-5.666725251938867558e+00 7.651605573528952320e-01 -7.229963037071662768e-01 -3.928325319019023709e-01 -3.273145607504174825e-01 -6.913007142654216397e-02 -1.152948580949465951e+00 -6.960051144178487359e-01
-1.322587002997065220e+00 6.175590772887749935e+00 -8.466646854168889957e-01 2.439030756159568103e-01 -4.959005928199002877e-01 4.166470655549705526e-01 1.745033247349279115e+00 3.010615877562052844e-01
-1.669921262724463062e-01 -4.104414104560252241e+00 -4.437515821242530301e-01 -3.367411182402851866e-01 -4.497835948617063817e-01 -6.514513264442541862e-01 5.417749340623607690e-01 -1.030147250739700260e+00
5.636364642485240495e+00 -2.187282800687551543e+00 -1.151653300671989122e+00 2.981227661315961619e-01 -5.806146615376215347e-01 3.157325411227052125e-01 1.388539275323773969e+00 6.326803037616997027e-01
-1.010552883307217265e+00 -6.226405818024081995e+00 1.934778370718530649e-01 5.269732938996560812e-01 -3.438548052005070688e-02 5.435630009316461120e-01 1.677880071845202270e+00 -4.037751307824767599e-02
3.571996696999473642e+00 5.229868675708969405e+00 -1.675077784192506858e-01 7.193502699204237238e-01 -5.267369117888546365e-02 7.147694677831211152e-01 7.969691562668553830e-01 9.065756152807866730e-01
1.648860033933337021e+00 5.901373368871819736e+00 -2.670784430692145772e-01 7.170227756416072129e-01 2.837620979356374196e-02 7.296171782546982953e-01 -2.012461959449446613e+00 3.911553504047888818e-01
2.109185617132114388e-01 1.938777693928161128e+00 -5.581707476537726142e-01 8.926135193828386161e-01 -2.118668569983018224e-01 8.594737621990433674e-01 -5.985689916721076420e-01 -7.532028097300347280e-01
1.214712816629887726e+00 -3.204719469758330774e+00 1.135815468989647137e-01 -1.883286611319885395e-01 3.088546930384701225e-02 -1.794094254333715999e-01 -1.879843701105945231e+00 -5.777983834865048351e-02
5.599666716977216296e+00 -6.160350753960591952e+00 3.329203521101278263e-01 -6.166186254379836251e-01 4.994933379926851935e-01 -9.623355535887438972e-01 9.161106528732431142e-01 2.244136271129819060e-01
-1.039654862557470416e+00 3.044893530866580988e+00 1.120680221388843156e+00 1.022600586502271147e+00 1.040116495559843424e+00 1.633563477195028257e+00 3.493839561332320320e-01 1.278526472410877357e+00
3.580759307578391670e-01 5.504007942970467582e+00 -1.152397197055582412e+00 -4.449474025276602962e-01 -5.294578165007784998e-01 -2.225281705763822448e-01 -8.078647042918416510e-01 8.096133586186260445e-01
-2.967087599800853681e+00 -5.724264549951194603e+00 3.426740637707308412e-01 -3.125924293526477493e-01 4.637346602939244888e-02 -2.696034049595539828e-01 3.519300952517396275e-01 -5.349601308056648463e-01
2.538659816739802011e+00 1.438671871505361466e+00 -1.117275713142059201e+00 -1.375507768426718069e-01 -5.879265086866067858e-01 1.291367234298630984e-01 -1.066458597718349832e+00 -1.058946889124282364e+00
-4.297275832658947969e+00 6.170998177742671231e+00 1.100778285698025494e+00 2.698667806448056261e-01 7.079142559638363918e-01 6.260907646093994972e-01 -2.213157022264296891e+00 4.949675802186392914e-01
-1.832623070313252889e+00 5.965566273239836903e+00 -1.144475371013874865e+00 2.372910998665611615e-01 -5.797551480041238658e-01 2.696201891423679053e-01 1.775767020773107108e+00 4.683760445194410371e-01
1.025092741718403033e-01 -4.213659192642730034e+00 -1.138596502985275372e+00 -8.929192893195447844e-02 -6.337237830345632261e-01 -3.338677570207924106e-01 -9.471636918438663955e-03 -1.073378865003776106e+00
7.646965914810177622e-02 -2.476254258839853506e+00 6.506197350797287005e-01 9.145538759548010876e-01 1.078443559030410226e+00 1.811354688832032211e+00 -1.237773337458223599e+00 1.702308416372219080e+00
2.412460563816679837e+00 4.471673614165792898e+00 -3.931947669873901985e-01 -1.916665192650393035e-01 -2.714481398161889825e-01 -3.190376744341663073e-01 -1.255968892793397851e+00 8.946912958213824041e-01
4.676945637617189178e+00 -6.103814828065239340e-01 -6.574706731312360830e-01 -4.928347209487303759e-01 -2.285252296439836128e-01 -3.685666140509790134e-01 2.069429191483886932e+00 5.024948095083257016e-01
5.681271775142629821e+00 -6.061356008884939861e+00 3.051835173438306459e-01 -1.076474446103942828e+00 6.738747096994848196e-01 -1.534358753222204497e+00 3.738270169562151191e-01 5.386000081992885491e-01
-1.497394794015463049e+00 5.134615503065084852e+00 1.559681087222846152e-01 8.671199220046397205e-01 -5.900035116056435713e-01 1.421590455998781755e+00 1.707937354149267284e+00 1.198856069312339567e+00
2.092058563652141601e+00 -1.380989272146041280e+00 4.321774355362451026e-02 -1.299601606534914744e-01 -7.203980605743838528e-02 -1.980788256878505127e-01 -1.729739025211776360e+00 9.773970653001831099e-01
3.756896435798205758e+00 1.780379994750942885e+00 3.398277949740884374e-01 8.151144058363344325e-01 3.587071798177580151e-01 9.566891409779165745e-01 8.391011553564412528e-01 -6.628055400497810945e-01
-4.456414591783923740e-01 4.131932383347290738e+00 2.068112947075941843e-01 -7.443461207304128413e-01 5.386951884874097846e-02 -7.371056733846651499e-01 9.014207887907996763e-01 7.968651070275231119e-01
5.092708946478856191e+00 3.512068283618818398e+00 -2.118423277856626985e-01 1.123858914088373018e+00 -1.003942953176346908e-01 1.122870614869259986e+00 1.969816153914717427e+00 2.493344921472209763e-01
-1.035947586545409749e+00 -4.987520698489653626e+00 -1.034335520376291617e+00 2.123168528261933918e-01 -5.824192948258203328e-01 -1.892685816251982456e-01 1.800530826574822774e+00 -1.042228772483097643e+00
5.735913725957333398e+00 4.415371235560762386e+00 3.140158608398804230e-01 8.260499519800597046e-01 5.645349766309738088e-02 8.120692491255551149e-01 9.963023993594550820e-01 1.000629641603418385e+00
-5.352798919654728316e+00 -6.050215053059683434e+00 5.483874951182334812e-01 -1.100237428179135835e+00 9.853114227263310987e-01 -1.855482776748432983e+00 -4.295416622990672062e-01 -1.405028641213383445e+00
-4.857604905336645018e+00 1.381082039887183477e+00 -1.945456443472388663e-01 2.855691893026697237e-01 -4.788845363387497223e-01 7.639796832254106551e-01 -1.962674654530798701e+00 -9.983328665322326323e-01
-1.511467349209311806e+00 5.325673688381547421e+00 1.039891639888893549e+00 -4.605367000088463891e-01 1.121263135864843941e+00 -1.414115211558412799e+00 1.162370018527148385e+00 1.651872983450151544e+00
4.410436901590324865e+00 -2.636420584866355110e+00 8.433917832377455515e-01 1.162896913994372783e+00 2.320158939239562543e-03 1.161221060208355249e+00 1.907652318208088671e+00 4.858212862188647230e-01
-4.351228867945724943e+00 1.088407511827336194e-01 -9.486859241471263804e-01 9.240623908674090448e-01 -3.705437637296634668e-01 8.315559365552661619e-01 -1.572603727728454137e+00 -4.069972896851578592e-01
2.121047260060908712e+00 2.505476718971381800e+00 9.741699771234550997e-01 -9.685795271082483504e-01 1.641221313698031148e+00 -2.490012288365807347e+00 -3.237408457859049182e+00 9.385462344447259575e-01
2.758198959407812012e+00 9.423870205367874675e-01 9.359850914573104586e-01 1.700607436766858882e-01 5.034296186163723652e-01 2.921784066165057370e-01 -8.908380304985659137e-01 -6.662654663414198097e-01
-1.370261986813201993e+00 -3.729524449024098409e+00 6.616523371686580113e-01 -1.846234248281075629e-01 3.545277545737215985e-01 6.683348031926641952e-02 1.943217625813906890e+00 -5.379383428055374283e-01
-2.160589584686844589e+00 -2.673478889081579712e+00 1.809691852719774730e-01 -2.667662781823131324e-01 3.331852708192893919e-01 -5.570807248417332103e-01 1.753190143772370924e+00 3.601249983809051702e-01
3.522539219526654719e+00 5.960180121374877515e+00 -3.334717846022036136e-01 4.812527438899265597e-01 2.352686263152543172e-02 4.991870462049652346e-01 7.512000174912549788e-01 3.098164380334549328e-01
-2.649562416668107545e-01 -4.109615284831448889e+00 -5.978143256527924665e-01 -9.919065033845757551e-01 -9.551941249565201186e-01 -1.720588923591758412e+00 1.586353059289778100e+00 -1.886385280959721467e+00
-2.188971810125273088e+00 1.256790593054552652e+00 -5.230767777976851329e-01 -9.348622962408985604e-01 -1.298544452531948723e+00 -2.173798289323867650e+00 7.844504756294055081e-01 -1.056800050613120323e-01
1.141815838718714282e+00 -4.411345086746228716e+00 9.974588143069735846e-01 -2.946183992744675351e-01 8.423637938164171279e-01 -9.223126393509485377e-01 -2.336900886097559304e+00 -4.369071548256018844e-01
-1.105447334958453709e-01 -2.569507449651208031e+00 1.536413793909572334e-01 1.182733090550905919e+00 7.663653099204315033e-01 1.777368460972197806e+00 -6.386305479354914549e-01 1.400656408852248624e+00
2.014980484804857142e+00 -3.543573371496233637e+00 6.454426866219440395e-01 -3.340980790956842306e-01 6.222087421032556076e-01 -7.999729978323283364e-01 -2.135861564349426978e+00 -6.130347604461608424e-02
3.614316890395379289e+00 -3.592185980111466836e+00 5.222139558531160297e-01 -4.934576775551996475e-01 5.010805239906382935e-01 -7.956981095896414891e-01 1.228639874107044339e+00 -7.535127008100435120e-01
-5.788554768059130495e+00 3.350401934651861424e+00 -8.716293730328040779e-01 9.204707528720408316e-01 1.065154752216651048e-02 9.306901716512616662e-01 -9.466180021509243980e-01 2.045001848745305051e-01
-6.030398138588308754e-01 -1.861517950996565141e+00 1.157456894159699212e+00 8.691895800946314310e-02 5.933862672634394597e-01 -9.540817282707865499e-02 1.188172590574783527e+00 9.041621401973012340e-01
-2.433307616616286140e+00 3.121273390871113662e+00 1.115168994072391451e+00 -1.945729590192062375e-01 8.732184081504451578e-01 -8.460850785590006140e-01 1.792990288796457943e+00 -5.122436522780133838e-01
-5.371342590735191713e+00 2.347397376796562796e+00 2.365945315309843089e-01 9.874810817538175467e-01 5.220082103256581951e-02 9.804428568161672741e-01 -1.530554129245062400e+00 -7.640124252356429446e-01
-2.616409163670769367e+00 -6.191549791616019149e+00 4.484693195140265765e-01 -5.103756973841994116e-01 -1.248380138237618724e-02 -5.217045097564948497e-01 1.005479554943561338e+00 -9.424333049160450726e-02
-2.632844445728279137e+00 -6.052515645160207569e+00 -1.107155064218689811e+00 3.809011262029526890e-02 -9.955115012576291056e-01 -9.191784843969479368e-01 1.225358512828606639e+00 -4.798192726577203415e-01
1.360636997797950443e-01 2.576791970943704158e+00 3.415396127338694576e-01 -5.814363242282825084e-01 -7.263632760747722183e-02 -6.369511835911427777e-01 -2.414526931131960596e-01 -5.650832834883877664e-01
4.599490428868078240e+00 -2.560489458449887401e+00 -6.491056262084669015e-01 5.348526922596064104e-01 -6.230527053227986611e-01 9.333686719922003050e-01 2.434291303685612640e+00 1.019225308329806401e-01
-5.702358167016177148e-01 2.596662833532283443e+00 -1.058361397947675364e+00 -1.148383876540302051e+00 -2.204965841023366568e+00 -3.352643732381727304e+00 8.926074101045804454e-01 -3.313043504707112730e-01
-5.535193320093378944e-01 2.106697079508572656e+00 -2.818171830529347943e-01 5.825544695963582598e-01 1.931332704673208167e-01 7.537397976844965042e-01 1.118768469863315795e+00 -9.272089041951625532e-01
3.577593529237956815e+00 5.765145887950922088e+00 -6.303305754036869768e-01 -3.817207248676155462e-01 -5.110379874606645334e-01 -6.773009636533547928e-01 1.126991544074932960e+00 2.128219188536747963e-01
-7.957561019424277404e-01 5.329253936274460202e+00 -9.944319092226736601e-01 7.724893470732840939e-01 -1.714732759524909111e+00 2.465815987329517789e+00 2.094799550902082697e+00 1.496822490389912996e-01
-5.282742227651905154e+00 -1.077419977596608902e+00 1.110530969107440091e+00 -1.214343139942435368e-01 5.960626836007726359e-01 1.680227587337699002e-01 -1.770970827425731642e+00 9.682890643555577270e-01
5.981534889533355326e+00 -8.157831241095481190e-01 -2.383247009761461088e-01 -1.450047159937857266e-01 -9.024156610484834751e-02 -6.642961860976803745e-02 5.912449362709475409e-01 7.312105745272539092e-01
-5.402043801114289501e+00 -3.668875743603217998e+00 -8.905957612431304460e-01 6.515349875589495632e-01 -3.978329933052338618e-01 5.872216266736722812e-01 -1.773474678974089391e+00 -2.726440071198537596e-01
2.899163791549074887e+00 -4.448228280227957576e+00 4.716870204853718107e-01 -3.625126152205787600e-01 3.669860999508923749e-01 -5.405735269547918831e-01 -3.066554100605320965e-01 -1.138778909076769930e+00
1.322115638676174321e+00 -2.272747160042244197e+00 9.177583914289246803e-01 1.037255531521135810e+00 1.552549773857398341e+00 2.433028658196216831e+00 -2.843238897679942756e-01 -8.905681015566022651e-01
4.930958221769165206e+00 -1.813934608027174988e+00 -3.029513442208241480e-01 1.131972120374628021e+00 -1.098417127384056391e+00 2.115377439578417285e+00 2.987514076659719020e+00 -6.450949298711872171e-02
8.272986472004291159e-01 2.247908890394224812e+00 1.032267383488027379e+00 -8.651877685184359290e-01 5.874346931366246638e-01 -9.530809949980745266e-01 -2.025781701502223697e+00 -2.258145798682423266e-01
-3.229831449942986765e+00 -3.508274454143337717e+00 4.889721394115476016e-02 -1.928481456062325350e-01 2.178590344963878822e-01 -4.023162430536050271e-01 -1.521577698268493650e-01 -3.826106992111627525e-01
3.518624265624129777e+00 1.654104297068000662e+00 3.531405926031458975e-01 -5.931333560921332460e-01 9.467673319099033369e-02 -5.657227006016078974e-01 7.875913051456016056e-01 -1.047798797902003365e+00
-1.598297833374782151e+00 2.322088895756975191e+00 2.666624765772818151e-02 1.087553761129933294e+00 5.361904530766056221e-01 1.469193280011457325e+00 1.445898869907557449e+00 -1.774623478887342731e-01
-3.647936510156201795e+00 1.915852271641748317e+00 -7.448265694442970375e-01 1.151022562325531018e+00 -1.123024095782446885e+00 1.995765233629242186e+00 5.068905270126947693e-01 -2.417913281921402646e+00
-2.610578346007940365e+00 -3.177477129671280931e+00 -7.743014190814181408e-01 -2.367978398885234315e-01 -4.459412489901221632e-01 1.393850156019944275e-01 1.046196210477834398e+00 -6.925652016122472998e-02
2.615662681590997352e+00 -4.304666000484053789e+00 1.101912244307160060e+00 4.488677295658507482e-01 5.473880271962199284e-01 8.878083737080513099e-03 -1.006926107363110612e+00 -9.151350082821817500e-01
-4.999728837398230041e+00 -2.660555485125100539e+00 -7.161109166114559832e-01 -3.476389820966538924e-01 -6.313104962261861797e-01 -7.863803146732457616e-01 -1.561035034160419110e+00 1.057316083590861544e-01
-7.482806524567537920e-01 -2.831768771422430220e+00 -1.180622579538921135e+00 -1.099845288913330998e+00 -9.776844742227452922e-01 -1.579423694104800990e+00 1.512060273311566228e-02 1.650529757393918384e+00
-3.560841178500543602e+00 -3.058544553322888326e+00 -7.746842993621030349e-01 -3.657094447294518824e-01 -3.686908550612868485e-01 -4.255958357382208512e-02 -8.065939191479122305e-01 7.539823992511975048e-02
8.822627450497124713e-01 -1.918599889881235754e+00 9.856894272571266047e-01 -7.469552880602637890e-01 2.533801379281840349e-01 -5.081417303729485191e-01 -1.501331159469098120e+00 8.970975288500765421e-01
-3.678894493308657143e+00 -4.285100856674884717e+00 -3.135474471683555864e-01 4.513524055895512532e-01 -5.167338898652741319e-01 8.760122561901200200e-01 -7.657320007454317956e-01 -1.168000682185171391e+00
5.039297461077257623e+00 -2.103666506561771676e+00 -7.864766021721745215e-01 2.688679528198112401e-02 -5.107806133614744004e-01 3.602248758949916918e-01 2.033492549917297776e+00 7.219392097898437166e-01
-2.627974351381278328e+00 -2.133398784232332979e+00 3.910642800997159441e-01 -1.010358878488418100e+00 1.044929208980972302e+00 -1.930074481179924417e+00 2.537747388295463757e-02 1.803156175562977470e+00
2.603508213857644193e+00 5.834587391946843837e-02 3.701990084696038519e-01 7.827800086170049187e-01 7.737209408460490323e-01 1.422914894433129351e+00 -1.643373533566988343e+00 5.600766444982295811e-01
-3.861055476018401045e+00 -2.287374458040041247e-01 8.398623844056052334e-02 6.831933767712803363e-01 5.617884158625836566e-01 1.178685841381328370e+00 -1.630020481015328482e+00 5.388070692231750058e-01
1.189818427230397546e+00 5.083419294504748720e+00 -1.016146988869236045e+00 -2.241227631931212994e-01 -8.044456214768925806e-01 -8.116242973512711734e-01 -2.302608548801603927e+00 1.377959884866009066e+00
1.402329495756386102e+00 2.647537531733075156e+00 -1.978512135456416132e-01 -1.191342590514531619e+00 9.654868197673095731e-02 -1.222225252927062300e+00 -2.083490602271605319e+00 -3.623953610161790850e-01
1.612446542071919175e+00 -1.933392376535048029e-01 8.445475744471986346e-02 3.764317128834391291e-01 8.844761030284142844e-02 3.970252113039119957e-01 -2.032416343237995360e+00 2.262878143730318037e-01
-3.476826063196933436e+00 1.867058517864769840e+00 1.042865123976869812e+00 -1.166341347839435771e+00 1.048401278434010209e+00 -1.785267752758410875e+00 8.527364346070280821e-01 -2.467150036340917119e+00
5.926333131874722326e+00 -4.584310606587244763e+00 6.364780895822956808e-01 5.603245669956424813e-01 5.035441229479412639e-01 7.950501074082707564e-01 1.052839123290997270e+00 -1.345995387072833838e+00
-3.701922788850079638e+00 6.010012692696664161e+00 -6.443882385108087307e-01 -4.761999774144388686e-01 -1.019321543291146881e+00 -1.453783174450844040e+00 -1.482638483341445657e+00 6.894944905044106953e-01
-3.648632284712589158e+00 -3.484440184397703089e+00 -9.958669398228712222e-01 -1.055354233144986109e+00 4.411490559402357625e-02 -1.098875825587048327e+00 -9.791067245504606609e-01 -3.282464665693063388e-01
1.537025912920937820e+00 4.070439238426178719e+00 1.008998437827926198e+00 -3.258725827950372800e-01 5.590469658250359908e-01 1.329314828882791066e-01 -1.956398026797549594e+00 7.584682163031708502e-01
5.926605707818536573e+00 3.868659946819061446e+00 4.506064968984846431e-01 -1.009691735428518644e+00 -1.237545169729759552e-02 -1.015484793663352425e+00 6.870369089673193930e-01 6.757865569046805909e-01
2.961810446467346480e+00 1.534862084853500619e+00 1.154845827315944318e+00 -7.002506014406215673e-01 6.341298669193949911e-01 -7.911546326865972478e-01 1.388825424316046109e-01 -1.495867567095892081e+00
-1.180396595953210337e-01 1.092993351056079199e+00 -7.919992916748996858e-01 5.567844647614546005e-01 -5.266448609831581029e-01 7.421912161948118758e-01 -1.303162134775448233e-01 -5.221596365546227192e-01
-1.248986503366920076e-01 5.122588789670471598e+00 7.712547738218187288e-01 -7.745879193650091477e-01 6.702605463267525820e-01 -1.116371023559910469e+00 8.928149161241603071e-01 2.733745902315468657e-01
3.083358145405783901e+00 -2.170178231362435817e+00 9.119307675996968232e-01 -2.987705454355348289e-01 6.144365717114053105e-01 -6.152789800543052579e-01 -4.404366537114329239e-01 1.149717915759730147e+00
-6.199063278023996482e+00 1.993258375635283741e+00 4.644934343954920664e-01 2.269641189101532230e-01 2.856491417130145871e-01 3.217772616910536954e-01 -8.134126403345337541e-02 -9.987866819352780867e-01
-4.311135788783460043e-01 -4.922262648296101162e+00 -6.394916178534746365e-01 4.818775023516141953e-01 -2.734583481114720160e-01 4.218699443751103839e-01 7.232135050429269185e-01 -8.655052495208588326e-01
2.957170954586926470e+00 3.951820240236212811e+00 -5.927181277614033128e-01 -9.024478040999681649e-01 -5.933975914714206129e-02 -8.701196801010271376e-01 -3.234586187041187388e-01 6.811465553773790038e-01
3.455347470824809974e+00 -2.151171524639673649e+00 -3.692128936002462281e-01 -1.376044568974252869e-01 -1.881497165458041743e-01 9.089215472293694920e-03 6.161937512254455074e-01 8.373278545935439743e-01
5.035481268790782394e+00 -2.217131395056418874e+00 -7.823152075092965063e-02 -7.949840575485422889e-03 -4.389167548483142306e-02 1.688283183324943218e-02 1.897127314740768567e+00 7.976854007178251216e-01
5.196644278029561193e+00 -3.358135593569331778e+00 -8.623899447321263789e-01 4.567110488825099068e-01 -3.584717848653067862e-01 2.255584020164127235e-01 1.831844508208934963e+00 -2.766553174401233939e-01
-2.820490933160026970e+00 1.937108448945737749e+00 -4.691487580281588077e-01 2.448977865744856874e-01 -2.403539290101603110e-01 2.557605828204866927e-01 6.926345698981493104e-01 -9.950648428998613015e-01
1.890947969198228051e+00 1.927722068014579904e+00 4.827690422872110698e-01 -4.602628254609278935e-01 9.414481094003860351e-01 -1.401074430291144202e+00 -1.946870944868948516e+00 -8.884798477281531381e-01
-4.099169645061258471e+00 1.551754476696866725e+00 -7.609098804894138812e-01 -1.141126383340056227e+00 1.183098618551589737e-01 -1.236566153643914978e+00 -1.549141279184440556e+00 -1.086276472505356416e+00
-5.557710035077812805e+00 -3.286353736570691630e+00 -3.171722931437005455e-01 9.855172865398997839e-01 2.007895718664356455e-01 1.114955456027837410e+00 -1.155836691168717456e+00 -3.154015419141562582e-01
2.449982782228822487e+00 3.165256305795749014e+00 -1.144637119960183913e+00 1.132176708979009350e+00 -1.398032315743012344e+00 2.187570717424367484e+00 -3.281258675960164073e+00 2.029364192333989791e+00
5.426929652468103882e+00 2.954938540020034310e+00 8.799762908740398348e-01 3.922729708860539510e-02 6.574571926625493168e-01 5.547191276500685886e-01 1.284426409127579660e+00 4.079003139759171392e-02
3.026150073304625820e+00 -4.923826923388731736e+00 1.244500945312776441e-01 -1.125060076969295331e+00 8.346007094452625313e-03 -1.124260128914666534e+00 -2.210327850441434760e-01 -9.870700333775501711e-01
4.240677997350960737e+00 -1.049418921027298168e+00 -5.090592121227643929e-02 3.645148257055359498e-01 -1.468879653891962400e-01 4.447311183910670485e-01 1.726859827779083201e+00 9.218583289272563874e-01
-5.333589862172275708e+00 5.357587298672576992e+00 6.991740383124593894e-01 6.570257481492276508e-01 4.691189587794541982e-01 7.976291779339387267e-01 -1.983341192720427415e+00 1.155961484436661912e+00
-5.224824852292666577e+00 6.218787998994184107e+00 -8.884786521804255432e-01 -1.035880033271421308e+00 -2.426350353022770079e-01 -9.307708929128583053e-01 -1.946652686600269133e+00 2.678999298408947793e-01
4.487029126517938948e+00 7.497463557639623133e-01 2.970745501751088646e-01 8.676368972283963199e-01 7.721801956959370994e-01 1.506817922666987553e+00 2.602263874441858249e+00 -1.334289507339908809e+00
2.814102221232056777e+00 -5.208604780565098125e+00 5.739765963169531915e-01 -1.517390736767576520e-01 2.781699079534371011e-01 -1.050271265330618431e-01 -6.145351901808534523e-01 -9.081910323263009399e-01
-2.716042773787056053e+00 1.604402441163882642e+00 -9.130116786201081247e-01 -2.899313904566078737e-01 -5.521646094619303557e-01 -5.008502660066170842e-01 5.700629589069261538e-01 -7.438549642270202433e-01
-1.126949541756375517e+00 1.824039401904245850e+00 -4.455288817978509952e-01 5.246485574174997168e-01 6.720615156161681425e-02 5.906376082747240019e-01 1.813733138203200701e+00 -9.756251652950087561e-01
7.268484567903605864e-01 -3.517035069093111588e+00 9.543896153205644328e-01 -1.117866527124713460e-01 5.032638343223407862e-01 1.154637877685141256e-01 -1.277188564589490039e+00 -4.185313552690602679e-01
