3.360309920575014431e+00 -8.192299502728337401e-01 5.241415816973793440e-02 3.391883735080865048e-01 1.290041210806066874e-01 4.047211147853898017e-01 4.789276271389967254e-01 6.856478976270000691e-01
4.149266063419684514e+00 5.977442985024323363e+00 8.250602545308252100e-01 2.719735091247987846e-01 4.621167145663190867e-01 3.896045359510788564e-01 1.865296433882116744e+00 1.268889839497804872e-01
-2.534297712555078519e+00 -1.941526579021671139e+00 1.022302958165373754e+00 -9.635084620236633590e-02 8.400378522132776471e-01 -7.930746621964115395e-01 7.691089140765126064e-01 1.304250453793393216e+00
-1.713420272173820535e+00 -4.759380473535008704e+00 8.637721440816570340e-01 7.082273411025041820e-01 1.554589075697207168e+00 2.255713034545828055e+00 1.644848828840007826e+00 -6.640520632614409502e-01
2.160867951990399050e+00 4.639483350714092680e+00 5.896504756770823974e-01 -7.119188358628354418e-01 2.070074449340285339e-02 -6.956032681949420038e-01 -1.670664063076924055e+00 1.006205969599377692e+00
-2.359901163880484987e+00 1.421161361834376358e+00 6.959244138521623047e-01 4.580095652306754861e-01 7.841676548287058734e-01 1.087235285843527244e+00 9.001706778636384687e-01 -4.800344091330026042e-01
-3.995163280598723610e+00 1.570825291824855974e+00 5.824787825324535540e-01 2.108087693395419571e-01 2.958097639395836365e-01 -1.212861508287838702e-02 -1.504906183971612244e+00 -1.002358144819781582e+00
-1.099906627300982542e+00 5.718972400730974570e+00 1.128633905943701388e+00 -2.035038670682427497e-01 1.034178212499208271e+00 -1.092808950551402258e+00 1.205454135690519513e+00 1.111626749663735536e+00
5.470026237040624295e+00 4.204531906798790075e+00 1.067680397345276200e+00 -7.123433153401528273e-01 6.712207974100405927e-01 -9.140996815170834289e-01 2.038112719930217143e+00 2.885993720880929425e-01
-4.969808041568390955e+00 -4.835931938245173534e+00 5.978557814168234952e-01 -7.582692179062835436e-01 1.325720951951446569e+00 -2.072127580268310343e+00 -2.300769035936405249e+00 -6.257097701546234791e-01
3.282154483542557344e+00 -1.460740303964679576e+00 7.695232096874189409e-01 -7.401711987990198249e-01 3.962339250961815496e-01 -7.522567598107704478e-01 -1.773211573615207995e-02 1.291880913237455353e+00
-6.969225634880551468e-01 -1.971447512275916303e+00 7.812672375265234948e-01 3.351276551060793363e-01 3.569241545018197459e-01 2.309214809484725350e-01 1.204891280151668242e+00 9.996377092407104925e-01
-2.004931447802441369e+00 4.653414582566316682e+00 9.533883744042623842e-01 1.696988117485305203e-01 7.013283762411411937e-01 -4.828512932367757249e-01 1.690384155906470731e+00 1.122345702411858825e+00
-4.662327305314790671e+00 -3.083379416404171458e+00 2.979791770347293145e-01 1.129375791944773999e+00 1.535977290151315788e-01 1.130627839507565069e+00 -1.823838253250637864e+00 -1.154757346984835176e-01
-2.673139968198882777e+00 3.367903689736346351e+00 -1.056804563250068441e+00 6.800367193075835814e-01 -1.623649679687833913e+00 2.256319134320663444e+00 1.781448282663109062e+00 -6.540517080347572065e-01
-5.728253652860791689e+00 -4.609494251605852355e+00 5.549348944490219981e-01 -3.327583023640371396e-01 3.870664763574941936e-01 -5.018284647682313970e-01 -1.228501688774124689e+00 -8.199797413461635820e-01
-1.295592773876182768e+00 2.675962317950489222e+00 1.092241733758333444e+00 -3.442747741196577893e-01 5.567410443486477956e-01 3.147169283308504095e-02 1.911810525342990674e+00 -4.360568382178038882e-01
-7.464543882157803623e-01 3.135474334543509656e+00 3.590327376276367666e-01 5.665569905949110474e-01 5.342195526494404323e-01 9.609402533168874827e-01 1.011805238804948992e+00 3.401568727676250736e-01
4.852305858086738866e+00 1.399090334694238713e+00 -3.753987706994249551e-01 -5.406984649580884872e-01 -8.135749016387717747e-01 -1.315089358399352815e+00 2.308497798358936315e+00 -1.313337323558120051e+00
-5.894169336225769662e+00 3.517236849789188824e+00 -1.020435178952094901e-01 -9.886869537755370585e-01 -1.090447117140380229e+00 -2.079036584019028133e+00 -7.282422152872348731e-01 3.365579101671656304e-01
1.557175807937984935e+00 6.010764435216856327e+00 -5.772162817229211651e-01 -1.042327815697013493e+00 -4.362718904203424786e-01 -1.153978971810439846e+00 -2.486497070212450922e+00 7.557464046241230138e-01
-5.624269188487287963e+00 -1.305862535802924995e+00 -5.705179190919328347e-01 8.220760286953068263e-01 -1.376133584138618804e-01 7.692505702208625173e-01 -1.126771427766356082e+00 8.673607989177302136e-01
-2.269169921115983257e+00 -5.711259036899180686e+00 1.131917161779780967e+00 -4.415944729801996038e-01 6.529076719318049893e-01 1.820561820869191216e-01 1.566961510313729322e+00 -5.764364166171223047e-01
4.375941086956295578e+00 1.460715701493233709e-01 -5.071134382424616893e-01 8.969721960626575452e-02 -2.608252273155805545e-01 -3.132893547988692406e-02 1.895105034094688445e+00 -1.527911113361597184e-01
9.025757195855810266e-01 5.577427024807825262e+00 6.965962253614232935e-03 9.760042553854233471e-01 2.181250528987992154e-02 9.768228538471472877e-01 -1.591142748666207751e+00 6.699031036465777911e-01
4.938571463319412658e+00 -5.334716458548772522e+00 -1.077831319394887855e+00 -9.408072079663611920e-01 -1.087563169678904318e+00 -1.659797231267317041e+00 3.303444594038509763e+00 -2.166909288513626741e+00
1.719691141324904748e+00 -2.823488766306922138e+00 -2.739865236755281153e-01 4.312530468794273375e-01 -1.021293258770456791e-01 4.140541854642410535e-01 -2.019554404024507921e+00 3.544492811090420026e-01
-5.673287361483621893e+00 -2.562649146079841955e+00 1.025272809246727812e+00 -1.085331800596688989e+00 -5.948208657032682395e-02 -1.144785392251518763e+00 -1.143460135171607606e+00 5.450324327556164139e-01
2.345727707729002631e+00 -5.543212381117124998e+00 -3.229217679723092038e-01 -6.797928496536740361e-01 -1.734466586138103672e-01 -6.858550419043653035e-01 -1.547824675512651238e+00 -5.553813350915811631e-01
6.110080075229692653e+00 -1.155248933862044858e+00 6.049475233959409337e-01 -3.986335864387019479e-01 4.884326642873403346e-01 -6.698313929275824252e-01 6.165858134645876287e-01 6.427936621988983301e-01
4.596463155189624672e+00 3.082628479845814340e+00 6.718898096106156181e-01 4.957633245212358375e-01 3.223551865302915487e-01 4.774113687175667309e-01 1.832929815922851091e+00 9.471641832751616363e-02
5.823032065059672746e+00 2.664163327040599327e+00 9.410537024014531404e-02 -8.234832943791107196e-01 -7.290374683786828847e-01 -1.552411970074779157e+00 9.077223503508711211e-01 -4.790489988303830993e-01
-4.903170134739286645e+00 2.196953812627524982e+00 -1.728296682680756646e-01 6.597886110599009424e-01 -4.077167276396380102e-01 9.388528969219545051e-01 -2.242784457035051027e+00 -5.312136927109616380e-01
-1.253222743502124814e+00 -1.797134504595216953e+00 7.410216890388765520e-02 1.655014480135910127e-01 -5.325468883311688245e-02 2.110710031364352313e-01 1.905808610703497497e+00 9.686778528466756244e-01
-5.744106469285067185e+00 -1.348174972026948915e+00 8.346008774273088182e-01 6.395167082285073690e-01 5.431089871476606490e-01 8.085332631008725901e-01 -1.444007944780495656e+00 1.392638614769796446e+00
5.647345773068858321e+00 -5.480171638046173577e+00 -1.608496500685825392e-01 1.168890909433134118e+00 -1.586881365433439883e-01 1.189768019689177780e+00 1.000545354464227987e+00 -5.322914473341587849e-01
-5.305914147201332476e+00 -4.331547444081365938e+00 3.756447678608352270e-01 2.750075179025701644e-01 1.313000618607771119e-01 2.012573075365676756e-01 -1.636085802439280590e+00 -9.502148708694948542e-01
-2.181374018171466922e+00 -2.643360797946231688e+00 -8.338513543397794159e-01 9.744996792036320077e-01 -1.423401525011998903e+00 2.248684175478234959e+00 3.065309727913160032e+00 -9.488027495710471548e-01
-5.159555036157779995e+00 -7.514119820817155571e-01 -1.057714404301547395e+00 1.271741221471895944e-01 -5.337591502592340387e-01 -3.272614492615604637e-02 -1.820017940021685154e+00 6.993368459525698411e-01
-2.663607788542329491e+00 -5.376048523128389434e+00 -1.142937803775136985e+00 -5.918082583158659205e-01 -1.432976179005353456e+00 -1.894840671348339445e+00 -2.098380713717724610e-01 3.420765014563371675e-01
-5.237862793723865096e+00 -5.310156831379174491e+00 8.952621235995339433e-02 9.226872970975945609e-01 -8.264391504224152252e-01 1.746967725657444070e+00 -1.625888198660950357e+00 -9.308784514099923690e-01
-3.096196315948434030e+00 -4.264631234698109452e+00 5.631420640772597519e-01 6.507903451781396065e-01 1.669491705981334673e-01 5.854143429293745537e-01 8.322393889011597823e-04 -8.114908868567510813e-01
2.890177132839065521e+00 -5.702229728235005624e+00 -6.344820661181085342e-01 5.985095332448731043e-01 -1.497254265084853597e-01 4.977257319322920259e-01 -4.424390902178286789e-01 -6.039343554869183173e-01
-5.411174469532076259e-01 -3.642484961606856864e+00 -1.050560952744721721e+00 1.179982255880968500e+00 1.282593700652300828e-01 1.308137874143312729e+00 1.023441037113162366e+00 -4.734612298889711579e-01
4.049955633035100533e-01 -3.453199044258206118e+00 -2.540326511079571414e-01 9.138568304337855164e-01 3.039314701772820593e-01 1.143033925240783510e+00 -5.598453283892389498e-01 -5.347720987327386766e-01
3.349548701459426070e-02 2.348618289816881699e-01 8.272922054916300727e-01 -7.125869241820423916e-01 1.466803758459504614e+00 -2.149752758097285721e+00 -6.976575507506574958e-01 3.979704927530721692e-01
-3.907817558192836493e+00 -6.007453496631780077e+00 -1.035956834781775360e+00 -3.120248689326148295e-01 -6.837118859595340270e-01 -6.569792641381656528e-01 -1.774663034084404512e+00 1.155716502442017679e-01
3.177032275201602474e+00 -4.340758644020731083e+00 -8.808733043172833899e-01 4.447586941740111488e-01 -5.433652833508925140e-01 6.240113474508170999e-01 3.909489688422966847e-01 -1.251821113700275712e+00
-2.157367654235732068e+00 -2.172705863998726450e+00 8.156242118782690564e-01 -4.940146390981002833e-01 1.309272744765673124e+00 -1.803133376685837730e+00 1.701895666266053597e+00 7.880469806762020468e-01
4.602927078051289200e+00 3.650306026518741476e+00 1.184804943529860211e-01 -7.959450219286152706e-01 3.483935735763424857e-01 -9.978562004201021463e-01 2.271340314485645440e+00 2.037436829345745382e-01
6.074592064617174714e+00 -3.129828147896473123e+00 -2.391974903715543554e-02 -4.860018869042899148e-01 -4.754541642001446911e-01 -9.499592440207222932e-01 3.154439579227915624e-01 1.104879599351686614e-01
-1.196001592412250680e+00 -4.874761396526370305e+00 -1.050205005641602574e+00 2.510018783265488551e-01 -6.613778577539688452e-01 -3.172286513901288463e-01 1.968525202926729278e+00 -1.094206168407525492e+00
5.181111125819603203e+00 4.161918491620093974e+00 2.494301380125891754e-01 8.708621849970721307e-02 1.181152761117099104e-01 2.518746589156328763e-02 1.781758781521554091e+00 8.548122935586534021e-01
1.882506519861534500e+00 1.251751835280518144e+00 -7.629177011920089679e-01 -9.588288694187929728e-01 8.469936677735363448e-03 -9.656690434092005670e-01 -1.898797243603500995e+00 -9.543592487302683391e-01
3.110451668327357311e+00 1.725623409808585862e+00 -1.714751563471923479e-01 8.964140671411338079e-01 -1.715424445987553392e-01 9.281319214772164594e-01 9.419690101964083018e-02 -1.144507016540026401e+00
-3.345413778553974815e+00 4.954805784485010633e+00 -2.204831670453326620e-01 -1.192563299027216139e+00 -4.053294974750034085e-01 -1.367493343728085620e+00 9.518249935414108132e-02 4.707525022807380610e-01
9.038049198129183281e-01 -6.019619361282651404e+00 -4.993184177488977360e-01 3.873583262327735532e-01 -5.969332289454104545e-01 8.660707324307919119e-01 -1.262531811744234123e+00 -5.693660121838677313e-01
-5.644448389445839709e-01 6.180191266002315942e+00 -7.585744733942676454e-01 -4.645261437275373106e-01 -2.859466655554807057e-01 -2.084873617041440863e-01 1.096437702768007449e+00 7.626804705893280856e-02
1.494517535348229842e+00 -5.394265584318033824e+00 4.063033494702006365e-01 6.772368154764705217e-01 -1.136626347685975730e-01 7.706859075115302105e-01 -1.944318774435355168e+00 -8.262569470088598766e-01
1.183100317782832533e+00 -2.156750235546760486e+00 5.684490670971786841e-01 3.976187757046476534e-01 9.224919117275728331e-01 1.302040170815511377e+00 -1.614990224950343611e+00 5.966100740114133050e-01
1.059039085705648198e+00 1.292368514509726118e+00 9.334876460887049365e-01 7.311602050002867781e-01 2.108671173599477311e-01 5.260071721908754494e-01 -1.718124480868071124e+00 -9.871348834600950362e-01
2.104460415265450024e-01 6.079809425932165112e+00 1.028260906903750938e+00 -1.127866719153262309e+00 1.774069297362871556e+00 -2.752188023256826099e+00 1.545546574581013743e+00 -1.761362036756789928e+00
2.176451062792960300e+00 -1.985559371212971769e+00 5.392052496083128421e-01 -7.718135705919408895e-01 7.850691743502645481e-02 -7.307536746486767987e-01 -1.693156375559913274e+00 9.641091437501796424e-01
3.542516281865170313e+00 3.870668619106609754e-01 5.606791235323800304e-01 1.389760956506780332e-01 6.995075731635097549e-01 8.384165136732379953e-01 7.886642263908775208e-01 -3.856003358535643466e-01
-5.942631624912962707e+00 4.605957637167668040e-01 -4.029946246404354504e-01 1.185288716346314386e+00 -1.557418559782440814e+00 2.731499465018061290e+00 -1.177462045462430051e+00 6.496212667507622607e-02
-2.139272149010984947e+00 5.571317574027993658e+00 6.622463931337698728e-01 2.378872269304541653e-01 3.173664549726267214e-01 1.925352336449522028e-01 1.745922095080684633e+00 5.927719400101510994e-01
5.440021425980905434e-01 -5.993550444799793375e+00 1.044658336057116221e+00 -9.251742301519358946e-01 1.824534843585749355e+00 -2.691000473538157856e+00 2.003451834140170806e-01 -1.521076573475969695e+00
2.312503922889451502e+00 -4.315635108992536217e+00 3.051103559844952073e-01 -1.084916154281818423e+00 1.190037442950984126e+00 -2.204849802593244590e+00 -5.873677645481284459e-01 -1.809584618969750647e+00
3.858133824444925253e+00 1.488937800853996407e+00 -3.715220604630387058e-02 1.106167442178030536e+00 5.078207483148540202e-01 1.469889092172632861e+00 7.926546124661293380e-01 -4.757453431489782059e-01
-6.895771613960794966e-01 -4.659691480141037623e+00 1.559829280966025244e-01 5.085809933976568331e-01 3.238779408182036468e-01 7.275114474754132976e-01 1.446061766951746375e+00 -1.172251549505432866e+00
-4.172384593670896535e+00 -4.070308007913950199e+00 7.284501173264557039e-01 -2.249726400160801942e-01 9.424656264872709466e-01 -1.162532457193561797e+00 -1.827058624196947090e+00 -6.892055025716850025e-01
5.362330380073267122e+00 2.349452969748918818e+00 1.053324470062708906e+00 -5.898610113950100153e-01 4.607515212251729886e-01 -1.329210001476275049e-01 1.600099752412935228e+00 -7.197188814560355752e-01
1.515799451520366325e+00 2.294118822330773355e+00 -8.614829580119653940e-02 1.066661257990280331e+00 -5.664811761207187990e-01 1.470049379579497995e+00 -2.581639983072587796e+00 -1.649469039028378381e-01
1.301417453310379280e+00 -5.308548045209922961e+00 -8.185001003438951983e-02 6.510519824254970001e-01 -6.332047113799014193e-01 1.250748003489900784e+00 -1.673651079389677498e+00 -1.081719966158710022e+00
4.713172457577440966e+00 4.141654857318428640e+00 -1.197510941836765763e-01 4.656286404492364639e-01 -3.956284920999155186e-01 7.983842720475152754e-01 2.170852861916594101e+00 6.706511162448622887e-01
4.475937272298965652e+00 4.533655734212258537e+00 1.146267462631485268e+00 -6.655571525735154426e-01 1.804710720027702608e+00 -2.467262581607777339e+00 1.687490546831520222e+00 1.240929736205556910e+00
4.278422750911339278e+00 -2.064668855086781107e+00 -8.229325164595615583e-01 9.589367651355873434e-03 -8.295312493885669269e-01 8.376325659348700103e-01 1.856210941529396141e+00 8.389031922293177512e-01
-3.198723036455412227e+00 4.339436385316382427e+00 -9.819336903484101597e-01 4.515312853569897200e-01 -5.895253365029903270e-01 6.346367482187275089e-01 -4.698288681706318526e-01 1.286885827169808483e+00
7.669578164494765815e-01 3.738898249729311729e+00 1.286527104046082393e-01 -4.101701253608306397e-01 -2.679893082662831993e-01 -6.743120573137433293e-01 -1.357385276609961444e+00 5.319059063418076772e-01
-4.414228722548937611e+00 -1.526688460265985370e+00 -1.939618766636985736e-01 1.028284682913254811e+00 7.537081377285622663e-01 1.757800214782547998e+00 -1.578780163025879535e+00 6.660504626514361926e-01
1.695091864471927501e+00 5.426680970844000029e+00 1.129481100980338271e+00 -1.095604724339238167e+00 1.673086407586770741e-01 -9.565808385795350199e-01 -1.895528594078855544e+00 6.665153300284507587e-01
-4.330727657107101614e+00 5.826430257950226732e+00 -5.812133825231537987e-01 3.475088434802167114e-01 -2.230773113728792278e-01 1.816318620440726950e-01 -1.829002300948350479e+00 4.139461584640932723e-01
-5.256336577936927767e+00 4.813651207917544639e+00 -1.022614086105485764e+00 5.181348431670109722e-01 -4.469885545214178912e-01 1.610027873329917814e-01 -1.668066648238931027e+00 9.515992052363481113e-01
-5.779385376592196977e+00 -4.706274156201412318e+00 7.729954943748624796e-01 4.134209954093099881e-01 3.248307406704182831e-01 2.583491562620623405e-01 -8.917741985731816312e-01 -1.073720750101641030e+00
-4.316143508906663762e+00 1.081758440642026642e+00 -3.921446379950611627e-01 1.499585737308486433e-01 -3.045724078027150505e-01 3.427742831727759176e-01 -1.764218024592499656e+00 -9.636003832355147791e-01
-1.709311377849163982e+00 -3.702885742051844176e+00 4.446758524097793597e-01 -9.103287950342908719e-01 3.885664500947791367e-02 -8.943860895458489724e-01 2.012537184459672446e+00 -5.639742762150584676e-01
-1.045819799308205234e+00 3.371082140018382134e+00 9.384860119688853697e-01 -1.323261712539567370e-01 4.698998800359887595e-01 4.511407478550309019e-03 1.728643378381807816e+00 2.295084577850440566e-01
-4.336695362648992358e-01 6.201363795542132351e+00 -4.281672279560144734e-01 6.306148062155922940e-01 -9.118470124539715949e-01 1.486599723177666199e+00 3.732388786937390068e-01 5.488983096901197678e-01
4.561507529045222498e+00 5.384870129950996898e+00 1.034479299494152960e+00 -8.036818526432781828e-01 1.027869409661721356e+00 -1.502385132532992662e+00 8.446656228096196539e-01 1.914890815687467995e+00
-1.630811692002017033e+00 5.882253685840916901e-01 3.767885799315420225e-01 -3.268584441146387132e-01 1.097172391248188578e-01 -2.606128267484195682e-01 1.973605831783805664e+00 -5.320921290424309724e-01
-3.781778186587421153e+00 -3.698570142894340051e+00 -1.085094093484846312e-01 -1.467873887295367830e-01 3.751101386124157389e-02 -1.841686222701915399e-01 -1.195262659976116693e+00 -5.280487704931391413e-01
5.756890507502143706e+00 -1.020281798729237188e+00 -9.295029584965570635e-01 -3.194779628423584095e-01 -5.292408002613500084e-01 1.464918170103531869e-01 1.041425822391297773e+00 8.154956603387937264e-01
1.745022505393457379e+00 -1.703424165532794632e+00 -7.295357887322035939e-01 -5.095109600563525465e-01 -1.113637462540839618e+00 -1.571128818392610427e+00 -1.441215319589511878e+00 4.627111871079649941e-01
-2.214798189658774064e+00 6.078044775539659383e-01 1.112041692518387803e+00 4.018366813565077411e-01 1.359864432106554943e+00 1.693099557006398026e+00 2.321444738028183963e+00 -1.293112368715339411e+00
2.365258276589599973e+00 3.743088751035994477e+00 -1.025297924047772424e+00 -1.175922319054103715e+00 -4.073863409610765096e-01 -1.097797620603438995e+00 -9.624104038136164219e-01 1.269495090997550257e-01
-2.697862396183980049e+00 2.107240365280883765e+00 -6.019345897857054650e-01 1.042494929127924630e+00 -3.507280005964690250e-01 1.074965682571783265e+00 1.234024220547644379e+00 -1.234932822261315621e+00
1.560155681229941749e+00 -4.048062945450626948e+00 -4.401935366220911527e-01 -3.275576261426871305e-02 -2.981883453994358946e-01 2.000481599156118673e-01 -2.037161619358043740e+00 -7.500576410480579437e-01
-5.424467020590065580e+00 -1.321324359050798591e+00 1.155129945453372553e-01 -3.875627738329893157e-01 -6.353823067479269504e-02 -4.239224973752830916e-01 -1.536100482169454828e+00 9.911320005014864210e-01
-3.203521021758685361e+00 -2.364878715619756377e+00 5.523662976420213866e-01 -1.057976996303561235e+00 8.109975136780277483e-01 -1.600107105745517178e+00 -1.088911351945255124e+00 1.666073288406958675e+00
-2.101202683022227902e+00 2.742067009194665062e+00 3.143872387628305898e-01 -4.930695120294458222e-01 1.909947505639577880e-01 -5.179957350913069192e-01 1.823291458578401247e+00 -4.870697013195235958e-01
5.707885416671176770e+00 3.333267742969242775e+00 -2.974972199058061317e-01 -7.653615469005685679e-01 -5.727446887785707652e-01 -1.177745285794528529e+00 6.200637354552229752e-01 6.586127027177839377e-01
-2.586573042230536412e+00 4.857082039692070197e+00 -7.425383311331338332e-01 3.228230594049708024e-01 -4.733166649617068789e-01 5.116332396001945781e-01 8.318573282634219579e-01 1.211612817212442739e+00
4.198642352346979578e+00 -1.831046770143982982e+00 -7.089074813361007088e-02 -3.728192185451978391e-01 2.728525184779299062e-01 -6.369517885119031497e-01 1.698232974677833962e+00 1.009911324870810256e+00
1.724760923318154227e+00 4.534843647872545347e+00 -5.488606683863237468e-01 4.534156345611410899e-01 -1.086257346296208293e-01 3.507043557443560444e-01 -1.988740684487906307e+00 9.966791772207116429e-01
1.287252421563236382e-01 -3.037181442769919304e+00 1.108920419674424229e+00 -1.057160278132484477e+00 5.204184836165445111e-02 -1.005133811857927162e+00 -2.580117905412672163e-01 1.054933221118083408e-01
-2.452758155228121240e+00 -2.885581442431570220e+00 -9.748586525463331931e-02 1.070203521746775355e-01 -1.655183615999374080e-01 2.572754682797386283e-01 1.289136882630512737e+00 2.353626319872463291e-01
2.093034534329104801e+00 7.148710606420252134e-01 1.104575950977717325e+00 4.262905280987294709e-02 5.584410699167818848e-01 -6.428097760738669952e-02 -1.698176602187478679e+00 -6.907532198967164527e-01
5.947386677844647807e+00 -6.099804707237572288e+00 6.143750361284081585e-01 -5.463751791843092231e-01 8.736703246046756410e-01 -1.304919092481125587e+00 9.338115207792008210e-02 3.833109193659981484e-01
5.727809455729389043e+00 4.336982054860127889e-01 -3.094610727950278806e-01 7.589280721710276456e-01 -4.278128360143227393e-01 9.939957120885235531e-01 6.992264632071858443e-01 -6.493055080652304634e-02
1.980304446010858754e+00 -3.025497544161756647e+00 4.583384335552875832e-02 -4.009000531317714611e-01 8.442219701241408802e-02 -4.253167295111494051e-01 -1.869005187137989799e+00 1.502061222418716868e-01
-2.062777151731485681e+00 -1.006526981261663956e+00 -7.187851260841524592e-01 -5.053837382184309668e-01 -2.674172785788735407e-01 -3.737770464785947766e-01 1.849809757893390749e+00 7.579676224781244365e-01
-4.224282979400838300e+00 -6.190331179178931720e+00 -9.692475242202119867e-01 -7.430532158329066217e-01 -6.779303337597706314e-01 -1.004083955247692783e+00 -2.394662097301144765e+00 5.354960604962069048e-01
-3.150757012731135731e-01 6.740857396404740243e-01 6.664789360747231939e-01 -7.075105303362045905e-01 6.213622686714316279e-01 -1.048881197463869208e+00 7.520939563094652947e-02 -7.961578820086845365e-02
-4.938524211660748620e-01 -4.133090488776847593e+00 9.126348589202868400e-01 -1.236045788013993008e-01 6.548104084581394257e-01 4.517832052179364677e-01 1.089260908009755946e+00 -9.780647850001084054e-01
6.047062187109229825e+00 4.434602106036393820e+00 1.139103438634037291e+00 -2.727633003339885454e-01 5.643607361605834649e-01 -2.492567153990750406e-01 6.084188057488395529e-01 8.211160658583451788e-01
1.654893559277527793e+00 -1.632579643797478219e+00 1.060684982329626935e+00 9.623158582966035990e-01 1.971128276671799240e+00 2.912507381132014572e+00 -1.158409728532779681e+00 1.635699237666907724e-01
-5.543276222180246293e+00 4.561556810252652028e+00 1.075102611207289227e+00 -1.470694245930530553e-01 6.884956032582255636e-01 3.882621309762405715e-01 -1.516539909022582400e+00 1.156744744712940642e+00
-1.723432636178769073e+00 -3.506911410470416435e+00 4.250229750119038918e-01 -1.065665249869627740e+00 1.023192199390601659e-01 -1.044067436419128692e+00 2.081168490686270189e+00 -4.616681709981395043e-01
2.984282663103346778e+00 -2.585405988560558477e+00 -9.650344544240185840e-02 1.569161274788566374e-03 -6.839368785371224835e-02 5.328012443725642366e-02 -3.157089116797449635e-01 5.303364225478099936e-01
1.405194388348047774e+00 -5.882426221739673444e+00 -3.177926486918382087e-01 3.528502978154228753e-01 -2.961977942544071762e-01 5.117796154601523817e-01 -1.844719705450716285e+00 -5.180363022968799136e-01
-8.194337710001651232e-01 2.197615929679644253e+00 1.019562300713190428e-01 -8.795407557650036789e-01 -7.590591055471707094e-01 -1.632720603790505542e+00 1.615470125762549891e+00 -9.638484204240573838e-01
5.738470434444082002e+00 -5.414883016615283040e+00 2.591079301363690135e-01 -1.144028404683710143e-01 1.402733180399021451e-01 -1.364433339792189559e-01 1.017446875807927142e+00 -7.443314851057947212e-01
-6.170262673512262097e+00 4.405825647197980643e+00 1.039371241445928407e+00 4.998329951981703712e-01 6.776834685622485921e-01 7.758474007321742860e-01 -7.055586871430499230e-01 1.433569421197290694e+00
2.337801133036117918e+00 5.673556676277168975e+00 -3.034055690709349662e-01 9.873647455714877896e-01 6.415235794715988815e-01 1.616833795318552536e+00 -1.640114936297882853e+00 7.726929526314719743e-01
5.868870045010361025e+00 1.074265437593084016e+00 1.045131260623077152e+00 1.101629573696210285e+00 4.789460998002493253e-01 1.062297065508396310e+00 1.312190910621577000e+00 -1.386304926460903530e+00
1.333847519607362919e+00 -5.897453264823298014e+00 -1.092352802697331038e+00 -5.738326875443000574e-01 -4.564751564943947404e-01 -3.076095493814313131e-01 -2.058179978285053835e+00 -2.621749710922436361e-01
1.552811832373509837e+00 2.275433758020403374e+00 -1.026705200112183469e-01 9.630272433752804506e-01 -5.739662315368974088e-01 1.393544556634098042e+00 -2.528658587505064670e+00 -2.328644377022153766e-01
2.451116797600320751e+00 -5.390527368797098262e+00 -2.231604415692667320e-01 -2.647924278008870758e-01 -1.099551961127311073e-01 -2.634358935482429831e-01 -1.302772165203343713e+00 -7.497779982250788455e-01
2.211696733637475987e-01 -4.167883497432178785e-01 6.134472350955366693e-01 9.631428416592280328e-02 3.957198435371389600e-01 -2.215728258134844197e-01 -3.865230750155363992e-01 3.526069982478897136e-01
-1.781684575186411656e+00 4.333080399637987412e+00 9.467349348271048015e-02 2.717979426279732991e-01 -1.685429650805195523e-01 4.379561577316806176e-01 1.968063891114189667e+00 9.165477135205661874e-01
2.654059329923104116e-01 -5.826405111731065567e+00 1.633981426011246185e-01 2.689334682181254710e-01 -9.711217473695719915e-02 3.642727403887390802e-01 -5.313306961472280543e-01 -4.343320195522383798e-01
4.600852247850010457e+00 -4.794409317481528099e+00 -2.693902828206982125e-01 6.074860482975834586e-01 3.375371754816099412e-01 9.448762002898727363e-01 1.978160126931749030e+00 -9.872258953707014895e-01
5.827647362020243804e+00 3.700044863813255702e+00 -8.519174444304615790e-01 1.944870485085743450e-01 -4.353637450828434785e-01 -3.559289758046949720e-02 8.667357645426255752e-01 5.430293555692509155e-01
2.922855477453431661e+00 5.614271499469948523e+00 -3.385072342035677639e-01 -4.291144063608013370e-01 -6.094750945472281467e-01 -9.778676554946349464e-01 -1.746659787654618601e-01 3.608060929691943586e-01
-5.484751054274234150e+00 4.739655985205551758e+00 4.982464834503483875e-01 9.116120551588913212e-01 7.486418788152171544e-01 1.433395039754995492e+00 -2.202045826487156521e+00 1.769145413708456349e+00
-5.808865385939439463e+00 -3.746935305952462603e+00 -8.697491747821928243e-02 -5.962556043017340768e-01 -2.071281213782096009e-01 -6.939425978348470192e-01 -7.867217425220425220e-01 -6.957892373753723492e-01
1.898169864325762290e+00 5.410594443806770570e+00 -1.372419748021891373e-02 -6.218274750451733279e-01 -5.244138857427949052e-01 -1.110594948737827714e+00 -2.104840948485203977e+00 9.770576430995302486e-01
-1.237844763047680097e+00 2.793602275764660803e+00 -8.743225167854142832e-01 -7.417518987986069234e-01 -8.363631818143562047e-01 -1.268263575546175081e+00 1.065998301056997777e+00 4.831559477269524172e-01
-5.357642277352355542e+00 2.402635379000384930e+00 -5.432148817039036404e-01 7.715170443111696308e-02 -2.764268906609313459e-01 1.030161146680178968e-01 -1.626246417149096679e+00 -6.451660272554347042e-01
1.872486410650667565e+00 2.771604078544360306e+00 -4.233448141837096168e-01 -9.661289259518919259e-01 1.102954532661356429e-01 -1.034765883656429519e+00 -1.999009789198740616e+00 -2.722663330044696739e-01
-1.172202114568881015e-01 1.364587656900157597e+00 1.096511585317786919e+00 8.976117446644058528e-01 5.103854696284921832e-01 8.522532491115811792e-01 6.671604292449070384e-01 -1.412070752678962648e+00
-2.229588604663065965e+00 1.796778902087329044e+00 -6.263321758709811116e-01 2.624945701324883363e-01 -2.877616598581296814e-01 8.020799574238794694e-02 1.599323534748971376e+00 -9.924336925537097231e-01
3.864774128152882682e+00 1.157040935024832073e+00 -2.302376992296198965e-01 -9.465032086756655083e-01 -9.254974321965115935e-01 -1.786253384832116708e+00 6.285924636573645419e-01 -2.206635254087130349e-01
-6.044187006136474416e+00 -1.013707161940131662e+00 -2.709465356952299731e-01 -2.809409739271521156e-01 -9.624783056735129738e-02 -2.508391021819524336e-01 -4.963906196927105330e-01 8.717292964025729063e-01
-4.734657987380783695e+00 2.416255501635991010e+00 3.407512441938844727e-01 -1.145959314600753176e+00 6.837626868969183258e-01 -1.588053805021401477e+00 -2.827859332332209874e+00 1.649674575000322774e-01
-5.243850804510681307e+00 -3.683225152595542617e+00 -1.581858180433892702e-01 -9.820249282542328206e-01 -7.410289955137643048e-02 -9.812712647488941453e-01 -1.651423011049743650e+00 -5.882467995800938487e-01
5.446003242649009479e+00 -5.740249000673003366e+00 1.132038372098303158e+00 -3.078602804428148820e-01 6.060777637136651741e-01 -4.227269303910433096e-01 1.233956678759954073e+00 -2.650903484152852818e-01
1.782475813604662562e+00 5.594655411579697812e+00 -8.873624485300848352e-01 9.452479176993160426e-01 -1.059023446499793158e-01 8.622779795266769520e-01 -1.898610119449354761e+00 5.786539423098051582e-01
-3.852610791762899112e+00 4.309252577190214595e+00 3.179727348841694390e-01 9.085461685349198735e-01 3.109263305873994354e-01 1.002769488549735577e+00 -1.008084647846929860e+00 6.227086402412391752e-01
6.525268989150099230e-01 -2.740209247835556639e-01 -6.912872225206411203e-01 2.968100669126598756e-01 -5.304459495417273018e-01 6.153947095409292301e-01 -9.533917423888530474e-01 9.604073166986776267e-03
4.734776003208429174e+00 -5.371369003526743846e+00 -1.040734654361805678e-01 5.257903392688270117e-01 2.178782310169732894e-01 6.950190637484966460e-01 2.094877547722516553e+00 -8.859958910359807538e-01
4.315525511176721452e+00 -3.110904273353415128e+00 -2.569732523778880395e-01 7.598898538977416628e-02 -1.578066646369189197e-01 1.414226147127604916e-01 1.864864264053073040e+00 1.037506749047553342e-02
3.764652717206320887e+00 -5.878235667179066759e+00 8.095418067882940161e-01 7.488856380140582747e-01 1.471772736753677480e+00 2.185789235768722527e+00 1.863153861840499026e+00 -1.090080423510319196e+00
-1.561342388318736063e+00 -2.737368260426582545e+00 2.210398981715848699e-01 -8.644992697550171190e-01 2.988647516945895366e-01 -9.794415501878763752e-01 2.270116540095677760e+00 1.230998634424650406e-01
-6.133377480758766431e+00 5.253331418300545508e+00 8.854336846092796254e-01 1.190845773920503614e-01 4.529321367915588592e-01 -5.359017553503172410e-02 -2.760566610529142650e-01 8.347841922556376026e-01
2.523418077863707865e+00 5.345084752755591140e+00 -7.183888850146300520e-01 5.220484235416471552e-01 -2.027739294438879458e-01 3.295635068618844588e-01 -1.180113848166303159e+00 8.274531825651775252e-01
8.951554064398292709e-01 3.526715021532300653e+00 8.889358045635418204e-01 -5.181937651808518064e-01 3.526427107034578179e-01 -2.104324640693376602e-01 -1.596841103116182659e+00 4.119010846673653026e-01
5.528468371620864019e+00 -2.927204552847892494e+00 1.053672335215672051e+00 -2.643546124519313700e-02 6.184257841687310631e-01 3.236167528994759457e-01 1.205179498304143504e+00 3.777350658186982013e-01
-2.206383391519483261e+00 4.718959033660784286e+00 -4.099401079750933929e-01 -9.412474029505288886e-01 2.530459633824808097e-01 -1.143888045630136574e+00 1.436084274821204820e+00 1.173340790791224997e+00
-4.374534551104744651e+00 2.235160898816943131e+00 -2.008461581408252927e-01 -1.049502849944809801e+00 7.192198693916121988e-01 -1.730724495439484922e+00 -2.286183412665098835e+00 -3.880613405026500651e-01
-3.389575121923671830e+00 -6.048258205041756597e-01 2.476398406612358993e-01 -5.932735861047343517e-01 -2.747358357635549808e-01 -8.507022084052920929e-01 -4.092552097324310134e-01 4.869767232284774039e-01
3.725200464301561709e+00 -3.095466189701660209e+00 -1.077271288796779247e+00 6.094648554470074586e-01 -1.268346392617127227e+00 1.698975535226862510e+00 2.205323916798920703e+00 -1.057137482932692052e+00
-7.913863856326024404e-01 -2.128469755015694354e+00 1.775550303914139594e-01 7.277633878354321517e-01 4.629905315274480265e-03 7.266911428518918470e-01 1.419383739990048188e+00 8.517617005895050664e-01
-9.028311299928235556e-01 -2.242569716342283748e+00 8.959864669160280126e-01 -9.439998763849510865e-01 5.710590629511216321e-01 -1.074776560331202502e+00 2.167617274434261887e+00 1.852691626505533484e-01
-4.023128165076825802e+00 -5.010115150256969407e+00 1.335857917921279281e-02 3.482256917582355893e-01 -1.052874755834305592e-01 4.062608142285071833e-01 -1.507743200543808060e+00 -9.916954266497858272e-01
-3.004340777118835959e+00 8.998615259032227698e-03 4.653215828292940337e-01 5.209181284849526694e-01 9.661560579782244584e-01 1.479138970831393562e+00 4.564247056648331746e-01 -1.917804889520545175e-01
8.978084061675417615e-01 3.921888301121846609e+00 -5.032448697881775068e-01 1.138825796391372824e+00 6.192151985294466199e-01 1.753770464459417200e+00 -1.436604621572376228e+00 5.761687639591158705e-01
-3.877398865367055691e+00 5.273480122285924665e+00 1.074123280666688496e+00 -2.689611837949097417e-01 7.596122770804478730e-01 4.623354781672105451e-01 -1.247376106972292398e+00 7.516810935558602136e-01
2.009290164338734641e+00 -2.377781075529337151e+00 6.689253549339735372e-02 -9.559455466186508321e-01 -1.257407921445585219e-01 -9.961335457002772342e-01 -1.692099422867573866e+00 5.729942843963983234e-01
5.070627336204818647e+00 -1.894746338300489441e+00 9.113854359683226658e-01 3.625716315586335892e-01 4.507688580207823148e-01 1.268717540140861487e-02 1.869426126107358144e+00 9.515912543833402459e-01
-2.290484508848984468e+00 -3.347640334084763136e+00 -5.004695125664483379e-01 4.853587233632083997e-01 -4.201990554702049740e-01 6.918240472231791394e-01 1.757214433868847570e+00 -4.577846238370020249e-01
-5.167632680718645233e+00 3.256198730010719800e+00 -4.580333439779514793e-01 -3.142710406600428552e-01 -3.672373632260693133e-01 -5.123976434669755831e-01 -1.637870736944971206e+00 -4.408171396944988996e-02
-6.062850694491306314e+00 -1.303928665334702863e+00 1.068579199871863006e+00 6.177724197963534447e-01 5.204844718033330153e-01 5.935614301347029720e-01 -7.457174076877614022e-01 1.273206750756219696e+00
9.721809111050960794e-01 -6.024666117784757802e+00 -4.376507900004080742e-01 -2.296820662520728806e-01 -1.848206557899521318e-01 -8.996320187318661288e-02 -1.663117414288884488e+00 -2.447650530447255390e-01
-2.011543976053815186e+00 -3.994289828765277939e+00 -7.787499040142615847e-01 8.875195539823523827e-01 -2.301430458067868223e-01 7.953710792983160749e-01 1.976601509908099796e+00 -9.207933562481138701e-01
-1.817893535777193925e+00 4.808135780553140393e+00 5.045660736782988653e-01 -8.678474974006571419e-01 1.187688397646846861e+00 -1.986415297128878432e+00 1.146153695923570304e+00 1.788519081036460179e+00
-1.563561005335732723e+00 -5.304146003817082011e+00 -1.141229312041592170e+00 2.468255116469086907e-01 -7.112737477777913986e-01 -3.406184360224991936e-01 2.136543692352750323e+00 -9.665578996388167754e-01
3.547987159890171327e+00 -2.681215300576509808e+00 2.672959212111154503e-01 1.170439458153298640e+00 -8.988217782050724747e-01 2.067951904643747785e+00 6.903098604520442327e-01 5.445764848576184480e-01
-4.724771651856716659e+00 -4.547282301629167023e+00 1.183427506425784204e+00 -1.166701489773578349e-01 1.259017359712554907e+00 -1.355908436761248836e+00 -2.301252576613294298e+00 -6.849949222923228387e-01
5.514486702461342205e+00 2.622805265127269081e+00 -1.062546050080823257e+00 -9.784718704014334634e-01 -1.894727859556847971e+00 -2.814338840601518399e+00 7.160103794186611914e-02 8.229722444898142086e-01
1.430968076080896267e-01 3.047254335677131110e+00 -7.305675393209720703e-01 -4.183269046187343410e-01 -1.077544037689085465e+00 -1.465639858763569947e+00 8.624802314282559168e-02 -4.656643706676369399e-01
2.245426990926846500e+00 -5.408624786011787755e+00 -6.566455146692232736e-01 -1.200479557969631461e-01 -3.227672848813951112e-01 -5.594618402908873439e-02 -1.579573289534559777e+00 -7.495638237823504246e-01
-5.140769622755397172e+00 1.252144269782362151e+00 -1.848068860870506480e-01 1.150935095846058909e+00 -1.313073562285537621e+00 2.456111645675123079e+00 -2.172450278554846737e+00 -5.964875358226326973e-01
3.364746694372458435e+00 -1.397510241636151562e+00 -1.045368206925749055e+00 -7.164999884143588016e-01 -5.054542766255369912e-01 -6.913044627683213594e-01 7.916015183344631279e-01 6.360350863507959751e-01
4.223015532062536437e+00 -1.293372426266214958e-01 9.018122549829807877e-01 -5.341887975406894862e-01 3.804153726945501135e-01 -4.001653735894072916e-01 1.622786361884207995e+00 2.714457010432954065e-01
9.002720270319688467e-01 -5.766038571485056607e+00 -4.977032010338224843e-01 1.147644871418946666e+00 -1.370612491466607574e+00 2.418889146392933398e+00 -3.276408774449932615e-01 -1.733753074406187533e+00
-3.104115182573112808e+00 -1.071688398315453483e+00 6.274746127673693774e-01 7.852848327740826750e-01 5.424295234902417606e-01 1.026887548688683927e+00 5.736474420018350395e-01 3.792998493175650521e-01
2.726415155378587585e-01 6.978141040190317668e-01 -7.797002801779193693e-01 6.194991730611887348e-03 -6.711547214681312656e-01 6.175951690969706531e-01 -7.095255625716033743e-01 -4.715713593597506970e-01
-7.946182108082675555e-01 -5.198664724286585326e+00 6.502836421956836865e-01 7.779468535445124289e-01 4.645813092611284500e-01 9.189378469762491397e-01 1.833979226938090790e+00 -1.290866310303719899e+00
-6.446902283694289082e-02 3.187760828087986553e-01 7.599220389338772197e-01 9.420118153397847305e-01 -9.979822824443634888e-02 1.034570288083431988e+00 9.024089817548630599e-02 -2.747966902598172334e-01
-7.605898204944923080e-01 1.226791065312810680e+00 -3.381189566148932180e-01 -9.922278899665921692e-01 -4.027810645743311047e-01 -1.155209010256920354e+00 1.804200146334999921e+00 -1.366913853775815868e+00
5.980402146011009279e+00 -8.451020364283579056e-02 -1.010311931627122517e+00 -6.195338843807839391e-01 -3.873160631460034198e-01 -2.414077137821354635e-01 6.166029161990198570e-01 6.416255660904052194e-02
2.932741678979047251e+00 -5.735518776096306226e+00 1.128322399124817021e-01 -4.113919470429270309e-01 -1.266672292205061889e-01 -5.035082543901352459e-01 -4.584487321651321556e-01 -4.769196963230767361e-01
3.873580306656998928e+00 1.823604189841327994e+00 -1.103984566922840527e+00 -3.037903580820368044e-01 -6.959973322166121967e-01 -6.246809708480233203e-01 9.508900243822486775e-01 -5.824050212892197820e-01
1.761429337355581382e+00 5.561685927246687200e+00 -5.696425896208046069e-02 -3.052080148967206696e-02 -5.899850595778829282e-02 -7.717745065550325745e-02 -1.966555907188179964e+00 6.632981025574505862e-01
-3.990508736451102045e+00 -3.271769628837866151e-01 8.689126372655995301e-01 -2.684095817687347507e-01 5.096270592639281505e-01 1.734134999849886449e-01 -1.545174892818136136e+00 3.654167270621636598e-01
3.837625305189732217e+00 -3.579599189427146388e+00 1.021473623964936905e-01 -8.323917651561525410e-01 2.494424803187026141e-01 -9.379067442781580111e-01 1.494348573401801605e+00 -6.361271436645892230e-01
3.158977628887317479e+00 4.187272713382920841e+00 -1.596074475136424198e-01 -2.613484030879773545e-01 -1.423663376052491762e-02 -2.539983178194263891e-01 3.786508334723728830e-02 8.621687770522712402e-01
4.982773729810565655e-01 -4.891105932782952692e+00 3.604214679767903107e-03 1.088241097907804322e+00 -4.218375645909941962e-01 1.352502529664008302e+00 -1.400535958147203885e+00 -5.393627894064048078e-01
6.878939714860301535e-01 4.813681049916377575e+00 -1.164890216387669986e+00 -6.183991016332763824e-01 -8.899358550049285554e-01 -1.111009031656120527e+00 -2.093260816681075553e+00 1.818312148347944746e+00
4.318959356042629594e+00 -3.843431279022859304e+00 6.628130670920808765e-01 -6.109519235741290855e-01 2.502083141435725855e-01 -5.350029189259358775e-01 1.974745693468692664e+00 -7.731691104370214118e-01
1.572570632732133156e+00 -5.022608181919324011e+00 -2.185975472556203059e-01 -1.905069602183795396e-01 -3.407679445282531250e-02 -1.580752727256893864e-01 -2.001650334051565228e+00 -9.506131954732022216e-01
-4.923587159797380153e+00 -4.423543662065148041e+00 2.294009923834448017e-01 7.884439646600949203e-01 -3.760571678948032570e-01 1.118457334898760536e+00 -2.157225186441130038e+00 -7.569091147386129981e-01
5.680332740543656556e-01 5.171138411351817510e+00 -5.102102473833906027e-01 -6.700133514889285991e-01 -2.933881081475797070e-01 -7.020121492198156954e-01 -1.280683777345901664e+00 1.101340326485270582e+00
9.065225229114757255e-01 -4.807043195507507249e+00 1.520442902999123991e-01 -2.376941449491332126e-01 2.728481625394131305e-01 -4.674612732827131412e-01 -1.643516395161946919e+00 -9.267366053338444987e-01
-4.927472143649663572e+00 4.527237546919351985e+00 1.614690593022660714e-02 2.616168338097610846e-01 2.773981070247311109e-01 5.388906884575885847e-01 -1.958391040419926510e+00 9.873821277994133672e-01
2.603750087603199148e+00 5.427410726469565461e+00 1.054151176055861283e+00 -8.827568410481511085e-01 1.964385711848219418e-01 -6.961630035847138354e-01 -1.067318158691464625e+00 7.978284492569244213e-01
-3.369606912263098053e+00 -5.373758288617710654e+00 -9.194366894195749040e-01 4.353802700389985958e-03 -5.031661692382718432e-01 -2.069347668057372192e-01 -5.465849443571195732e-01 -6.946542522900109873e-01
1.996784539822694882e+00 5.849835221042676281e+00 -4.388606784943013261e-01 5.268207019649617795e-01 -2.793258170645929878e-02 5.056642662996446713e-01 -1.812039215364464884e+00 4.106911315543252949e-01
3.183136229041672038e-02 1.936941019560315169e+00 5.189082692738902214e-01 -4.787269798736680793e-01 1.912070164026600794e-01 -4.159880199529855105e-01 -1.387881468348987068e-01 -8.585783793782162387e-01
5.630460438328359629e+00 2.798902183819883760e+00 -8.078960046761716196e-01 6.299211855517004022e-01 -1.902947444897085949e-01 4.486991092115180102e-01 1.240757014482561038e+00 -3.620725889550334697e-01
-2.104927811331464227e+00 -4.443726861687606444e+00 -7.886023771139965000e-01 -1.091551021449794989e+00 -1.019448452299971386e+00 -1.799761846005986099e+00 4.016768790149169988e-01 3.556184514373703642e-01
5.343033938731299060e+00 -5.345360022846260328e+00 9.032677550958283508e-01 -5.143258417751805922e-02 4.651207301730086452e-01 8.920697431206059402e-02 1.654844502679763352e+00 -8.458233403079109536e-01
1.006107544211037208e+00 -4.055379072591463796e+00 1.354896210755127672e-01 -2.777875455794849291e-01 1.224145700616299376e-01 -3.196594507674602181e-01 -1.726281042791727893e+00 -7.550513108660965589e-01
-4.379515257078178792e+00 -1.118953611443076035e+00 7.447170297138030470e-01 5.811434474139003381e-01 1.303391839210289005e+00 1.875322303643140120e+00 -2.180322481175835048e+00 1.189752080604674855e+00
5.642015234453953809e+00 4.325831410117089604e+00 6.863867000440919686e-01 -7.471212464307008805e-01 4.516069016206742393e-01 -8.608676675717195081e-01 1.572507174965330545e+00 5.499722594147324894e-01
-9.719343556893171865e-01 4.074619134094188411e-01 -7.846843559200054052e-01 -1.065518983787465679e+00 -2.963558192941519454e-01 -1.009142157694984832e+00 1.945559199702916242e+00 -6.898841946860866381e-01
3.721962671057926997e+00 3.351739754220178114e+00 -8.179241230816075570e-01 -1.187297223555169534e+00 2.554829826756246924e-01 -1.425470394196364010e+00 1.228436843263830847e+00 7.683373341233384890e-02
-4.208249811088222714e+00 -2.815981386294324373e+00 8.142635091004366554e-01 3.683119492359938629e-01 3.804275381761393904e-01 3.007552216107488019e-01 -1.638584185206128030e+00 2.072909264512214356e-01
-5.034995801223455025e+00 -4.623770949220640247e-01 7.193416301686788028e-01 -1.816444042720037899e-01 3.504184715207199208e-01 -1.328256332070054113e-01 -1.850733696043360244e+00 3.999861984112593749e-01
-4.107124443069783304e+00 4.227033099256493287e+00 5.368403867791107231e-01 2.233217873209465409e-01 3.582194643325427030e-01 3.887959665804396336e-01 -1.521178953608187889e+00 7.609847118160009138e-01
5.602443581259354488e+00 -5.476844186288806426e+00 -8.033315565566646610e-01 8.720077240448558253e-01 -4.396595227228169978e-01 9.087701793466446132e-01 8.605889236291465183e-01 -3.236092703849158259e-01
-2.885672456043137935e+00 -2.806610271236537724e+00 -1.198946391466450434e+00 -8.440895042787732727e-01 -3.552774874064494881e-01 -4.899218280107451307e-01 5.200185752370792835e-01 3.150054425051765916e-01
5.650706553150625311e+00 4.903533302536349225e-01 -8.087967283276509267e-01 -7.648112261993365024e-01 -2.634813701279952736e-01 -6.506891340329805651e-01 1.336819857553530388e+00 -6.254657764020490340e-01
-5.557790317271515512e+00 -3.059850023829924659e+00 -3.665013088389244000e-01 7.684373944561120329e-01 1.824649765116643785e-01 9.143928151508546875e-01 -1.226735095923300989e+00 -1.847535729603907995e-02
-1.148229661925657119e+00 -2.459662877782540669e+00 5.059094765540421701e-01 1.024628352155155797e+00 1.256979213012330288e-01 9.923912326836100695e-01 1.703509349129298744e+00 7.508617430033693863e-01
5.633829213636481370e+00 -4.818667623402640210e+00 -9.563195165672766507e-02 -2.189675538163232682e-01 -1.204818551400661797e-01 -2.812293366638426995e-01 1.238355376278958975e+00 -1.023365761520554695e+00
9.361947647642168135e-01 -9.382141695013519467e-01 4.817315446655667799e-01 3.624302912307877378e-01 3.088463509869991408e-01 4.547659385425700806e-01 -1.744644817039329832e+00 9.405324148178962895e-01
-4.920404525428380360e+00 -4.003834525281546597e+00 -5.313383203771012697e-01 -9.916978731851222584e-01 4.427574518525119462e-02 -1.018641678722334909e+00 -1.992673930232661927e+00 -7.235147439981672868e-01
4.438108251754687927e+00 5.961114786991233316e+00 9.343503192214559494e-01 1.005413512053195069e+00 4.436663033781271248e-01 9.842188616605612728e-01 2.361406726665597589e+00 -1.196349014531849636e-01
9.705268181063484434e-01 5.981577135460083738e+00 8.160257203549337035e-02 -3.526805063819359320e-01 9.688173458976083452e-02 -3.811870914968395474e-01 -1.615071599583632000e+00 2.617609507978321814e-01
1.254092260666727299e+00 3.257364019159636470e+00 6.599435070317349883e-02 5.043926238184215372e-01 1.520524558670926230e-01 5.681207891395522180e-01 -1.822103241349473990e+00 3.708206419480915977e-02
5.257556328592198014e+00 3.642393358866934605e+00 6.021097656540077558e-01 9.655685027285976219e-03 3.015656137659655234e-01 2.303075001467107946e-02 1.703142597095799626e+00 4.870665176722642209e-01
4.843806931376777314e+00 1.660212981091224727e+00 9.215967552612402969e-02 4.461628465774469809e-01 5.369823016670177696e-01 9.826715702356378923e-01 2.004910776806696493e+00 -1.018161606412426368e+00
5.801573952011722213e+00 -6.150551900217384294e+00 -6.965230489654731239e-01 1.066979755290837550e+00 -1.177379028145542739e+00 2.029144440340986399e+00 -4.505057233824989460e-01 1.244676525839624404e+00
5.641539276059354791e+00 9.311649536379524861e-01 9.458305108998021904e-01 1.576142052839180074e-02 4.729320921529853172e-01 1.671421628939976159e-02 1.204934485874665562e+00 -8.102205188893405463e-01
-1.021235065929371189e-01 -1.696317892478090172e+00 -8.741458918113191867e-01 8.820595864507596584e-01 -4.268714744586284970e-01 8.720725337928759702e-01 5.760531675078600644e-01 6.199715144588063831e-01
-1.566521959568497380e+00 2.882144887460272642e+00 2.805193558146013011e-02 6.560446153481835907e-01 1.030341243849514643e-01 6.829031176475884868e-01 1.932052084062743980e+00 -1.886171936914454728e-01
-1.347351494021300056e+00 -2.221498158448205196e+00 -4.585546549586532183e-01 8.955205627728379802e-02 -3.248890787880949760e-01 2.980176524896099299e-01 2.024542423382181600e+00 7.213962318433908560e-01
3.261344248836559601e+00 -2.798562210318440879e+00 -2.779854369037029205e-01 4.497868631011523455e-01 -6.831136993045091588e-01 1.115943400830362364e+00 7.013281239271063061e-02 5.051408790330191856e-01
4.522401517269962312e+00 6.248817180862422660e+00 -3.380114179655634432e-01 4.209481279729199166e-01 -1.380419743974056201e-01 3.995527288252284648e-01 1.909524666518023217e+00 8.884989992771619161e-02
-4.099404013563890281e+00 -1.834165888838767522e+00 -7.174263096492135006e-01 -5.571438326808575425e-02 -4.735002521185605051e-01 -3.587339997409657033e-01 -1.505345965331517544e+00 8.349954531026845261e-01
4.996685365190449701e+00 2.513251268291618601e-01 3.664640703280594991e-01 1.174271120364972942e+00 1.639660361829141655e-01 1.168865933344080066e+00 2.111268632772879350e+00 -4.402378227932046695e-01
7.173145132192981777e-01 -4.549675449236499247e+00 1.111844183702501709e-01 9.376220414923464030e-01 -2.220780572188217339e-01 1.054569264216899782e+00 -1.513819763867755519e+00 -7.876982352517347685e-01
2.603081307404099931e+00 4.907545205268531774e+00 -1.155328776819017467e+00 -3.566333840376078035e-01 -8.984888904544462429e-01 -9.582598594345080878e-01 -3.862426774771615112e-01 3.415428816228615605e-01
-2.771997325173369831e-02 1.610926110641956122e+00 -3.304704154940221184e-01 -2.399851890647723973e-01 -1.737697999224356027e-01 -2.517663836260441435e-01 9.908157740563254545e-02 -1.042843638886226332e+00
-3.498717219969587511e+00 5.384640582673998921e+00 -6.456856005203448490e-01 1.846341394574675387e-01 -3.851630798094338726e-01 -1.454420162697969143e-01 -6.702938063110417399e-01 7.535519300885342719e-01
5.624626625774764577e+00 4.874360383123796936e+00 -3.817403399074831283e-01 1.051533058291131306e+00 -7.856829038884264316e-01 1.626265886394359983e+00 2.095153868029306032e+00 1.157125868676515124e-01
-1.156328912171059820e+00 -3.211983035435981293e+00 5.934102348420007278e-01 6.923103661518854590e-01 5.138551406832169155e-01 9.318092808810205518e-01 1.407034481928131076e+00 3.532950977929361636e-01
4.532135227840710101e+00 6.090317469517227522e+00 -5.865224425144870413e-01 9.424950164793954865e-01 -2.992292244876186835e-01 9.462694192910233726e-01 1.684467525861203185e+00 4.748032811590040536e-01
-2.471919312224812870e-02 -4.963421669717087426e-01 -4.406031496506631617e-01 -2.205219479661035820e-02 -3.489323621616463034e-01 2.887879512514908154e-01 9.521530270006249574e-02 4.304303368962832943e-01
2.681882558523307480e+00 -2.433374765852249766e+00 -8.763829565060674565e-01 8.302102876586887614e-01 -6.509671178870056751e-01 1.085427581326227298e+00 -1.537385849052957942e+00 1.300490463156943832e+00
-5.909034229565266472e+00 -3.987509734971753428e+00 -5.179012841049166482e-01 7.696309319558400919e-01 -1.346847350898296714e-01 7.233557166659078108e-01 -8.224589481326628482e-01 -6.570854819226267240e-01
2.270605370706139325e+00 -2.454229075222837952e+00 -7.352901978673487271e-01 9.131826239875067142e-01 -3.733563567008063577e-01 9.178290977099804460e-01 -1.872581171016066692e+00 9.771524324631142289e-01
-2.552503873080231855e-01 4.444661921171375596e+00 -6.910349102260490151e-01 -7.067531132458926280e-01 -3.499535408367181466e-01 -7.111192554773240193e-01 2.561360505883727434e-01 1.213214003137511376e+00
5.056982184257819313e+00 -4.022116836875179402e+00 1.046738748564590038e+00 -9.206245736989957518e-01 1.619766850190109131e-01 -7.682295189601251462e-01 1.924588994940580555e+00 -8.132358482468601268e-01
1.370504654920843279e-01 -5.355622755410760050e+00 7.698138517646431200e-01 1.075323391563500097e+00 8.865629086891556321e-03 1.069086585858817440e+00 -2.665074387489635432e-01 -8.068966041886058704e-01
4.385990279208602516e-01 -2.847145197490227986e+00 -4.094747221469530185e-01 3.226328132581812724e-02 -3.699125039839730178e-01 -3.338125423868195107e-01 -8.316045711062781676e-01 2.724726703641615622e-01
-5.353494462032679202e+00 1.537298637376028232e+00 8.123114911190219001e-01 -1.004513965094008254e+00 1.234628096139533282e+00 -2.018163496260477086e+00 -3.025383638304523615e+00 4.230744748389858589e-01
4.492392480919024322e+00 -2.944394220560770492e+00 -3.956507418100703166e-01 -6.997236944220742716e-01 -6.107608964848441208e-02 -6.749758109393539929e-01 1.914107436942584339e+00 2.336118221250503835e-01
-1.592312062546765716e+00 -9.891035104744014816e-01 2.960093710760629548e-01 1.157184013753576268e+00 -4.970092486542664889e-01 1.566480913601933089e+00 1.557872135097051025e+00 1.277198703875479735e+00
5.085202895768228259e+00 1.722234587658755700e+00 4.729803977043933738e-01 8.010533894084101991e-01 1.196785901594507040e+00 1.968633307781979314e+00 2.379930785769348578e+00 -1.505873708909866382e+00
-1.881371526840227126e+00 -5.252589413195096313e+00 -2.331807077283879481e-01 9.236944791416428213e-01 6.334509136354988801e-01 1.540518424419663024e+00 2.126430011948675869e+00 -1.079719741139598677e+00
-3.955777429356101660e+00 -2.568663288879299067e+00 1.108119029087512919e+00 -7.103581822030633486e-01 6.294327276296224349e-01 -8.253247291344724124e-01 -1.965079934254143401e+00 1.052843458517215725e+00
-1.160860239885901812e+00 1.019989530480319928e+00 5.431870927507733704e-01 9.324629920475973055e-01 6.444689849717720742e-01 1.301686532965238730e+00 2.521866844147580888e+00 -1.539676792064762934e+00
3.303469998937282881e+00 -2.801141892839869030e-01 6.266424790103986009e-01 4.914424934774601628e-01 9.052346738229503087e-01 1.309685560233754709e+00 8.294600334240838091e-01 -2.306520617886954616e-01
4.507819129213739728e+00 2.981373658636028878e+00 7.277414830477098029e-01 -9.863277602758033780e-01 3.861153073096376120e-01 -1.003446691313591543e+00 2.345362053307340933e+00 -5.465995376619486867e-01
3.016491041227983061e+00 -5.668714002941878327e+00 5.228766443835533018e-01 -3.972679570868660193e-01 1.577405022418694736e-01 -2.807361407038924672e-01 -2.197052721094008843e-01 -6.063724494800234455e-01
7.773842081293915740e-01 7.907698050621680963e-01 -1.207287819631974735e-01 3.240131961417578310e-01 -4.446332890766814261e-01 7.686066524050972903e-01 -1.407409192608710446e+00 -7.063205198068294166e-01
-4.763518266148031977e+00 -5.042225707572120186e+00 -9.514550719579794036e-01 -8.005417872236793020e-01 -1.690126146512168359e-01 -6.380510581767636635e-01 -2.027054209019505837e+00 -9.164273949083410198e-01
3.510829338582817982e+00 -3.489160665594788213e-01 -3.848839402193804382e-02 3.065417991389272068e-01 1.342290515484657332e-01 4.076192941765897637e-01 7.578090917470425847e-01 3.058776314382847250e-01
2.104295716802432992e+00 -5.211010240136827676e+00 1.202392597800816532e-02 -6.954959970447249784e-01 2.123482710370010740e-01 -8.044305874269642720e-01 -1.575435966109224317e+00 -1.024872230661881378e+00
-3.440507759588546932e-01 -1.185475099983419156e+00 8.828214111686099042e-01 4.266518702309862743e-01 3.846625684913861920e-01 1.703121437181666642e-01 6.257606485414761721e-01 9.755235638046584334e-01
-3.735164569647316579e+00 -3.306789120153060590e+00 8.616021795975978836e-01 9.641143186971288248e-01 -1.313074832886973811e-02 9.760585959481568041e-01 -1.123974877575468323e+00 -1.591222840084337009e-01
-1.208755900685529738e+00 -4.070571551422382583e+00 -8.777071530602811311e-01 -9.017042636685184132e-01 -1.620760928426257630e+00 -2.459445211262105246e+00 7.696051444077379733e-01 2.997379548946099703e-01
-8.567491192454728122e-01 -1.536873866932992883e-01 4.754284804554527177e-01 -5.859186456505484086e-01 6.504817441119247201e-01 -1.082149171029672674e+00 1.056312257858888382e+00 6.082059631278524670e-01
-2.176435456638343702e+00 5.702468222519526009e+00 -1.861703226013569079e-01 -8.075887880125327545e-01 -1.031795379255834727e-01 -8.101599669359830225e-01 1.727842806254662467e+00 4.650576378203465922e-01
-3.419089600175763355e+00 -6.205848306103345813e+00 -4.861312795666031805e-01 6.557136859367675985e-01 1.148683395889677494e-01 7.634262097368977873e-01 -5.783661864393937480e-01 -4.679216995280749414e-02
-1.662893556642339732e-01 -1.771618737586265979e+00 6.719591537969313855e-01 8.314359582095061096e-01 3.505416686122052039e-01 8.435388271317938447e-01 3.552886404403650389e-02 1.275422070979838285e+00
3.066707146429319408e-01 5.249492560269425567e+00 -8.412314229565022172e-01 5.975730157889245220e-01 -5.019506425845033926e-01 7.122180247947427212e-01 -2.557239583681445994e-01 5.111454708415259507e-01
1.076729120294419140e+00 3.016181583984172576e+00 1.920309126272909950e-01 -2.069754039971566373e-01 6.280003663776631551e-02 -1.843446455456760891e-01 -1.771621897201677065e+00 -1.142835546948246794e-01
-8.024049002780104800e-01 4.205996352027872476e+00 9.010753421401871410e-01 -5.138900678262037225e-02 4.783868219545703293e-01 -1.909383870180342002e-01 1.525428734279815401e+00 7.871301777684088785e-01
3.762701983951314944e+00 -2.067739891480053771e+00 1.062348820630085733e-01 4.332678632425979171e-01 -2.378660652585127266e-01 6.471690216225272074e-01 1.096536901058202229e+00 9.463822184414549810e-01
4.163582050472568241e+00 -2.031072014412531601e-01 3.858267680543054912e-01 -2.153958400110613791e-01 1.659466210840335187e-01 -1.591639825083894233e-01 1.681444924644666994e+00 2.265637418100362732e-01
5.035939049617503827e-01 4.283889229082742389e-01 7.135561208162612967e-01 8.263014906980405971e-01 -1.097899980900142181e-01 9.357811605423927981e-01 -9.574335335249422041e-01 -4.231250825824894868e-01
-3.383546285669027043e+00 1.585207133229422638e+00 1.071300815939924211e+00 -1.194774229044156977e+00 7.099504596463244166e-01 -1.374793165569430542e+00 4.649368617689454419e-01 -1.944032645155637118e+00
1.439639185874156624e+00 1.373046238888847803e+00 8.415425041202457823e-01 -7.754571247720613014e-01 1.608159792343756500e+00 -2.380052445402471406e+00 -1.728125980350191382e+00 -1.235207554923028139e+00
-6.015146638858256622e+00 -5.595706906576339179e+00 5.147576500439599023e-01 -8.930141036692867962e-01 1.141108216885594606e+00 -1.935207924560868875e+00 -1.429001391471384164e+00 2.647297034193243359e-01
6.042660346690873041e+00 -2.999322045012527749e+00 -1.197902526650175048e+00 2.245515547139871337e-01 -8.684434470314099652e-01 -5.810374939086000445e-01 2.879499351018556252e-01 3.302662262427032980e-01
6.167534717833719426e+00 1.282802487676627301e+00 3.787149642872167377e-02 -6.874711174127720037e-01 7.904576419267589360e-02 -7.010267825231362160e-01 1.761936264042023859e-01 -9.042233271340550660e-01
-2.458716845812052743e+00 -4.314096028944574002e+00 1.194500672906937400e-01 8.302761259974353880e-01 1.835105658233336379e-01 8.817980221250357742e-01 1.106742443080290128e+00 -7.664137098560324102e-01
5.939926850929895252e+00 -2.891449261993828568e+00 -1.176942859150126308e+00 -1.915557948802630861e-01 -1.017569721657777482e+00 -1.035165072631981431e+00 8.409598216985852970e-02 8.365613907039570751e-01
1.728593160179912047e+00 6.165913587574491928e+00 3.468694862215448982e-01 -6.547031231296284171e-01 8.775897853546425764e-02 -6.308666512888251310e-01 -1.921868900547111236e+00 6.372022197167381830e-02
-3.851404556859837403e+00 8.910437099265511307e-02 -4.018753580429657024e-01 -3.303752494296543496e-01 -4.177732652007837832e-01 -6.217652994412986578e-01 -1.489524200455974556e+00 9.715546313980050197e-02
-1.455843400574518220e+00 -3.067258540286187163e+00 8.146840357477860284e-01 3.335125363441138191e-01 4.144553115397491272e-01 3.503425902643718670e-01 1.841718788663590178e+00 2.193472568261106703e-01
-8.727782736898683780e-01 -3.034048362339607952e+00 -7.042245250697005687e-01 1.069442403588953150e+00 -6.438222104414835500e-02 1.033597304032233266e+00 1.587512621159247406e+00 5.205946343640938112e-02
1.383637833415541252e+00 -5.140701407889816110e+00 -5.222621175945096894e-02 2.170899743211620603e-01 -2.488412090799582144e-01 4.587304740536759518e-01 -1.937811894888238351e+00 -9.369298873681879414e-01
-4.247380062845948601e+00 4.718574012395270856e+00 -7.821127895848432043e-01 -2.738853746175112791e-01 -8.591455643615489857e-01 -1.044172959692419855e+00 -1.390316500611234574e+00 6.026622398747705223e-01
1.944720602536866849e+00 1.105110719132033736e+00 -2.641904629640293711e-01 -8.019134915744710046e-01 1.745633637983504127e-01 -9.184787490411305821e-01 -1.742453269497808988e+00 -1.012862827344827688e+00
-5.376302760328115937e+00 5.927280605991734674e+00 -1.024391374443435643e+00 -8.388275045070874292e-01 -4.035918707423917229e-01 -7.164737809583288097e-01 -1.850727868110480623e+00 6.239932153313587637e-01
4.747784195899180659e-01 3.561069809561180577e+00 2.203280206673468022e-01 -2.230997552762700176e-01 -2.423273012529989726e-03 -2.255193237702310394e-01 -9.142525657587453614e-01 4.072527877912275884e-01
-4.589834106344162556e+00 -2.445332576875749453e+00 -3.799909158902278206e-01 -9.140228707173000400e-01 -5.136988350999979192e-01 -1.192831758245543217e+00 -1.470347690604138169e+00 1.267013353494768069e-01
-2.509739633962364103e+00 -5.530955623085188400e+00 7.476866345382895407e-01 -1.006018316995704875e-01 6.386037080012906264e-01 5.333806040239938984e-01 1.140378467266767171e+00 -6.423648936908761264e-01
-2.908754666260788824e-01 9.522523757230096919e-01 -1.036016850642439424e+00 -1.656025263437961303e-01 -5.181970480870575768e-01 1.172165386071257181e-03 5.730069564698401230e-01 -8.141485138182557035e-01
4.081820167137054867e+00 5.996142712286648191e+00 -1.047345962109582196e+00 4.721072650772990542e-01 -4.708761297093393416e-01 3.135117721362442600e-01 1.476384637689194035e+00 4.221169542503852012e-01
-5.465519061711639814e+00 6.006677099436068090e+00 2.103389576235883407e-01 3.969635054185842726e-01 1.576957114936987717e-02 3.897287389582084760e-01 -1.464564304901641467e+00 2.784590630432830505e-01
-4.426792928747666167e+00 -5.651772643356949288e-01 8.132246510920653204e-01 -2.942009223659936001e-01 4.126307873440840934e-01 1.601100665697714406e-02 -1.923344223341185932e+00 5.399219507064821899e-01
-4.613843420771607029e+00 2.098218894685336622e+00 -3.370621477112356601e-02 7.144479419894695926e-01 -5.826847064226110540e-01 1.244360828414336373e+00 -2.291816838200471551e+00 -5.625869719898393129e-01
9.760367832583440872e-01 -3.554130177859420314e-01 9.797595140236341482e-01 -7.512378111101278844e-01 5.956654602996893644e-01 -8.924509300026378655e-01 -1.140118642273288962e+00 -1.684702631710352227e-01
3.897389752413394248e+00 6.155250315824808638e+00 -1.596514255137222449e-01 7.449977446801292480e-02 -7.035009510653406073e-02 2.987880229630072298e-02 1.370112848480409484e+00 1.292113458781057322e-01
4.256364147947357068e+00 -1.597278282280467643e+00 -9.206735555290104234e-01 -6.785750508473525899e-01 -2.588493069780276046e-01 -4.432405944137314258e-01 1.843401323170984707e+00 9.518684129571530761e-01
5.350868644191580259e+00 3.982051128415609043e-02 8.537298746327246501e-01 -4.620649479104042001e-01 6.622095132312935117e-01 -8.352433958511610301e-01 1.149089009126535554e+00 4.171065392492684931e-01
-4.156030958662822350e+00 3.997138756802568693e+00 4.980342705234854783e-01 3.151399575544906462e-01 3.088767367020042731e-01 4.061796626557351853e-01 -1.578482060392811359e+00 6.350431143505421705e-01
4.298410610401438348e+00 1.459169155941095752e-01 -2.979380740754347112e-01 1.161640695233381981e+00 1.856917046384170822e-01 1.260261090728531874e+00 2.029343190048864987e+00 -3.436873447036803975e-01
-4.734799427920018289e+00 -8.307143736557227598e-01 2.475235010003127289e-01 -1.734463153283933856e-01 8.266291327731344063e-02 -1.136713828552653183e-01 -1.993007450859635377e+00 7.319229542379843689e-01
-6.203716367759573025e+00 -5.703426171593909189e+00 -6.214579761890490772e-01 -8.475208452010902782e-01 9.933686745673424301e-02 -9.346833236780442977e-01 -2.033082337871661149e-01 -5.032848542889745147e-01
5.889532756850304196e+00 2.883623291719963788e+00 -7.636937150938316599e-01 -3.443301318856961668e-01 -1.085006546464806876e+00 -1.419364545297791880e+00 5.588140474798738433e-01 -4.680338547778944980e-02
1.841437884237819844e-01 5.944477859155362864e+00 -5.179589578559177232e-01 1.723539880203284191e-01 -5.341055143786883619e-01 6.351024349066398678e-01 -1.968235222035613075e-01 1.628820470833252654e-01
-4.071334628081671347e+00 -9.715078692100140856e-01 -4.931400409028490195e-01 8.986182828104556375e-01 4.039902785635248739e-01 1.302256254298601812e+00 -1.580964713366221464e+00 8.037705708132512061e-01
-1.301062615113120380e+00 2.540722930761697640e+00 1.140370806162032791e+00 8.154753468411832795e-01 1.246446636729036328e+00 1.768655411855962312e+00 5.071583912267413341e-01 8.551653151173922440e-01
4.139588043216493318e+00 4.760164667031109076e+00 -6.430072382770822825e-01 -4.867517153651654827e-01 -1.845937625024168804e-01 -3.365766998594399428e-01 1.716901241059094696e+00 9.627301163192588662e-01
6.063422958487700853e+00 2.827229225641101351e-01 -6.156151686557889136e-01 -6.617575426900000890e-01 -2.894497080658998620e-02 -6.363905074729755418e-01 4.448666996488757630e-01 -2.878428127953230331e-01
-2.394006977949012516e+00 -3.349494100884858661e+00 1.008566683945508080e+00 -5.378340221909126972e-01 7.913299320805542436e-01 -9.945983985958072315e-01 2.002446061941651312e+00 -8.491125731366033769e-01
4.196877410107987316e+00 -2.512165657668836705e+00 4.154369763324199383e-01 -2.513361198749530789e-01 5.503977347802394560e-01 -7.525749297942128102e-01 1.911194585504064403e+00 4.175683571681571005e-01
-6.082484314533207481e+00 -3.819599519876166749e+00 -6.226506842757695281e-02 1.175697244041150613e+00 4.319534221430398335e-01 1.451346815186558725e+00 8.395802812073416277e-02 -1.109912600580666986e+00
2.983909501039782697e+00 2.708729056638118138e+00 -8.069097253563047856e-01 -3.971298104605548440e-01 -3.955194309364217231e-01 -1.649133027866399662e-02 -3.158333881670308818e-01 -4.176996651543821715e-01
-6.866636299331503324e-01 -4.102310694740050501e+00 1.081029157526984807e-01 -8.281020355571706570e-01 -6.420678457258921501e-01 -1.446208897459635434e+00 1.519224576652362213e+00 -1.070906780454790486e+00
-3.497023519429542482e+00 -2.716612228674184504e+00 -1.466353303833280997e-01 6.769596319802839712e-01 -4.198620054900901177e-01 9.753237444770163078e-01 -9.841022712861158261e-01 7.004165536888502519e-01
6.027035701474343199e+00 -1.783132817676120752e+00 -1.089257422208507853e+00 -1.134260888261174882e+00 -5.202879587337090328e-01 -1.111472744461849960e+00 -7.101559266028568962e-02 1.555272119449454760e+00
4.194420398600719579e+00 2.500758803796363949e+00 1.171505539117682071e+00 -9.465764649645880269e-03 5.896006446645327692e-01 6.279355294988646363e-02 1.700909497007321969e+00 -5.611200385577939098e-01
1.745005218762402777e+00 -1.100368290501831936e+00 -4.456202768741089892e-01 -7.759994800862485276e-01 -1.094556383160890212e+00 -1.822884624482134175e+00 -2.552153611920341181e+00 1.473800028499929082e+00
4.411332968747210259e-01 2.333934297756972143e+00 6.720792847306917839e-01 6.040523181310764045e-02 3.638163940019283338e-01 1.755417821440686810e-01 -7.933465830979559152e-01 -7.832531341211741438e-01
-2.291206072002607286e-01 2.324655045095136430e+00 -9.621844726610795373e-01 6.121987388967975452e-01 -3.462593059178247223e-01 3.240579378089669116e-01 3.920178878450231164e-01 -6.668286634243868471e-01
-2.228507426536372016e+00 2.745036845306833229e+00 9.201133582929610366e-01 -1.192959092890534700e+00 6.352401502943006983e-01 -1.356976093715265952e+00 2.415564141620536454e+00 -1.219020821460271575e+00
-5.341353585750336919e+00 3.992935666093726965e+00 -3.448859513095460239e-01 1.165302844225864165e+00 8.090427299044304910e-01 1.971035529219395066e+00 -1.473172990309658870e+00 6.080649384558209913e-01
-2.092848830212505895e+00 1.531581930889116094e+00 -1.136068034675694838e+00 -1.111357009235644844e+00 -1.744347362856581762e+00 -2.656291930451218253e+00 -4.177125419030032205e-01 1.152076336304369564e+00
4.340972920893266362e+00 -4.444579419541318188e+00 1.320410383307748514e-01 1.166209929235208831e+00 7.876624859781911070e-01 1.798354737665773362e+00 1.018583471071979663e+00 -1.193076297573323341e-01
1.223134412817564964e+00 -7.218166587944283563e-01 -8.653914127295982972e-01 7.291259172950044221e-01 -3.208849890718903919e-01 6.118469840606086674e-01 -1.697594120524792194e+00 4.779997400085219117e-01
-1.734383853088540484e+00 3.459521435349463658e+00 2.471244895621946824e-01 -7.827236439108558042e-01 3.414262890263405903e-01 -9.408462166038289443e-01 2.258002547339774679e+00 2.789601298410901431e-02
3.813843207925481593e+00 1.906003100506085346e+00 -6.526465003096170170e-01 5.898088521084570157e-01 -2.420333305014101821e-01 5.097687566062245601e-01 1.361936062026609218e+00 -1.060781478346574991e+00
4.096924175794846690e+00 -3.650861153876645560e-01 7.440485819169790904e-01 -1.092663240892215892e+00 2.441535792315834008e-01 -1.032169099038735327e+00 1.388860531025252421e+00 6.011795759817459839e-01
-2.680569757546042986e+00 3.118663745361969220e+00 -6.576502796870206113e-01 -2.473537299004161527e-01 -3.606303713618104756e-01 7.186298221987105772e-02 9.017870910767310511e-01 -3.498510405906429810e-02
-4.781731246835168925e+00 -4.557453759837787999e+00 -1.003967925438340014e+00 1.048791055698205854e+00 -1.930980640454369457e+00 2.931410382308606621e+00 -3.254099377360383016e+00 2.708842715403088075e-01
1.265970373532173454e+00 -5.782924751629573201e+00 8.554776334779001790e-01 -1.028953565628090372e+00 1.078985694031166398e+00 -1.806784210563431081e+00 -5.567035657394131531e-01 -1.830749021930874409e+00
-4.659776305099822657e+00 -1.563697343533263506e+00 3.801246827049871158e-01 -1.130435504152823567e+00 -7.475926109582862189e-01 -1.877253931156195543e+00 -1.933379716534755044e+00 9.361219739899313552e-01
-4.034132823301757043e+00 -5.312967597166267097e+00 -6.403817637266848717e-01 -6.935725957952550980e-01 -2.298980925759409044e-01 -6.274007243772228293e-01 -1.695470334079296038e+00 -6.868745354018479521e-01
-9.265038443415782865e-01 5.814139812678737584e+00 -7.898033276117710777e-01 4.398300001394255254e-01 -9.910778643476659822e-01 1.329003219496539323e+00 1.017307144289450349e+00 1.033777778766210353e+00
2.699457390403901869e+00 1.061238599515991865e+00 1.018530794092163960e+00 -6.405329869404300380e-01 4.887979003875603801e-01 -6.076019908490765120e-01 -5.594209552451040457e-01 -1.169280125544071236e+00
-6.866788429290160423e-02 1.807832718914887948e+00 -1.080869231332284297e+00 1.058408924695386499e-01 -5.493892180335061548e-01 -5.950596353847485004e-02 1.684040452628689510e-01 -1.003214346213500585e+00
1.569927287674165228e+00 5.504121185558245699e+00 -7.552024970998191256e-01 9.480594083037441333e-01 -5.949392064321473717e-02 9.062949655057070952e-01 -1.961599088469220709e+00 6.642136263963120957e-01
-4.754641696778673321e+00 -5.094390178342235842e+00 8.732806505703183397e-02 1.098811606434814570e+00 -8.538491601526276842e-01 1.903853479653215608e+00 -1.456482605026393262e+00 -1.469652859752610619e+00
4.868995373149189732e+00 1.386415662187388875e+00 5.120385468185097988e-01 2.381859027836448206e-01 6.624282108898740251e-01 8.624748329043443462e-01 2.166586479945247223e+00 -1.174111944599322666e+00
2.476562192906673232e+00 1.839941325529785843e-01 2.466199696561359733e-01 8.798443939911282374e-01 5.295624101774046855e-01 1.229734558525963140e+00 -1.722996471777701988e+00 3.058725297863729153e-01
2.344875764169117360e+00 4.885137321055898596e+00 -2.875107874762979909e-01 7.830994524621457398e-01 2.713659114078291190e-01 1.006863248545607936e+00 -1.275553356363902102e+00 8.305397034445689552e-01
3.507126184802933366e-01 5.989094617697782397e+00 -2.277991878646513646e-01 2.983343528117887722e-01 -3.425037084670308207e-01 5.720694825178661569e-01 -5.693686994782921618e-01 1.721041298959107291e-01
5.179296783383721348e+00 5.932338917957590496e+00 -1.417619048767000400e-01 5.510928965943309166e-01 -3.705513440709650164e-01 8.214515480761090949e-01 1.577768289693030290e+00 5.518533440535910994e-01
3.304875565486078415e+00 -2.614498807925597745e+00 9.464800050751864813e-01 3.680780996075019296e-01 5.347792883237137973e-01 -1.316985671600341412e-01 3.000550717737146544e-01 5.280853325724421676e-01
-5.242394220185763842e+00 1.139347201864112868e+00 2.019181004359236198e-01 1.132270056639675948e+00 -9.159888505823633453e-01 2.043813866160854698e+00 -1.909818249738309826e+00 -7.241512910957507154e-01
3.699832526177255332e+00 -1.079622995133785679e+00 -5.855741784045597198e-01 -1.053938302895568224e+00 -2.580510563593539919e-01 -1.036644682192489508e+00 1.326294065386127041e+00 6.148741835876279094e-01
-2.249650887876892824e-01 -4.809311550688737391e+00 4.372914440265402991e-01 -4.731791096297938148e-01 1.899837971682463711e-01 -4.489195216474052286e-01 3.615554104007950298e-01 -9.107174323850568687e-01
6.133032042102835035e-01 4.173388134199713662e-01 -7.069157628283101458e-01 7.773475428846656765e-01 -1.415711308363187593e+00 2.165962627640389382e+00 -5.540813267373456696e-01 -1.002391374573620819e+00
1.054568237923967366e+00 -3.670482903090255711e+00 -9.333845928484558740e-01 -4.333570731782304675e-01 -4.639859448203670911e-01 -4.274821656056328467e-01 -1.541044562890089953e+00 -7.029053458296214973e-01
7.936069556251403867e-01 2.334192910163386259e-01 -8.298865026688465596e-01 -4.140203547517963267e-01 -3.736540319126098741e-01 -9.747731968364777011e-02 -1.445127845772467223e+00 -2.119523570174859928e-01
3.320146258920091853e+00 -1.377780437560550020e+00 9.654778788327871286e-01 5.430459843108748075e-01 4.867165418254730258e-01 5.500847717441839091e-01 6.229200796100675674e-01 7.137228336707103216e-01
-2.653327273961559651e+00 -6.497760496792777118e-01 4.960336650904859646e-01 -2.431663615457769767e-01 2.160246476658586878e-01 -1.525713868131363948e-01 9.082685360322546586e-01 6.349289080124437268e-01
5.935379480918872019e-01 -5.776030519763539317e+00 2.898876497321924983e-01 -3.063407972465248541e-02 3.180401693886705239e-01 -3.474883709178260838e-01 -1.109059930552644291e+00 -4.952269196048803002e-01
1.873424449810778825e-01 3.354623238460710866e+00 -4.144209431098502261e-01 -5.362155074272418886e-01 -9.498329027922083334e-01 -1.485735039332169993e+00 -4.087441185873031957e-01 2.476700606005084737e-01
3.597827128369480931e+00 5.213565031107982861e+00 5.391891947742875058e-01 2.116602143312342754e-01 2.746263192394041708e-01 2.239981996700301237e-01 9.425954069328437157e-01 8.155644379552852152e-01
-5.893091636212575146e+00 -3.364498052134714090e+00 -8.603851248905041160e-01 1.198305880252246380e+00 8.996320934899987298e-02 1.271889152059011208e+00 -6.947197781408085415e-01 -2.868943920679017934e-01
-3.139809345643925109e+00 1.866418979473543516e+00 -5.672823461024137925e-01 -1.113931149901770556e+00 -1.276830634399836462e-01 -1.076950414415874580e+00 -1.280479622802107031e-01 -8.250063506303657590e-01
-6.204893611256669494e+00 -4.760470340006666135e+00 1.442711685577386937e-01 1.597458710574271024e-01 6.256557942428607466e-02 1.518602957548919052e-01 -1.469980152408109364e-01 -1.008269774399671137e+00
5.136859108101647919e+00 -4.141216388939927384e+00 -9.588852208745490824e-01 1.122359915816142584e+00 1.482510635996040493e-01 1.269018537486159559e+00 1.795013430761410289e+00 -8.137668945423972566e-01
3.537824442375690381e+00 -5.312363184460789256e+00 -1.048034256151433086e+00 4.206319421958324423e-01 -5.364821031017228403e-01 -2.969919453330808687e-02 7.632301784694035529e-01 -8.166906917732628113e-01
-1.540933710522018885e-01 -4.206453721252296774e+00 1.065999681906831809e+00 -8.399082587038542158e-02 6.246700226858563632e-01 2.990190203553025339e-01 4.545265146826601432e-01 -1.022279568864329358e+00
-6.181683108555517947e-01 -3.373478535945571899e+00 7.939734756703082930e-01 6.966195775041879035e-01 1.260368447604123032e+00 1.864119090545411916e+00 2.739275673724617111e-01 6.553459239649150891e-01
-5.308135105615425786e-01 6.176249252383209765e+00 2.456066078450707124e-01 3.336644325090176721e-01 -5.006035306608088570e-02 3.792944947480786921e-01 1.004660587424593077e+00 1.145419288948787001e-01
8.465833757662837300e-01 -6.244908362642910937e+00 3.626041882337842637e-01 1.050996298116352312e+00 -2.385870350293418651e-01 1.215794106884725778e+00 -1.288285298785659450e+00 -2.480245199932319955e-01
-2.629571859513013088e+00 5.578842535415065029e+00 2.871956413670835317e-01 2.153286906431404191e-01 1.925605576479720860e-01 2.821584573173784860e-01 1.030835238227143513e+00 5.965776704736115432e-01
-5.564314562177133716e+00 4.689157670375125875e-01 -8.761665252951484906e-01 -5.031871721512793938e-01 -3.662093199241374664e-01 -1.483583344201710175e-01 -1.330509680426822605e+00 -4.384802139093798568e-01
1.222288235974092530e+00 2.493519942216318341e+00 3.147381103008086711e-01 9.265777877092344905e-01 2.159066384706725961e-02 9.202062911600633610e-01 -1.860783428659619432e+00 -6.226340500504869979e-01
4.970014231072740429e+00 -4.856434866800401373e+00 1.339167467712834014e-01 -6.209840898594941594e-01 -3.796188144443601309e-01 -9.703886392295655305e-01 2.078015388834253852e+00 -1.133663197527355004e+00
5.542994837235967864e+00 2.292354583788203115e+00 1.018591180910715099e-01 1.121459740271459227e+00 1.202415815639938046e+00 2.316733446471696656e+00 1.652026809254810491e+00 -1.053947024359481510e+00
-3.924569045595513561e+00 1.578832336052123253e+00 -1.192537614844567440e+00 -1.267954549567078537e-01 -7.376794429119725161e-01 3.977429337836332901e-01 -1.204482637803731437e+00 -1.206269590258659985e+00
3.603184530304240241e+00 1.351938237719641833e+00 -4.272627249820742934e-01 3.311425083332186770e-01 -1.364727673525350238e-01 2.452816436972939107e-01 9.167670992621429482e-01 -1.002165213121828158e+00
4.884580692061529561e+00 -5.988744530277758216e+00 -2.597705068449190913e-01 -8.212515316527129183e-01 -1.813069936501391366e-01 -8.433609756468190000e-01 2.122189280849628101e+00 -4.419708174814398483e-01
2.429638526598292714e+00 3.665875558447437399e+00 1.645280173712748706e-02 8.190332010376411009e-01 -1.334326386116775620e-01 8.628461990920662794e-01 -1.415377294242589512e+00 6.093407286267376044e-01
-1.417412669055389429e+00 -1.980404958276241523e+00 5.179470971498849607e-01 -7.396795717792055136e-01 8.899564446836158993e-01 -1.492281791955377024e+00 2.685333556199306582e+00 2.084627417655299242e-01
-5.431082843177017061e+00 3.152979391656208108e+00 -1.197623997213606684e+00 -1.082630025453429568e+00 -1.234346840315848404e+00 -1.905852586614553479e+00 2.475510805667399117e-01 -1.741497257486277483e+00
-6.013386722047136423e+00 -7.169808700138178281e-01 9.017903562686813146e-02 -3.533479782530843938e-01 1.680489994627278882e-01 -4.460067464456705655e-01 -4.705464234597643292e-01 5.945836674827484902e-01
-4.175425353320370903e+00 1.314575375003887103e+00 -3.705199218793057137e-01 -3.034947798995273338e-01 -1.045202520955593878e-01 -2.301655059150953531e-01 -1.735674441119564371e+00 -9.502118213626828958e-01
-1.138065911916545936e+00 2.503143554232504897e+00 3.330544832121371535e-01 -8.715566644336270041e-01 -3.513291577975635183e-01 -1.179941526788260253e+00 1.617042850951797117e+00 -3.973453385617264910e-01
-3.056079495790754219e+00 -5.671144562799295130e+00 -7.751571515106832067e-01 -4.270637099752782051e-01 -9.136455161375640621e-01 -1.216962597805154811e+00 -3.879360491922955179e-01 -1.578495547264779919e-02
-3.893941317659244117e+00 2.811305752706893202e+00 -8.024850435357266942e-01 1.170324703476449235e+00 -1.601386103900685809e+00 2.631183243156002050e+00 -3.092754474567972700e+00 1.401729299599668188e+00
1.586347642674661884e+00 -1.636899746482463058e+00 9.589848580979005721e-01 -3.702769099619185322e-01 5.860429101926232232e-01 2.138133661910479322e-01 -1.989537878316073538e+00 9.875956812857356049e-01
-1.462976740753285654e+00 1.456723901578285130e+00 4.473320656791155425e-01 8.670988310245120179e-01 1.233432861521265522e+00 2.070291384678832447e+00 2.550363740797613854e+00 -1.555478339531479293e+00
4.959334402687938237e+00 -5.471117559230403771e+00 -6.125064905155097605e-02 -5.271889962713635081e-01 -2.005408455788846855e-01 -6.345824547937606308e-01 2.046800987901669089e+00 -8.331850919266372557e-01
2.069316374133896019e+00 1.766014401493420038e+00 3.426926203337479215e-01 -9.318703765412679196e-01 1.131125483304404433e+00 -2.011366183763533044e+00 -1.077068865994538882e+00 -1.660518779981466908e+00
1.979010299973424480e+00 -6.075795522543245397e+00 9.668793889111444440e-01 5.100512952014568668e-02 4.984436769227457709e-01 1.504331902615345107e-01 -1.909138085807316365e+00 -1.324308087392357669e-01
2.770283060543439646e+00 4.575953882075179280e+00 -1.006164642612081606e+00 1.121379884562859752e+00 -3.829686427828504214e-01 1.032255066615481498e+00 -1.110139386272448458e+00 1.375174364964743656e+00
3.234287136929678397e+00 -1.253554555411351856e+00 3.641745881102820270e-01 -2.028487645369876358e-01 1.635582152904833109e-01 -1.664300682590065528e-01 1.585859735739565679e-01 9.766370745462675806e-01
-1.060069818800778663e+00 5.592529942300787482e+00 -5.888858465765733907e-01 -8.615607737413186751e-01 1.898076702653022085e-01 -1.038563815146248404e+00 1.673602551466580213e+00 7.082191669354549468e-01
-2.859207975022050263e+00 -4.751173938445709233e+00 -2.302684363256352063e-01 3.320353061848413390e-02 -1.156560935303875826e-01 -3.306392416396704888e-03 5.569304869638499467e-01 -9.988851069105180169e-01
-2.020359388813331769e+00 -1.741670724405842918e+00 -4.452347515292723878e-01 3.053062492963585228e-01 -6.867871481725339455e-01 9.655950936623769465e-01 1.618842509755769932e+00 1.167868086465605471e+00
3.903911530832351318e+00 1.349956519677292910e+00 4.168472208241185140e-01 1.039696422167390333e+00 9.807105911752933558e-01 1.855895442842178333e+00 3.721457786653628030e-01 3.334118111895212344e-02
-2.046058591467462939e+00 2.347083457737499046e+00 -8.627692388366408061e-01 -4.529324400179340904e-01 -5.284903122795030495e-01 -6.187999869648559415e-01 1.467839845137482557e+00 -4.030141667928524574e-01
1.851525391157693434e-01 -5.778044319940716100e+00 -8.463508850355853097e-01 -1.032172222371765979e+00 1.214139649126891318e-01 -1.147423099307235628e+00 -4.120146779652982816e-01 -4.401090812103905514e-01
3.791451069094929238e+00 2.086056214399098607e+00 8.109715070041552121e-01 -3.120474961703713079e-01 3.880424000804226781e-01 -2.599751237959930794e-01 1.310116300906337017e+00 -9.701336170172851769e-01
-4.712482414030313649e+00 -7.765192457481120414e-01 1.026521873394523832e+00 7.878346826163813432e-01 1.046132435413708928e+00 1.520895242250748458e+00 -3.135096685827843732e+00 1.835897343095259648e+00
1.729261328019678245e+00 1.065154900247427427e+00 1.233906880074115975e-01 -4.991389496296116945e-02 1.179048767342854853e-01 -1.427601956683406392e-01 -1.964566771487499697e+00 -8.852385429260405392e-01
