-4.663049668911513734e+00 4.862692590000024850e+00 1.060002708935415372e+00 1.149626205601974815e+00 2.181610947400893785e+00 3.320127154180619211e+00 -2.727631497746910938e+00 1.718791033109096755e+00
-5.316122073181275276e+00 -2.071173191651958234e-01 3.839293164558297278e-01 -4.153386005419424931e-01 2.941334261419435436e-01 -5.289620605030428413e-01 -1.502936125887104346e+00 6.213180026755298069e-02
-1.919720231115583431e+00 -1.359719771604684269e+00 9.224648717806809284e-01 7.634425200576695492e-01 2.149768009243034628e-01 5.813023791980536092e-01 1.945862861859728898e+00 9.114253870398441038e-01
4.682866246035832347e+00 -3.004562673003345896e+00 2.066590601787474668e-01 1.100477626188155478e+00 1.227759159591184160e-02 1.098442200903293697e+00 1.985828867360296179e+00 1.499011468805190317e-01
3.149069932239491720e+00 -1.110672212489289379e+00 1.398802180061964329e-01 -2.491570560112307264e-01 1.709049313107302570e-02 -2.416825742464028814e-01 1.123991263117730260e-02 8.997118956309041460e-01
2.890146645225621924e+00 -1.189110627833997569e+00 -5.367908334310814711e-01 -4.555308042139124547e-01 -4.886988242714517816e-01 -7.446803959967445152e-01 -2.042214495873351521e-01 6.346499946148945748e-01
3.745366975381628549e+00 2.283811505174870859e+00 2.899371821708296437e-02 6.923241288586592379e-01 -2.338197589286883024e-02 6.948733187124129795e-01 1.151657714978014502e+00 -7.725436988231497715e-01
-2.363168882688312600e+00 -3.482595973472248474e+00 -1.077582458810985910e+00 -7.295981897262262539e-01 -4.195833753030365210e-01 -5.465767393606294489e-01 1.197949147374284484e+00 -1.280659891816268714e-01
-5.260430110020104522e-01 -7.373761528186841829e-01 -7.169597621739229876e-01 -3.457738770816379814e-01 -3.629102877364226432e-01 9.062433048938219743e-03 1.004920429497541345e+00 6.716580831640142080e-01
-3.943414989485725108e+00 -3.501035510362544567e+00 -7.924331923878846773e-01 -7.855279532278816035e-01 -6.974247974636316183e-02 -7.224991922301713387e-01 -1.415678032340091042e+00 -3.733237831221430381e-01
1.021305038435809998e+00 -4.427313597038175175e+00 -2.584345438428974351e-01 6.795630493764148738e-02 -1.962876663648270292e-01 1.997632460692792822e-01 -1.734636233778729997e+00 -9.305848391915934048e-01
2.287169166986444679e-01 1.418325449707504404e+00 -1.979059176075441684e-01 1.600064144712829428e-01 -1.382854580236025088e-01 2.114518227005579287e-01 -4.805979956068460734e-01 -9.612569033606751523e-01
-6.644420883848143333e-01 1.728915129596110489e+00 3.321362538646766005e-01 7.174875936196318804e-01 5.865013605805506902e-01 1.147328883458959226e+00 1.691052002294153311e+00 -1.445337234203396992e+00
5.271373990595645154e+00 6.031384473747463559e+00 -2.678301187941473094e-01 -1.121337836895927920e+00 3.695505517146255858e-01 -1.389198715633888082e+00 1.341905838053695010e+00 6.028302151038812395e-01
-2.886144662546531681e+00 2.863727056695058337e+00 4.658097001991516883e-01 -2.366682081006707961e-01 5.320877655486786484e-01 -6.948634598724828804e-01 6.933238020611256491e-01 -4.622697673837863341e-01
-5.062974688436875148e+00 5.125515883208485945e+00 -9.113343720492728117e-01 1.063349425446669771e+00 -9.693796149426286979e-02 9.933337217772646444e-01 -1.811747311998993304e+00 8.492738131845137817e-01
-2.279929784448087915e+00 2.266328176949791384e+00 -1.407020560020333377e-01 1.173812249351497750e+00 2.707459389062563324e-02 1.178289517642123307e+00 1.486390379622715363e+00 -7.362505181876515259e-01
2.595894318578640281e+00 -3.547953347314400929e+00 -9.906506732759368106e-02 -1.188510275421186702e+00 1.057527078526361519e+00 -2.235788019977471563e+00 -1.366416053473973102e+00 -6.688321736103713944e-02
-2.720382404872440762e+00 -1.029069995076631550e+00 -3.458660288619165302e-01 -6.969534506947306918e-01 -2.163923379807184411e-01 -7.229691249615755044e-01 9.730406781146062611e-01 7.015095941095358389e-01
5.942881569818020182e+00 -1.791654668532219219e+00 -1.165796363639289845e+00 8.263848335587733462e-01 -6.366549246899436687e-01 9.022496357745917184e-01 1.237875701441079501e+00 4.053809259581864777e-01
4.033719890969331701e+00 -6.736276420374256446e-01 -3.498604276145692582e-01 -4.673591762465062471e-01 -1.761105301742464380e-01 -4.682470244561149353e-01 1.639279978038987728e+00 5.413631354269320406e-01
-5.671325002628253564e+00 3.182309197219932884e+00 1.158177332834190443e+00 5.340002100238128158e-01 1.243901729210860285e+00 1.580473855377186654e+00 -8.599826513745589818e-02 -1.022078966308877179e+00
-3.256841604158142722e+00 -3.563103143985592691e+00 -4.987743235979471557e-01 5.969335353807316835e-01 -9.789448865004782840e-01 1.530325533711234698e+00 2.216848661299523626e-01 -8.608120476336347249e-01
-4.436599300541655744e+00 -5.484545018646885595e+00 -2.378890472832353442e-01 2.632475163530911821e-01 -2.109746081482254676e-01 3.685980938118144645e-01 -1.857045527584268552e+00 -7.837835052289203741e-01
-5.023697095689596992e+00 -5.396155197496890210e-01 -4.820312530948412943e-01 8.464536137814462347e-01 -1.490444458390499660e-01 8.127205074138933449e-01 -1.785879185001550296e+00 3.958179599568619755e-01
-6.372199358330092878e-01 -2.460827653938264969e+00 -2.921572389476815301e-01 5.557437598098191600e-02 -1.436210109767872278e-01 1.965088769152594644e-02 1.192659086200037688e+00 6.266551141709628681e-01
2.955535248274317794e+00 -5.066710954605063932e+00 1.170934006400462524e+00 4.152243212036159647e-01 6.290576767221395249e-01 5.205736675873169350e-01 -6.928175389111967952e-01 -6.150359946209356110e-01
-4.235439596227760006e+00 4.021520534049290774e+00 5.017219435573070374e-01 -6.551573476894611003e-01 1.325934612131965673e-01 -6.031594975752432308e-01 -1.850367778239923044e+00 8.442616957566726477e-01
-2.427695888066221386e+00 -1.771917590758741667e+00 6.597114704337645463e-01 -9.995265874672391027e-01 1.058376684103406795e+00 -1.838367985989048048e+00 1.231348774091871601e-01 2.166276269601375759e+00
1.438405923852242196e+00 1.976927810860471979e+00 -2.189428092723904040e-01 2.618253550645042171e-01 -3.513062148012660035e-01 5.634103915969751464e-01 -2.084010039068525000e+00 -8.171443104401264756e-01
3.446122176373439316e+00 1.115134827060323630e+00 -6.413455867653309328e-01 -6.506217606614543847e-01 -7.144410393150072425e-01 -1.142914426438406572e+00 7.935026046152537926e-03 -3.062163960466467993e-01
4.985847759630333442e+00 -5.730573730438305091e+00 5.041399320376527271e-01 7.711283464754496997e-01 3.724475070475827820e-01 8.737530319859014849e-01 2.238514737380127517e+00 -8.377414781757352991e-01
-6.047065711126499821e+00 2.469071043404564847e+00 5.163438048608639530e-01 2.182241412805661085e-01 4.010557174261302205e-01 4.648003974416760054e-01 -3.208468504078337835e-01 -7.699769780945796560e-01
-4.580768007526780039e+00 -1.503752433291788648e+00 -4.402794959349921600e-01 -9.771570886368768916e-01 -1.409529968266312938e+00 -2.383749067758594187e+00 -1.765874915272089174e+00 7.809273997709338389e-01
-3.769954853747511603e+00 -4.903593119469630501e+00 4.037237509026503357e-01 -4.611021648959440222e-01 3.289498313108737415e-01 -6.003685034832932921e-01 -9.967224047549348986e-01 -1.160694868213224540e+00
-2.556549372374851359e+00 -4.882084529124099959e+00 -4.284649659499073504e-01 -2.985874500924978747e-01 -4.135699522463905375e-01 -5.819235802726235862e-01 9.291575867224235452e-01 -8.103228839634294411e-01
-8.059451184917563182e-01 4.518626056270223401e+00 2.174049097150410059e-01 -1.093795268843352986e+00 5.066317782475184828e-01 -1.384933614548925274e+00 2.017199440426291623e+00 4.070579687057070961e-01
1.141940796594720808e+00 1.969928868000328848e+00 3.215559672177197292e-01 6.505856323564511712e-01 -7.680425760294226634e-02 7.025328877095942115e-01 -1.858628100917470105e+00 -8.816548515224587046e-01
2.084247141019320182e+00 -2.377054952637743135e+00 9.106986996456578609e-02 -4.680859609014667022e-01 -1.301641816541714881e-02 -4.713199799506960774e-01 -1.736166885624940592e+00 6.862609045503291760e-01
-9.593820861349424689e-01 -3.708038309183052217e+00 1.189956703103123958e+00 -3.756513930114335764e-03 1.034773673755453816e+00 9.521556891626453689e-01 1.260413174739685171e+00 -1.593753631089078748e-01
2.816973601405642569e+00 5.214676493912179467e+00 -7.964589167452311713e-01 2.963794957343535152e-02 -5.311136593323044774e-01 -3.611768104184209238e-01 -5.079995700590841379e-01 7.465876299866812671e-01
4.130024593279175704e+00 -2.628370684314717654e+00 4.269479270844509511e-01 5.328588742408313372e-01 -3.875570769683790023e-02 5.673203206418725442e-01 1.680388704915240838e+00 4.809271038768402895e-01
3.625969846753848813e+00 3.987800885058168987e+00 -1.019334528401437234e+00 8.765075109855102742e-01 -1.634299225044366421e+00 2.404986233064960288e+00 -4.600208931587725925e-01 2.140107975127958362e+00
1.964495559211245634e+00 5.681792704790270321e+00 -1.097025143033860450e+00 9.969783572443213782e-01 -2.011345682487974129e-01 8.282648778337096118e-01 -1.756295285579852150e+00 4.750939166622988874e-01
-3.950415231684452522e+00 -2.798024671670973795e+00 1.132231382673482445e+00 -5.439630323043103122e-01 7.374971131983288908e-01 -8.436112502335066932e-01 -2.015441608894435355e+00 9.053406188703740920e-01
-4.213577498607545380e+00 4.387781397015499962e-01 3.671994262685833732e-01 -5.873651589791385463e-01 1.662788295202767275e-01 -5.773888800689827017e-01 -1.660468902433812843e+00 -5.206682606576431560e-01
4.800873950981221938e+00 -8.409735770517761111e-01 -9.573420226476208050e-01 7.816339704466788163e-01 -1.166237349979633020e+00 1.716135439557010312e+00 7.947893632698050936e-01 1.942678747368190351e+00
5.077371585847187063e+00 2.859439825254375123e+00 -4.367312856950724687e-01 1.186045999195579626e-01 -2.231729368988704110e-01 -1.594714285852386060e-02 1.865420542876821131e+00 -2.755845968314252215e-01
-1.649648157811076210e+00 4.854447604099979330e+00 5.898496194870239684e-02 -2.120964971797519860e-01 2.537442165123731663e-01 -4.596743122507022106e-01 1.968227747231407587e+00 1.015484493821196654e+00
-5.973063259923010015e+00 -8.421453008861261580e-01 -7.113097630146432149e-01 2.429466184188484590e-01 -4.414847213822137850e-01 4.223734433688857703e-01 -4.399730688237489806e-01 5.756966550058182364e-01
-2.948202606878399301e+00 -3.688361820988905748e-01 -1.481857272679114601e-01 -3.681412545379877388e-01 -3.579440787792397827e-01 -6.709871696602889291e-01 5.124045013637578139e-01 2.324993139053908586e-01
-3.199810011557497447e+00 4.503003572152453060e+00 -5.488653569796810849e-01 -4.285873793384046282e-01 -2.449389487227647821e-01 -3.917012969072198314e-01 -2.152019898811716181e-02 8.833100909189859351e-01
-1.235104140795064254e+00 5.701056940033119247e+00 9.143953458867148942e-01 -8.509196623227216483e-01 1.161521981012993976e+00 -1.773492619746696031e+00 6.368364669503504549e-01 1.801331554842870553e+00
2.012800034746033973e+00 4.374986708970320493e+00 -6.466289047348319219e-01 1.324653175760865942e-01 -3.697451484464236993e-01 -1.305459333365584507e-01 -1.773866767064751659e+00 9.096917810677408456e-01
1.833359495248821247e+00 -1.989280157561491791e+00 -8.895461735071208409e-01 4.842858310460496085e-01 -3.675852351784615335e-01 1.987037351706641142e-01 -1.977442559736337202e+00 9.596929570013890132e-01
5.773409633506014771e+00 5.319411377808023644e+00 -1.111940597113408868e+00 -9.167512530194898979e-01 -2.415890310375195249e-01 -6.996349960388619227e-01 9.018352999472615261e-01 8.954777635222123111e-01
3.502189633911475752e+00 2.931597722126996430e+00 6.398185214547797983e-01 8.882394967066125080e-01 -8.338153879384886669e-02 9.584118499535242419e-01 7.488296581287099407e-01 -2.516188358739518405e-01
-1.165641817767911093e+00 -3.983121124137045665e+00 -1.093029333629606192e+00 4.745481642839024516e-01 -5.839625192081346894e-01 -7.900945284113021494e-02 1.823389339302496914e+00 -7.309687728413677421e-01
-2.854804169599198360e+00 2.981730571536999719e+00 1.158150766610110960e-01 5.477827901723464343e-02 5.596816040717164653e-02 4.300654638103525856e-03 5.656427108812569493e-01 -1.590780791865117894e-01
-3.364845007351741302e+00 -1.218611193743684318e+00 9.918806312808807757e-01 1.128900786809319934e+00 9.427096925884620449e-01 1.641925168337183161e+00 8.557779198356584294e-01 -3.599615804482203529e-01
-5.022854458296198921e+00 -4.196566804537535944e+00 1.159176263898815007e+00 1.466902258314595198e-01 6.877902414383969543e-01 -3.193637049223383984e-01 -2.065921995684362411e+00 -7.083484195812494999e-01
4.179824252846294996e+00 -1.181963641272615995e+00 -4.398464002717049626e-01 -2.053043164663688191e-01 -1.931663571433398230e-01 -8.849511719733255122e-02 1.736630052719536632e+00 9.117375342430718010e-01
-2.974178730046641128e+00 4.754769007224910027e+00 -2.359483559904270722e-01 -5.508543817281041921e-01 -8.428148344685583437e-02 -5.403437756818928461e-01 3.784514338956759816e-01 9.539166444058656547e-01
2.183923014452595623e-01 -2.925362714034810185e+00 8.678183134213524053e-01 -1.022101157008742156e+00 -1.542797326320253515e-01 -1.176380528949631188e+00 -4.329283352466481438e-01 2.141564381662644512e-01
1.683864731330286801e+00 5.306759506974463747e+00 -7.353041030340083939e-01 -8.172741783812188521e-01 -1.202108951145571369e+00 -1.882814991426136508e+00 -3.035009698050274984e+00 1.876281707849168923e+00
-5.414670448451612828e-01 -6.675637592120260422e-01 -3.723441921054045922e-01 5.253093966514186253e-01 -8.795712592819490139e-01 1.397897157417935965e+00 1.185419160532452665e+00 4.644428772905266900e-01
4.495275324084746060e+00 -6.488120330914419753e-01 1.176884453134990904e+00 1.886639522810404923e-01 6.016367583631836435e-01 -6.306927035369097601e-02 1.918582937182332859e+00 6.387038586588449363e-01
-5.960698081134536253e+00 -5.260664771247216542e+00 6.757961464358581694e-01 -5.567672657073563514e-02 5.076705697539138917e-01 -4.439537013352212180e-01 -7.790540564016725789e-01 -7.082235165470526228e-01
2.419423315889083881e+00 -3.243358839938642380e+00 4.409434734625110597e-01 -7.122892239350164800e-02 3.728734915559872021e-01 -3.746152557796680882e-01 -1.403235277892450394e+00 -2.038342423163223838e-02
1.752663331583647732e+00 1.755586139658406708e+00 -7.981540332971057694e-01 1.120912300750375179e+00 -1.919045152196385162e+00 3.039949255936375661e+00 -1.984066511558891799e+00 -9.659238389868605168e-01
4.471156666333282459e+00 4.639881157957033153e-01 8.804661927824997125e-01 6.476916352057326964e-01 8.230615031207044741e-01 1.181201497200877526e+00 2.682389610765767429e+00 -1.187819112662364951e+00
-2.092206889390706870e+00 -1.324666939086567297e-01 -1.718915685459450060e-01 2.446648754714695340e-01 -4.262036315898346667e-02 2.285027488334197832e-01 1.725223397421028260e+00 1.410911000751562949e-01
1.129842084799808966e+00 4.307461094525031342e+00 7.594104749144536814e-01 -6.785304663892047783e-01 8.121492955699383121e-02 -5.973682354930301974e-01 -1.806942155562093699e+00 9.173833605954244685e-01
3.964989244303732008e+00 -1.238692921244236800e+00 -7.195442682997050809e-01 -7.532876008007942659e-01 -2.048840744667078384e-01 -6.566301551961327698e-01 1.585538631796737485e+00 8.267376934175967307e-01
-1.072389689589503980e+00 1.849727706026012441e+00 -5.853268919519568625e-01 -3.837582093021333352e-01 -9.164393837560793621e-01 -1.278213888612174554e+00 2.011726178661060072e+00 -1.216385694806780160e+00
-2.829650474662135373e+00 -3.037769820170703738e-01 6.526340817815037276e-01 -5.568271619893917501e-01 1.485225510565262586e-01 -4.355795432586175853e-01 5.764519337684642641e-01 3.364897694160251529e-01
4.615494791768968597e+00 -9.598939449471455276e-02 -9.306000177902735704e-01 -1.991286211392155892e-01 -4.653902845820959144e-01 -1.995497034752257426e-01 2.083487314491600184e+00 2.973599979685549212e-03
4.596679235730869451e-01 3.154431071757032967e+00 -9.202593301689634409e-01 9.378344314802238291e-01 -6.277815802099533105e-02 8.812197306691798016e-01 -9.112058748295744914e-01 3.674289115541540252e-02
-3.359908300376878820e+00 -2.505622733656673873e-01 4.116664722378196029e-01 1.060181143837239715e+00 1.469768650043052682e+00 2.529185694359470382e+00 -3.133209296553989831e-01 1.280985268406412692e-01
2.480963133272828358e+00 1.439197521426563320e+00 -7.224217441788383098e-01 -9.370327390999455552e-01 -1.429593864426837169e-01 -8.648815945379424441e-01 -1.333968633538514137e+00 -8.846128264225270321e-01
9.079442257618781653e-01 6.274112311219768756e+00 -7.226127967995368273e-01 -1.156631565972463527e-01 -4.001385557017032024e-01 1.276973362232509679e-01 -1.535920653088774346e+00 -3.148717458187424989e-02
-2.382824816326356121e+00 -2.669794523400604191e+00 6.493057478792767512e-01 6.461930856786131105e-01 2.734715048400529827e-02 6.199642697422445003e-01 1.371256758879566995e+00 4.592875622285501613e-01
3.767346194174027829e+00 -4.058865055118127785e+00 7.038760146169156240e-01 8.095833025951140183e-01 3.408296213847523681e-01 8.001195494062770530e-01 8.988171049860480544e-01 -5.213469326049198216e-01
-2.603826994425694430e+00 8.624247986254207632e-02 4.013152962880197627e-01 5.429838751347049186e-01 7.475562960406046953e-01 1.215622716234408651e+00 1.420955887765928960e+00 -4.826549061030501742e-01
5.108927078519146292e+00 -2.656908271158448187e+00 7.763321257620889870e-01 2.389952312975878179e-01 3.791154358037493455e-01 2.056208720220578656e-01 1.767155799968635810e+00 5.435805174110753812e-01
-3.032465450617610525e+00 4.725292731919209288e+00 -6.963348627116593414e-01 1.159686571896283214e+00 -4.057485065674873437e-01 1.198668872690075604e+00 -2.662867839681178905e-01 1.484025006133625979e+00
-5.722570595660948278e+00 2.644665071859884975e+00 -5.328241324908817855e-01 -6.599961727748110407e-01 -4.871735826813345382e-01 -8.992055132362010150e-01 -6.817892822346373061e-01 -8.583515270958085308e-01
-3.148880632615539188e+00 -2.232622606648139829e+00 3.544104968444727888e-02 2.798842645249777217e-01 -8.282370035029901212e-02 3.303067559213213045e-01 -3.627911368714803464e-02 8.105744764040313521e-01
-1.651414543807210755e+00 -1.152299638061630382e+00 7.725693801788855453e-01 8.996216686544131758e-01 -1.407882076548792362e-02 9.119829655714799532e-01 1.987358544330338983e+00 9.198465772641460925e-01
1.109825580505052756e+00 1.336022386861390743e-02 1.116227935723126619e+00 -8.293789808289593335e-01 8.345726309510789198e-01 -1.210564506398704721e+00 -8.924773058086384880e-01 -9.121247494441482306e-01
-3.897486085847319703e+00 2.626817064206342422e+00 1.119780256617993297e+00 -3.959841987849577194e-02 1.095753468824472998e+00 -1.103653553052576397e+00 -1.660652471990335499e+00 -2.035651744266807062e-01
-4.006775184846064874e+00 -4.935935346282763092e+00 1.862162161040368247e-01 -1.100033559638444736e-01 1.535239537595846082e-01 -2.018885173731225224e-01 -1.497596878465809578e+00 -9.999478097039558033e-01
5.804863733079393739e+00 2.207774942218724945e+00 -1.148739160947964022e+00 3.066137187911506246e-01 -7.317746163958805949e-01 -3.505512681550169707e-01 1.033426709142027500e+00 -9.167436192134590378e-01
2.175052419489720279e-01 2.747340247106469846e+00 1.050391425514948684e+00 1.059454300041463570e+00 1.442067542652712975e+00 2.239988260728138947e+00 1.423546820306670124e+00 -2.239253512352417985e+00
-7.843022343487078274e-01 2.214728350293226455e+00 -6.850243354976304211e-02 -8.677515807255565816e-01 -9.090992236242525504e-01 -1.767628199580809190e+00 1.640977656282825103e+00 -1.028056197511515224e+00
-3.249429454090185576e+00 -5.417966003829151056e+00 -5.482773709805246476e-01 -8.364335812651372271e-01 -6.053657931234415202e-01 -1.177118895913408902e+00 -8.042874298137163702e-01 -1.722059051258359452e-01
3.631042704871649818e-01 2.643170546739046500e+00 -3.600171752875945819e-01 2.070655716494831378e-01 -1.428827269007903467e-01 1.140089157223774380e-01 -7.227170076601432402e-01 -4.656788194916327006e-01
3.559228922601226586e+00 -4.519068465162435544e+00 9.148518033826558149e-01 1.264475306597132587e-01 4.834497164375187173e-01 2.339857523814886653e-01 7.009157492237958476e-01 -8.710854243174880329e-01
-4.626964522025678761e+00 1.347735381987044789e+00 5.294980963743456392e-02 8.288748448026310722e-01 -6.746102663708078984e-01 1.471639808539477956e+00 -1.691282310452863813e+00 -1.276649677744237099e+00
5.689947772599243336e+00 3.063657415044049870e-01 -3.267725397800692599e-01 9.291157042353781481e-01 -5.607491889974661747e-01 1.277857223332567571e+00 5.569746608556240819e-01 2.595263392555453574e-01
-8.947793404148196572e-01 5.041152512838163346e+00 3.769048245994155444e-01 -1.177717318785775014e+00 1.330260755724972821e+00 -2.428576078014000661e+00 2.659581938708886817e+00 -1.529975788646177337e-01
-1.508882372953379125e+00 -4.109814491152904203e+00 7.447249957037573864e-01 -3.660967965219660281e-01 3.406108472808873078e-01 -7.406765271936283090e-02 2.009152926106500647e+00 -8.368642547927898079e-01
3.957985510866441459e+00 4.443544578971719616e+00 -1.160993307174312816e+00 -4.848713660233681111e-01 -6.012146822527707490e-01 4.685141735669384744e-02 1.444214443603846654e+00 9.772244619729170134e-01
