-3.095352824780222001e+00 -4.925878688010152828e+00 -6.806922124988679101e-02 2.882425283003378080e-01 3.080067291236456960e-03 2.890335486231960793e-01 9.158632211274379820e-02 -9.764371132775229167e-01
6.301711604281958756e-01 5.732853195563571091e+00 7.055934985648217861e-01 5.153073671322978555e-01 2.746475003785238678e-01 4.108151308020048798e-01 -1.282910414730156434e+00 6.273146448343134285e-01
7.297380358339733419e-02 2.148804533154265783e+00 -6.789980349666872028e-01 -9.229422502984745424e-01 -6.373811477770916500e-01 -1.231331182279318259e+00 5.410296320717464802e-01 -1.524400281502063415e+00
3.260799006606470485e+00 5.730483928980929065e+00 -9.737269034403863710e-01 6.975873600424598031e-01 -3.083069599557945462e-01 4.562953679626055026e-01 1.502785478463579405e-01 6.125582224835088851e-01
-3.901143322501069211e+00 -4.731907522690196544e+00 -2.409194711781847964e-02 8.317163744748226062e-01 -3.785197249383545071e-01 1.086956629368619698e+00 -1.073368821112019145e+00 -1.303632066631734254e+00
-5.190971443704663457e+00 2.581275376959590417e+00 -1.183826987200004455e+00 8.399595484443429516e-01 -6.282962764759287833e-01 8.912560676777830926e-01 -2.333400678727274968e+00 2.664845267759713421e-02
2.971949967356209754e+00 2.064278444279084468e+00 -6.062037550381393913e-02 -1.628373481110001464e-02 -3.121195285341196030e-02 2.929794823564894554e-03 -3.375882855492004508e-01 -8.807608030772289265e-01
2.947053336235232024e+00 1.857884907486184289e+00 1.161026829994495246e+00 -7.715205982551742725e-01 8.504488302291164370e-01 -1.165467631801657022e+00 4.917878935031469445e-01 -1.837489359023562141e+00
-1.499923358280580210e+00 2.682263927521542968e+00 2.671605004107373560e-01 -7.678169377288179831e-01 -6.944501787551578265e-02 -8.029357939971879521e-01 1.946874783118002217e+00 -3.952421689148376549e-01
5.120351759264089253e+00 -4.378272614361860882e+00 -6.141041463551391022e-01 -8.466587974536805561e-01 -1.450559496749870503e+00 -2.293264928513892631e+00 2.081290105682227054e+00 -1.190128609288351180e+00
5.576923936654596403e+00 6.164133937022981513e+00 -1.125667382209282863e+00 1.095034187268434822e+00 -1.558785751416219334e+00 2.392707254359200952e+00 -7.684269712940657859e-01 2.185185293188840916e+00
-2.771467747401985093e+00 4.387199419326464067e+00 -2.065520495823365277e-01 7.773351526748331075e-01 -4.432153741005387948e-01 1.061270859593820726e+00 3.622878879110411621e-01 1.308766058163248314e+00
-1.916983039613961992e+00 5.695513530213291986e-01 9.492859432600091463e-01 -5.004548487823895497e-01 4.028928769439463764e-01 -1.809557867656984564e-01 1.836932286530583269e+00 -4.948396692062491109e-01
-1.136108104165499455e+00 -1.788632652733740613e+00 4.889441342685891811e-01 6.812587847332254309e-01 -3.825013334703027124e-02 7.116505597967214269e-01 1.830531038290906132e+00 9.598390730179227059e-01
-8.133418988104423875e-01 -1.505411805637563383e+00 -5.493081904610896959e-01 -7.176093977521773581e-01 2.272940196389777474e-03 -7.193593953038825983e-01 1.454218104148415902e+00 9.968198085802271180e-01
-5.219296126288396565e+00 7.914129080454115339e-01 7.452665112400491676e-01 -3.721497419623279734e-01 1.029151381632267270e+00 -1.363333096909065789e+00 -1.370908495207027400e+00 -1.088938920573300662e+00
2.097676242996017848e+00 2.237850903171592520e+00 6.742183317736945014e-01 8.954167821037015695e-01 -2.083487635690434991e-01 1.101721979427786602e+00 -1.760831111645660307e+00 -7.535765676916001965e-01
-2.929192127701579995e+00 -4.417919568021829058e+00 5.283097831880256834e-02 1.153818909309104024e+00 -2.094808424996691051e-02 1.155536166034289991e+00 4.457389674247658751e-01 -9.810810670393286248e-01
-1.122082573649212378e-01 4.885782360793179180e+00 -1.011458557631603306e+00 -7.442709227389564530e-01 -4.174533519311189322e-01 -6.266597990328931500e-01 -2.705849109330965563e-02 1.236009369053236773e+00
-8.075810591555905305e-01 4.867417711461401453e+00 -5.179397513904770989e-02 7.369195173001810151e-01 -4.949758207865148085e-01 1.143139017901817489e+00 1.768536227582183429e+00 6.647052694266262218e-01
1.202452342470878399e+00 9.220286004388196233e-01 1.577136943921284562e-01 8.139291660442353749e-01 -5.799956501790752839e-01 1.371269170281127270e+00 -1.645731964803302638e+00 -1.016946799898587717e+00
3.572461909140022485e+00 2.246090150475346547e+00 6.152775025154761934e-01 6.112487932951173875e-01 2.407271039800909507e-01 5.529933067450355511e-01 7.061578341538111703e-01 -6.513596052438312967e-01
-3.408076087544243293e+00 -1.053976003735983547e+00 -5.994830722494298714e-01 -4.183622714477298610e-01 -5.956281052089927863e-01 -8.386519138729719991e-01 -1.727249879477197880e-01 5.154384354400927126e-01
-4.830152789048730355e+00 1.763740174604841116e+00 1.014664834136698834e+00 -2.671599750323820910e-01 1.160552899933163795e+00 -1.372142648197446135e+00 -2.473009606437977403e+00 -4.945821079730552405e-01
-4.009114109521413560e+00 4.430587211230802680e+00 6.827354470091173688e-01 2.034603715536098534e-02 4.095711765130200521e-01 2.467566766963972258e-01 -1.441238275380083866e+00 8.763375050180398640e-01
6.081692548919852115e+00 -4.003360514904489520e+00 -1.105945632830550140e+00 4.231587243009875543e-01 -5.607737314642563531e-01 -1.975356453681461483e-02 4.070582970220941732e-01 -7.657888712601106374e-01
-1.017448328965192772e+00 2.508679640531314092e+00 2.231980991619519905e-02 -5.325662091029770284e-01 -4.132074949321793977e-01 -9.155983378924802407e-01 1.559616459059113724e+00 -4.495729254942915087e-01
-2.867728491181014139e+00 -4.188419654423730876e+00 -4.272349196933119542e-01 -8.130502877404629514e-01 -1.165706159292376615e-01 -7.841983781082806360e-01 4.523369526208276259e-01 -7.772698151563395275e-01
2.552605355580052304e+00 -2.301603235705413475e+00 -8.408573626708208959e-01 5.930661391182923126e-01 -4.670070649105350635e-01 6.590751081499300890e-01 -1.415741114072105233e+00 1.049338685862785558e+00
1.903822604292018994e+00 -6.114657438541948764e+00 -7.968233122333050478e-01 -8.049567016184180357e-01 -4.706308604830957698e-01 -8.820260496451726162e-01 -2.299619706021741372e+00 2.417737123846747938e-01
5.498686694239715678e+00 6.275193593538594072e+00 -7.131858724895989710e-02 5.593626673678109285e-02 -7.458984747403928084e-02 1.091461145674145206e-01 1.407235552946418222e+00 1.369690952949797862e-02
4.906637909707720624e+00 -3.015357983509288076e+00 1.346951170951320442e-01 1.815694694974629986e-01 7.368763014441769010e-02 1.865774159161014967e-01 1.948669190250073457e+00 1.396163349508554863e-01
-4.294891332628736791e+00 -4.571969197392233397e+00 -1.118243249228346725e+00 9.126175460369194692e-01 -1.857091078183783717e+00 2.698877095342669730e+00 -4.571830642393739375e-01 -2.361187148419293003e+00
-7.371344488302868925e-01 2.159561835503167160e+00 1.151755173109267671e+00 -1.069190010761869258e+00 1.081118328488799851e-01 -9.643039694765278558e-01 1.319061390239887110e+00 -8.063502055087091724e-01
4.827972747958373390e+00 -4.170397272784448717e+00 5.268723940777106929e-01 6.279012336062839150e-01 9.380754467452392387e-01 1.481978878837691971e+00 1.411660976196777773e+00 -2.816886891434458029e-01
3.333146823815130944e+00 -5.721231989882401336e+00 -2.001174419396026805e-01 -8.713793799992911593e-01 -8.951115112149525821e-01 -1.705787054423330895e+00 -1.719380428308853737e-01 1.986763728812446228e-02
-1.832861222995995298e+00 2.320475494875260836e+00 5.710646752084569400e-02 8.028331095769949410e-01 2.809781838536067333e-01 9.518591571834311704e-01 1.704979823571084019e+00 -5.051731990305499131e-01
2.868518385400635751e+00 2.632377666200715893e+00 1.138211944005810716e+00 3.028267785626801434e-01 8.000021602785817310e-01 -4.749738019150677171e-01 -4.504889509438558259e-01 -5.763891536964469431e-01
4.212237937989897318e+00 5.826137342207280412e+00 -1.201331956694231540e-01 -5.487793018064787143e-01 -7.195677632080131614e-02 -5.518799000117035058e-01 1.794694891323641794e+00 4.016263833278992945e-01
2.484733691030923453e+00 -5.467635892573700751e+00 -4.115701993715200624e-01 8.934075784948247723e-02 -2.023735103948393343e-01 6.946175144870279927e-02 -1.207275637592486461e+00 -7.420915499425060347e-01
5.113697459119087796e+00 1.870809100332502695e+00 -6.853191846155405331e-01 -1.079457459904972216e+00 -1.741435791823849666e+00 -2.811966609029719066e+00 2.336284290591552182e+00 -1.450515684707158304e+00
-1.965125634458130044e+00 4.784773339065589326e+00 1.100411493411910024e+00 7.617432359836664446e-01 3.493969484956731542e-01 4.497136599444452321e-01 1.917209499696932884e+00 9.266807855631939983e-01
2.947054932006301087e+00 1.610810201037256029e+00 6.461294822072940480e-01 4.680081574638319530e-01 2.761381006093339696e-01 4.038317623262563938e-01 -4.950859445073241827e-01 -8.907396014583564003e-01
-2.121523763310301014e+00 2.769562430840379008e+00 -7.444462852678590536e-01 5.295977342508322305e-01 -4.260204235120853000e-01 6.053218777985933663e-01 1.958061183882490397e+00 -6.172805519723121304e-01
5.704579011311896153e+00 -1.701117719475955248e+00 -1.115022663653502111e+00 -6.860571240260201487e-01 -4.512170252229544820e-01 -4.904903967666507381e-01 8.942656278343650289e-01 1.190969798153131309e+00
-4.794755051322626471e+00 9.240041987999507711e-01 1.182784698636601961e+00 4.790000433647232381e-01 6.049674564167407675e-01 -3.213439515340608260e-02 -1.982820465763450057e+00 -8.084202588651057120e-01
3.210101720182390039e-02 3.393115521798346634e-01 1.037035241422870735e+00 -9.598790484241893628e-01 1.788428317902952314e+00 -2.664574608392359600e+00 -1.505252711612259375e+00 1.108223727307854567e+00
2.819855941364252772e+00 1.342426219469859738e+00 2.842987247392825267e-01 -1.007210538788424703e+00 1.899264139853098221e-01 -1.024917570735670358e+00 -4.386181856124714562e-01 -1.167847763127561000e+00
4.536639638576904332e+00 4.554946459962703642e+00 1.126498168359819418e+00 9.295300734486973138e-01 1.970578172581443910e-01 7.325052762181348820e-01 1.971833958726598279e+00 9.849891405710754499e-01
-1.341501175641218069e+00 4.131482582919170810e+00 -1.789859336988319782e-01 9.478467486422432753e-01 -5.459011720715086780e-01 1.324165053536805692e+00 2.471314713710673683e+00 3.123045508086055855e-01
4.319149469233897420e+00 -4.989844648872201915e+00 -1.690021370311933779e-02 -7.506667477983512970e-01 -7.524979864174079491e-01 -1.498126410885700643e+00 1.717109190256007167e+00 -8.315194890244552717e-01
7.889621511765936290e-01 -2.848098439603131027e+00 -2.576818253548218696e-01 -1.148703728036859273e+00 -1.034422282309500840e+00 -2.058732933045189117e+00 -4.067409817511513648e-01 -7.232050463638561855e-01
-2.119767843200290436e+00 4.975626362544769421e+00 7.225076886516577090e-01 1.083164328378100505e+00 -1.480069390636846484e-02 1.093345679467694120e+00 1.694378061074365061e+00 9.772978789592171589e-01
-5.857466605136528948e+00 1.703593104834010497e+00 2.496468416245711808e-01 -8.246126899835877211e-01 2.544864246666540541e-01 -8.980958782727876955e-01 -1.044768696157307719e+00 -7.723776433214023518e-01
-3.567724619846648348e+00 -5.494622767963957877e+00 -8.631907895531587549e-01 4.802939013640379340e-01 -3.703823802348355509e-01 3.511699837302593719e-01 -7.047964229706290551e-01 -8.312479307858166022e-01
-5.508731272270548374e+00 -5.759463475472371918e+00 -1.060368629837599830e+00 -1.095775919530912468e+00 1.077174537521541353e-03 -1.096819411910776587e+00 -1.398358706818742192e+00 -5.003997033840950071e-01
4.342172397578959675e+00 -1.496364885126810762e-01 -9.495833733093164142e-01 -2.676969850957233721e-01 -5.164385193508268523e-01 -3.806915118614667692e-01 2.056338195630714516e+00 -4.276149455790262399e-02
4.624026398174047259e+00 -4.796960038157776829e+00 5.144173749464080458e-01 -7.360368913367887345e-03 5.070497697991204200e-01 4.996857563031901761e-01 1.991236493713876898e+00 -9.954653596745945965e-01
-8.398274648947321452e-01 -2.146396813405706538e+00 -8.039612110504656961e-01 4.805241531537740585e-01 -4.811364494521453428e-01 6.061792650797006576e-01 1.770588855839092979e+00 5.573326260293807177e-01
-2.851357538180761431e+00 -1.167501205953081822e+00 -5.971350720251652477e-01 1.098214840634690104e+00 -2.381331271586921150e-01 1.071348829543807613e+00 3.188602142588367605e-01 1.173267631416648138e+00
-9.296882438887106304e-01 1.454906402377114993e+00 -1.742132057823151392e-01 -1.055382625331931390e+00 -6.396861213385949263e-01 -1.520371029007903108e+00 2.270765396868749786e+00 -1.661190624881805356e+00
-1.425387300611547836e+00 5.449247084305531175e+00 1.051006619734044412e+00 4.400151439116943841e-01 5.231113459566727464e-01 5.762840873232560022e-03 1.980574282028962907e+00 7.389026146908794779e-01
-1.610585146113084676e+00 2.677037799624512715e+00 1.103441177039357068e-01 -8.140210468553779055e-01 -1.230052336863975138e-01 -8.647124408296851250e-01 1.901504934759588483e+00 -3.511127519541384912e-01
1.710710482746868877e+00 4.851300047218076728e-01 -4.885771241746993399e-01 -9.601650004182933351e-01 -8.679858535853132717e-02 -9.307923765493998358e-01 -2.056480904767667095e+00 -3.902984056813996183e-01
3.896608689425038463e+00 -2.783311660930933407e+00 1.119827206252052454e+00 -6.081751069046135161e-01 1.462408738668103725e+00 -1.956994927084896752e+00 2.476474980831326445e+00 -7.552093867333306010e-01
9.120818494779543428e-01 -2.113480922890547120e-01 -2.374639472383112127e-01 -9.614250568132129970e-01 9.843068774545510324e-02 -1.004005443692659760e+00 -1.492459973349112179e+00 1.206786510223269715e-01
4.679515156390207764e+00 3.510354575150357093e+00 -7.017172453454725289e-01 8.351220527763161261e-01 -5.566257410222295032e-01 1.052720660036993605e+00 2.538260845842090774e+00 -1.788805760998639638e-01
-4.740170049461602808e+00 1.717141411935477535e+00 -9.923335979849635669e-01 1.472515145528927594e-01 -1.104215694036634110e+00 1.234769597389851370e+00 -2.235443004954595914e+00 -7.530959130603340768e-01
5.561697816340309686e+00 5.123343268928339356e+00 -8.838178478419946860e-01 1.847669765217117011e-01 -8.906565050746204637e-01 9.912130680395785376e-01 1.695721985709776058e+00 5.420225236686446735e-01
5.120321129886763245e+00 -5.798146322874848657e+00 4.529386634699830161e-01 6.440483297599288726e-01 2.520227109368021190e-01 6.634617529787433243e-01 2.002596864778499963e+00 -6.329534604701007039e-01
5.277716664513510736e+00 3.248488173528532030e-01 -4.885557041375654386e-01 4.531924097931165907e-01 -3.069514970453687264e-01 5.262983543303404455e-01 1.531926849326317175e+00 -1.622661475561440747e-01
2.753272875051607116e+00 2.193180697354570441e+00 -8.938565715899378095e-01 4.207095234305466835e-01 -9.750768643118067347e-01 1.246800633644030487e+00 -1.113955992898401082e-01 -1.458362796292455243e+00
1.405075411791251838e+00 -5.178491867350722977e+00 6.339534149371763849e-01 6.283277933025632755e-01 3.104223156965911501e-02 5.986755230040720077e-01 -1.978098169097051606e+00 -8.878276674565807047e-01
-2.662825599530599163e+00 3.739486766239627613e+00 2.186669508653646954e-01 -6.879875941870176037e-01 8.892190569820128676e-01 -1.570904541686259925e+00 7.553577241770834672e-01 7.289158507264801301e-01
-1.150528385349881333e+00 -6.271791753229264188e+00 -1.052445596530722227e+00 1.261017992990032255e-01 -5.985998973818132951e-01 3.640912028555917668e-01 1.625979784417519447e+00 1.885862113600911549e-01
-2.691003122487864108e+00 2.210714371211921048e+00 -9.259714913951715420e-01 -1.092386580116956774e+00 -3.666863062549477470e-01 -1.023376419074602639e+00 5.024400322571425104e-01 -4.335921308132087981e-01
4.937022848235590899e+00 4.567097009895114468e+00 8.970351670942380284e-01 -3.292134733257494617e-01 1.064793474825798780e+00 -1.321978100230672970e+00 2.458676179147563090e+00 4.805389533079958420e-01
-3.333643828630383332e+00 3.278492517525926075e+00 -1.851258525893650919e-02 5.380236444331520929e-01 -4.778220509724823706e-01 9.902257043806353964e-01 -5.345973982010345793e-01 2.893245251862123224e-01
3.317421902960514757e+00 -1.555765661657897425e-01 2.410815614155903397e-02 -8.190677557836355538e-01 -6.785540051211453871e-01 -1.460698831064699110e+00 6.723466871973727832e-01 -1.675476365786967015e-01
-1.679669611911315918e+00 -1.269778193327618432e+00 -9.304786908799107525e-01 3.091998093665235814e-01 -1.047683087951456704e+00 1.270097124739403061e+00 1.457877624508327363e+00 1.485315802246072847e+00
2.927948237981683022e+00 -3.811780871555258354e+00 2.179613050729627410e-01 -5.006231062094276263e-01 5.587246540831659614e-01 -1.002124027727205213e+00 -1.772096011624249845e-01 -8.679696216542025500e-01
4.770425957341313250e+00 -1.414764902871985086e+00 1.079463937301983423e+00 -1.149636734155166318e+00 2.202502337312219893e+00 -3.341572313837116059e+00 1.276564832889029999e+00 1.707919595693190740e+00
5.718527226771874084e+00 -4.109683497552198972e-01 9.174948636819044712e-01 -8.627383530024701486e-02 9.797902625686675249e-01 -1.054515272926136671e+00 9.120855841308248557e-01 5.576656572097419273e-01
-4.707783117177681831e-01 -1.906398172354069942e+00 -1.057022836084398065e+00 -1.138290135749383314e+00 -4.559508970311845211e-01 -1.076843835844482067e+00 4.206512247016153672e-01 1.430721178002140492e+00
2.811505648550985725e+00 1.602105133589042829e+00 8.638407152804503664e-01 -5.926548085110568964e-01 5.724813863958386762e-01 -7.950729062335384345e-01 -2.224879450660470770e-01 -1.425272649515777923e+00
5.796914479574329704e+00 4.806967343342295251e+00 -1.099768221333580653e+00 3.273926933898079206e-01 -7.530911573676778437e-01 7.406394581814147449e-01 1.400957721287588553e+00 5.292375823328375750e-01
2.476221398513761329e+00 3.057626082886084617e+00 6.499402392807596129e-01 1.101649322756858007e+00 -2.079712622983467263e-01 1.275449247939156816e+00 -1.380381068657507981e+00 6.181065519123279950e-02
2.323884450653634914e+00 3.392374613563598373e+00 -6.327348163150885441e-01 5.712583747445909577e-01 -5.133820384592701069e-01 8.184251874512720182e-01 -1.827424562073969305e+00 6.164252994928085538e-01
2.225093726515204651e+00 -5.640844071979031149e+00 -6.873017823293924300e-01 9.178857769894193108e-01 -3.381879960293573961e-01 9.138424420042619012e-01 -1.277923000512961815e+00 -9.081001527854634103e-01
5.802563323204426027e+00 8.318080034680113144e-01 -9.954766970007574711e-01 3.954791543586770874e-01 -5.667604409458039116e-01 5.402872723720022474e-01 6.286117444236873908e-01 -4.431005208585290789e-01
-3.146126704048937128e-01 -2.425195552215456019e+00 2.981827289643534940e-02 4.315639363141157148e-01 1.449557639635604134e-01 5.060643724920014241e-01 5.559694131952215290e-01 7.195986579573093733e-01
5.135126872344411453e+00 3.320433651935381647e+00 -1.023408396937988796e+00 -2.867665485538958281e-01 -5.627374087610372833e-01 -4.226597616212660058e-01 1.593131004106675963e+00 4.086964035870250811e-01
1.800867991033829441e+00 3.391477092683839345e+00 -1.117457304314308342e+00 -4.704325194862988280e-01 -5.634992192880695638e-01 -4.815962722344653835e-01 -1.675974248581414416e+00 -2.403387155183416696e-02
-3.363083703811266201e+00 -4.085498135694603405e+00 -1.078868359368833074e+00 5.987985726742266479e-01 -1.063256556845473488e+00 1.396465869064399623e+00 5.423786916078372489e-01 -1.791603018109948042e+00
5.985041312870100327e+00 -1.553509758884081826e+00 -5.871191001641675733e-01 -1.151072247498935885e+00 -1.208276127357958557e-01 -1.113588402320055071e+00 4.595793665625941826e-01 1.127764401886260925e+00
-2.720552896547303590e-01 4.665628601753075699e+00 9.989780241945365180e-01 1.166917244328025127e-02 5.109346480808912849e-01 -1.024704754471785773e-01 5.884559972515601700e-01 9.478743359977968019e-01
-3.799001394825565203e+00 -6.049816563334013964e+00 6.139559693487763870e-01 3.169102494404671955e-01 5.068123557836613502e-01 6.355977483947268247e-01 -1.472610187353196487e+00 1.921848784292920498e-02
3.325771391813200140e+00 2.050267412767823316e-01 -5.298274762727921416e-01 1.143223013735908511e+00 6.128807582451571978e-01 1.755970585794340622e+00 3.438434394366569058e-01 -1.811583333813685526e-01
-1.702074997394681155e+00 -2.538242233193114483e+00 -2.684302562954509197e-01 -1.124319491928521320e+00 3.129039876250647723e-01 -1.334062776480400281e+00 2.292559507367757377e+00 2.576356605739310579e-01
5.515304404536786720e+00 -1.790515298665318333e+00 1.182868284540580239e+00 2.652185338048029806e-01 6.043953065102487532e-01 -4.974355412176380276e-02 1.414884503475631217e+00 9.502989442615252802e-01
-2.087242074740259135e+00 3.854029656253990410e+00 8.169087371075385295e-01 -8.013221576586775363e-01 1.412997406336221617e+00 -2.132527907996096150e+00 2.749475749690335924e+00 -3.566363226735645431e-01
5.133481580977839798e+00 6.209201840519305904e+00 1.078285550690883499e+00 6.479990621480016255e-01 4.342164333181303126e-01 4.417034483568915149e-01 1.994052328404351870e+00 -9.485058319802469606e-02
-3.840296620633718128e+00 -5.855235760214943852e+00 -9.517787631713836571e-01 -1.257812449615720585e-01 -5.540600766791015097e-01 -3.638520037758736225e-01 -1.468488671722889327e+00 -2.329692356705456990e-01
