-2.720771763183969405e+00 2.048654547970892636e+00 8.879819164645682550e-01 9.127539060585879716e-01
6.714567969592373231e-01 -4.603010232102855426e+00 9.940241060998129541e-01 -7.829161839676783696e-01
4.973009614468827166e+00 -2.539121592255243254e+00 -5.666802023522501397e-01 -2.576802769006510951e-01
-4.240890148647430635e+00 1.518045163852384860e+00 9.986089800132175176e-01 4.542220870213634631e-01
6.120678632589360291e-01 -5.246954849414539268e+00 8.604898859855892868e-01 -8.184616546859472264e-01
-3.569484220370256811e+00 -7.073853233850737610e-01 -6.498486740775248904e-01 9.098426728731405788e-01
3.709650249520539234e+00 1.081606911021578021e+00 8.827140506229960160e-01 8.429475697727826233e-01
-2.454382669582996002e+00 -5.662849771761696793e+00 5.813082128726128062e-01 7.730189598512018367e-01
3.211078109654371460e+00 4.824675334108853519e+00 -9.937025082398613929e-01 9.975868568660803959e-01
6.006127115775690584e+00 5.433578062009074117e+00 -7.510211356341419675e-01 -9.618642639625114565e-01
-4.482018284819973886e+00 2.271828507541920672e+00 7.641768308786158759e-01 2.283384416772750725e-01
-3.421660653303701949e+00 5.176385591172754985e+00 -8.942710581873478670e-01 9.610366439838045061e-01
-1.873114796981871777e-01 -2.206742672016084761e+00 -8.045099853525120581e-01 -9.825084364483079868e-01
-1.770507059339752054e+00 -3.968890386890452593e+00 7.361049847605306562e-01 1.983858211222768453e-01
4.071016258869113003e+00 5.785876320424332420e+00 -4.770622192655509797e-01 5.982959324541806678e-01
-3.233636013015113608e+00 -1.231871869951195464e+00 -9.431127999328746681e-01 9.957669997503245662e-01
2.844014694502593699e+00 -2.918323653395037631e+00 -2.214186603114737251e-01 9.560494483215461470e-01
-1.363429112567907886e+00 -1.535098988927579455e+00 -9.993629176917324664e-01 -2.058842344671490410e-01
5.498981048764832735e+00 4.481526149160707462e+00 -9.734693264676628210e-01 -7.079504953371806852e-01
2.196726427005639692e+00 -5.440031459193930274e+00 7.467444893808039552e-01 5.858512967202372801e-01
-5.509989958865299187e+00 3.810180333430677635e+00 -6.198783609405019712e-01 -7.156826138140548466e-01
1.460656687800686804e+00 -3.903223026119715833e+00 6.901022816917548042e-01 -1.099170947962449241e-01
2.211638344988482885e+00 2.923242082929013108e+00 2.166196530661981257e-01 5.978706087995517837e-01
-5.158558077179763224e+00 1.498817661334348017e+00 9.974106540835397938e-01 -4.315128251244892410e-01
2.854477207353248502e+00 5.371367091345017997e+00 -7.906183563018848171e-01 9.590647323325327545e-01
-8.119562078195254884e-01 -2.748226464798373847e+00 -3.832996737551506716e-01 -6.880802583530106764e-01
3.580620216949339962e+00 4.056241120413336176e+00 -7.923481762906262604e-01 9.051654345156385784e-01
-4.307316006345782711e+00 -3.576294418819113918e+00 4.211399224505975591e-01 3.940858299356949646e-01
6.071590092068030131e+00 5.773162228435088750e+00 -4.881973886004009056e-01 -9.776971320799229259e-01
2.991208772198753252e+00 4.336514560854666911e+00 -9.301869903629170766e-01 9.887136385641971392e-01
2.166237159385996591e+00 2.804175047736201520e+00 3.310514187449808965e-01 5.608737748727011807e-01
-1.587677750898324192e-01 1.953241505785404897e+00 9.277548933460805225e-01 -9.874228496966676039e-01
-1.533172093821367099e+00 -1.522025883436493032e-01 -1.516156238718707749e-01 -3.761535689828041096e-02
5.122157740706638762e-01 -4.705580720949334328e+00 9.999768238912529750e-01 -8.716606756091165309e-01
-2.773465892613959038e+00 -2.772844325376691899e+00 -3.604481811668195368e-01 9.330031015695242624e-01
-8.928013334435789261e-01 1.862466837397681374e+00 9.577648524708548550e-01 -6.272327227023108964e-01
3.029530867418458229e+00 2.059032884324549784e-01 2.044514511982278848e-01 9.937276461003179406e-01
-3.011592635645745197e+00 -2.750815344681141195e+00 -3.809072402460313422e-01 9.915618913886266039e-01
5.817264667312018744e+00 -2.675167723618145477e+00 -4.496959789083184167e-01 -8.934083509648856891e-01
4.937917060116303603e+00 -4.077641120645996153e+00 8.052212348142484544e-01 -2.236211000096252066e-01
-3.730859217955931673e+00 -3.952307496376105345e+00 7.247798722536934468e-01 8.313485105700276767e-01
-4.500200440530020884e+00 -3.328686562162102902e+00 1.860043074129440477e-01 2.105998585426867298e-01
4.704141664385383947e-01 3.747746158521625404e-02 3.746868897662190834e-02 -8.913806414337486217e-01
-2.012521043103404850e+00 -5.300717536117090845e+00 8.318694443996388355e-01 4.274992707315995455e-01
9.822297343611756659e-01 -2.574005443002529869e+00 -5.375991501979833220e-01 -5.551693750986010922e-01
5.847048694399738622e+00 -2.617275990205655933e+00 -5.006215801654889663e-01 -9.063904761672373356e-01
-9.531938012348071254e-01 3.023382618479477202e+00 1.179349238601586497e-01 -5.790822397490632545e-01
-1.948372247236846988e+00 6.145563834546653226e+00 -1.371874662938100675e-01 3.686682248644960191e-01
-6.893276409868711596e-01 4.733242885616716578e+00 -9.997825651983925921e-01 -7.716738221492274175e-01
-3.973834250375356536e+00 4.887810380119089970e+00 -9.846530823514125785e-01 6.732199213247465064e-01
5.154684179188402382e-01 2.486720447700855985e+00 6.090578915004969396e-01 -8.700619146797726744e-01
-6.256474751734485196e+00 -2.933856714814953470e+00 -2.062450455871182864e-01 -9.996432943224146106e-01
1.876308899484683934e+00 -9.632719277113679368e-01 -8.210636959600371432e-01 3.007820516378491571e-01
-5.401874256134492569e+00 3.136679570006055684e+00 4.913063818106556090e-03 -6.361401188902962023e-01
4.979965827446783067e+00 -3.201941585959454439e+00 6.031230730175063393e-02 -2.643952916161215194e-01
-4.545514931735972652e+00 -5.597478582313045514e+00 6.332201546710937157e-01 1.661006374625251525e-01
-2.477838994526680771e+00 -5.103870611409673685e+00 9.243447459181217685e-01 7.876852398022167190e-01
1.893025423718356137e+00 -2.645458601223567463e+00 -4.760292761915650428e-01 3.166817150935641312e-01
2.911699392563393829e+00 -8.429308406644580032e-01 -7.465961461867419713e-01 9.736907235456027099e-01
5.426090321234706693e-01 1.259804492847661272e+00 9.520305340021059104e-01 -8.563643663369018277e-01
-6.796633398675213655e-01 2.006756562947217049e+00 9.064649707678641422e-01 -7.777843642246338174e-01
7.395822818635284790e-01 -6.013514098611411285e+00 2.664145426642316461e-01 -7.387501565841743112e-01
3.753804497593668188e+00 3.405510904671151806e+00 -2.608651273433427176e-01 8.183789204597106126e-01
-5.755010056357433790e+00 4.740476454243855997e-01 4.564913179162580770e-01 -8.637281051034940704e-01
-3.600010523658622397e+00 2.429616684001265625e+00 6.533309975227903355e-01 8.967537593504115723e-01
5.283774620390856214e+00 -3.458842195945493803e+00 3.119545422460641149e-01 -5.407981019868766115e-01
-4.367275464906653859e+00 -4.161836842055913976e+00 8.522357964721973822e-01 3.383035016984711763e-01
3.955672508965378142e+00 2.649854055796037500e+00 4.721591980741738359e-01 6.865377158090996135e-01
-5.666064362723361114e+00 8.163718253990595031e-01 7.286658052319083811e-01 -8.155479137506090881e-01
8.532838858146458705e-01 -3.845001501931422538e+00 6.468211702292776533e-01 -6.575124726589950397e-01
4.193245624177563968e+00 7.991505799699725188e-01 7.167640355453590573e-01 4.961365437061546202e-01
-1.982874716920628444e+00 -3.093793017751190089e+00 -4.778143577526295510e-02 4.005146005371984508e-01
-5.583973080769992769e+00 -1.353584061181451581e+00 -9.765020226940419601e-01 -7.653494475868409808e-01
6.011816448827817183e+00 5.324577139426814654e+00 -8.183925314800806206e-01 -9.634048759812330331e-01
5.483758674192914739e+00 -2.711317844124772947e+00 -4.171205790763647947e-01 -6.971179031228922351e-01
4.322171657690921265e+00 -2.292680002918810800e+00 -7.505623289207673521e-01 3.803894098719699524e-01
4.300920567905379244e+00 -4.822514655555201202e+00 9.939422937006622272e-01 3.999556094140546136e-01
1.514407018264257054e+00 -1.690199441920845480e+00 -9.928799134006615068e-01 -5.635942925881699817e-02
4.961823729534337701e+00 4.191512127747225591e-01 4.069852880411385931e-01 -2.468562411895630360e-01
4.120045473323619589e+00 -1.936386003613725926e+00 -9.339131140462518799e-01 5.583068087054148254e-01
-1.398229318892427742e-01 2.111344596023609910e+00 8.574266675211033029e-01 -9.902406893250088604e-01
-4.954379052643226089e+00 2.988168746240001283e+00 1.528227104785709889e-01 -2.396351872115130843e-01
-5.645065271247606375e+00 -7.450612529223006320e-01 -6.780168354660072172e-01 -8.032170457852928491e-01
-2.570749296837706588e+00 -3.291521879968318132e+00 1.493681531894015257e-01 8.414455734830013078e-01
6.065629923499951559e+00 3.673684595386106366e-02 3.672858319563917368e-02 -9.764280204446010858e-01
-2.426341424213722675e-01 6.200267565293533067e+00 -8.282275976773557924e-02 -9.707084630916770207e-01
9.358108330098131589e-01 -4.499555171237554774e-01 -4.349254792038858564e-01 -5.931658357503497569e-01
3.073794114127062826e+00 2.918245581642308295e+00 2.214947935581398908e-01 9.977025592683635979e-01
-4.838904208471678459e+00 5.885542965385923253e+00 -3.872457150087847411e-01 -1.261779954618360289e-01
-6.273816800899923329e+00 9.668687355933984762e-01 8.231115700067064278e-01 -9.999561158660172921e-01
4.251962314029134049e-01 5.620722996251823034e+00 -6.150601978571095252e-01 -9.109578051285246447e-01
-4.453584212278742349e+00 1.679422608661091942e-01 1.671539159701362076e-01 2.559253084132587786e-01
-5.754524083832884607e+00 -5.803302220794361865e+00 4.616754706030275490e-01 -8.634830933329252778e-01
-1.764128693303643303e+00 4.245115759646731490e+00 -8.927998930480227635e-01 1.921302383380182888e-01
-4.705033752171660311e+00 -5.446642154224341503e+00 7.423313585086103172e-01 7.355161894325391338e-03
2.456804521967384858e+00 3.112018412218265695e+00 2.956993044524594896e-02 7.745530731142897807e-01
-5.424497004829387237e-01 2.433910846063636058e+00 6.500739923208925797e-01 -8.564466298689404899e-01
-5.516032569192773849e+00 1.972189871173586795e+00 9.205174281022510119e-01 -7.198898363404556688e-01
4.298995422078947470e+00 5.940318000435715007e+00 -3.361888843746627109e-01 4.017193297586573730e-01
2.447488885855706897e+00 2.715628598849479047e+00 4.131988812107210141e-01 7.686273273460236810e-01
6.187287285698541695e-01 -1.067933860246926159e+00 -8.762066288698371341e-01 -8.146164521960416183e-01
3.388581091096874331e+00 3.295934921771179305e+00 -1.537302193237763126e-01 9.696530992922220982e-01
-6.098273881084518955e+00 -2.984194284674307696e+00 -1.567492691526120863e-01 -9.829525396372505996e-01
