3.360309920575014431e+00 -1.564613953378188871e-01 -1.564613953378188871e-01 4.236169562707114422e-01
4.149266063419684514e+00 1.141607517739913868e+00 1.141607517739913868e+00 9.028040680889286573e-01
-2.534297712555078519e+00 -3.708042626347155535e-01 -3.708042626347155535e-01 9.372264579820044350e-01
-1.713420272173820535e+00 -9.089747141017706644e-01 -9.089747141017706644e-01 2.813953339086739391e-01
2.160867951990399050e+00 8.860760503904365759e-01 8.860760503904365759e-01 -9.246605705510981821e-01
-2.359901163880484987e+00 2.714218268005808010e-01 2.714218268005808010e-01 9.999725212661869644e-01
-3.995163280598723610e+00 3.000055319132339804e-01 3.000055319132339804e-01 -9.907194209003842289e-01
-1.099906627300982542e+00 1.092243272378950136e+00 1.092243272378950136e+00 -8.086062895966487085e-01
5.470026237040624295e+00 8.030064436255435201e-01 8.030064436255435201e-01 -9.984590600258127502e-01
-4.969808041568390955e+00 -9.235949669132276219e-01 -9.235949669132276219e-01 4.923939616578890677e-01
3.282154483542557344e+00 -2.789808479394437768e-01 -2.789808479394437768e-01 2.774353733349813611e-01
-6.969225634880551468e-01 -3.765187399499184684e-01 -3.765187399499184684e-01 -9.843849448386156054e-01
-2.004931447802441369e+00 8.887367196856057472e-01 8.887367196856057472e-01 7.632124002529945272e-01
-4.662327305314790671e+00 -5.888820906582328263e-01 -5.888820906582328263e-01 -9.995614978990838284e-02
-2.673139968198882777e+00 6.432222240947669256e-01 6.432222240947669256e-01 8.057290611836647187e-01
-5.728253652860791689e+00 -8.803485543560978233e-01 -8.803485543560978233e-01 8.956378959238481263e-01
-1.295592773876182768e+00 5.110711565153598368e-01 5.110711565153598368e-01 -5.230342533167270380e-01
-7.464543882157803623e-01 5.988314871364450731e-01 5.988314871364450731e-01 -9.969682978584994970e-01
4.852305858086738866e+00 2.672065711184188341e-01 2.672065711184188341e-01 -2.761958744730110826e-01
-5.894169336225769662e+00 6.717427568026985707e-01 6.717427568026985707e-01 7.018789389731432404e-01
1.557175807937984935e+00 1.147971445950872527e+00 1.147971445950872527e+00 2.723766869390929768e-02
-5.624269188487287963e+00 -2.494013730858630762e-01 -2.494013730858630762e-01 9.681748389838938929e-01
-2.269169921115983257e+00 -1.090770128400914585e+00 -1.090770128400914585e+00 9.848916465008918930e-01
4.375941086956295578e+00 2.789761492135123255e-02 2.789761492135123255e-02 6.232531606799576185e-01
9.025757195855810266e-01 1.065210096878985935e+00 1.065210096878985935e+00 9.726642966572174309e-01
4.938571463319412658e+00 -1.018855793246072672e+00 -1.018855793246072672e+00 -4.370938423960665231e-01
1.719691141324904748e+00 -5.392466327066207654e-01 -5.392466327066207654e-01 -2.934078384502556980e-01
-5.673287361483621893e+00 -4.894299348105977110e-01 -4.894299348105977110e-01 9.390291957030129089e-01
2.345727707729002631e+00 -1.058675581275582811e+00 -1.058675581275582811e+00 -9.997809009309314154e-01
6.110080075229692653e+00 -2.206362939909437548e-01 -2.206362939909437548e-01 -3.393355670652461464e-01
4.596463155189624672e+00 5.887386723399796740e-01 5.887386723399796740e-01 2.297800214423211806e-01
5.823032065059672746e+00 5.088177152431934136e-01 5.088177152431934136e-01 -7.957872569971804477e-01
-4.903170134739286645e+00 4.195872708291075170e-01 4.195872708291075170e-01 3.723708769980260125e-01
-1.253222743502124814e+00 -3.432274077687998970e-01 -3.432274077687998970e-01 -5.932959875845525977e-01
-5.744106469285067185e+00 -2.574824531410400130e-01 -2.574824531410400130e-01 8.810879709676617821e-01
5.647345773068858321e+00 -1.046635686224469231e+00 -1.046635686224469231e+00 -9.555969848059709948e-01
-5.305914147201332476e+00 -8.272646243551373679e-01 -8.272646243551373679e-01 9.272686575649194962e-01
-2.181374018171466922e+00 -5.048447248421754630e-01 -5.048447248421754630e-01 9.394957717930499941e-01
-5.159555036157779995e+00 -1.435091174961404814e-01 -1.435091174961404814e-01 7.797911303904244695e-01
-2.663607788542329491e+00 -1.026749636109320019e+00 -1.026749636109320019e+00 8.168734811324069867e-01
-5.237862793723865096e+00 -1.014165249968630222e+00 -1.014165249968630222e+00 8.678943476514008326e-01
-3.096196315948434030e+00 -8.144845697595564094e-01 -8.144845697595564094e-01 9.066798799267331010e-02
2.890177132839065521e+00 -1.089045657472987427e+00 -1.089045657472987427e+00 -4.819080866914554062e-01
-5.411174469532076259e-01 -6.956633841331486545e-01 -6.956633841331486545e-01 -8.830089723182724670e-01
4.049955633035100533e-01 -6.595124368486825484e-01 -6.595124368486825484e-01 7.242810561510738543e-01
3.349548701459426070e-02 4.485530523124681146e-02 4.485530523124681146e-02 6.694087836084908205e-02
-3.907817558192836493e+00 -1.147339103260366366e+00 -1.147339103260366366e+00 -9.992648623832860455e-01
3.177032275201602474e+00 -8.290238339577267190e-01 -8.290238339577267190e-01 7.081991014640143245e-02
-2.157367654235732068e+00 -4.149562537681734664e-01 -4.149562537681734664e-01 9.219721610217034291e-01
4.602927078051289200e+00 6.971570975023113625e-01 6.971570975023113625e-01 2.171792406265838637e-01
6.074592064617174714e+00 -5.977531449190504054e-01 -5.977531449190504054e-01 -4.051898532454578650e-01
-1.196001592412250680e+00 -9.310108471808671293e-01 -9.310108471808671293e-01 -6.813383214567123591e-01
5.181111125819603203e+00 7.948678808242835014e-01 7.948678808242835014e-01 -8.060481380639052951e-01
1.882506519861534500e+00 2.390669905310958132e-01 2.390669905310958132e-01 -5.838155349228686397e-01
3.110451668327357311e+00 3.295697947033533470e-01 3.295697947033533470e-01 -6.224171258463367246e-02
-3.345413778553974815e+00 9.462981991933265835e-01 9.462981991933265835e-01 -3.964458803709270396e-01
9.038049198129183281e-01 -1.149662612255774041e+00 -1.149662612255774041e+00 9.720904786061377312e-01
-5.644448389445839709e-01 1.180329587085152676e+00 1.180329587085152676e+00 -9.039379021711294593e-01
1.494517535348229842e+00 -1.030228838513647549e+00 -1.030228838513647549e+00 1.519665049566216730e-01
1.183100317782832533e+00 -4.119089532022518485e-01 -4.119089532022518485e-01 6.999960874960675650e-01
1.059039085705648198e+00 2.468242048566633429e-01 2.468242048566633429e-01 8.539421160344614625e-01
2.104460415265450024e-01 1.161158067832563257e+00 1.161158067832563257e+00 4.085748418707929597e-01
2.176451062792960300e+00 -3.792139064771760104e-01 -3.792139064771760104e-01 -9.360774682830877991e-01
3.542516281865170313e+00 7.392432525617964600e-02 7.392432525617964600e-02 7.186418622632639863e-01
-5.942631624912962707e+00 8.796731107525213034e-02 8.796731107525213034e-02 6.296536947626192315e-01
-2.139272149010984947e+00 1.064043277729562087e+00 1.064043277729562087e+00 9.073562998339244068e-01
5.440021425980905434e-01 -1.144683815952618033e+00 -1.144683815952618033e+00 8.857021605063135627e-01
2.312503922889451502e+00 -8.242255922125111267e-01 -8.242255922125111267e-01 -9.961846972180906645e-01
3.858133824444925253e+00 2.843661731547475480e-01 2.843661731547475480e-01 9.905324062101787952e-01
-6.895771613960794966e-01 -8.899355188171635955e-01 -8.899355188171635955e-01 -9.816928043667267900e-01
-4.172384593670896535e+00 -7.773715672392367271e-01 -7.773715672392367271e-01 -8.819619420162766454e-01
5.362330380073267122e+00 4.487124644369684390e-01 4.487124644369684390e-01 -9.635268277702285777e-01
1.515799451520366325e+00 4.381444207369200594e-01 4.381444207369200594e-01 1.097720891551610123e-01
1.301417453310379280e+00 -1.013857994443173149e+00 -1.013857994443173149e+00 5.130701040126706136e-01
4.713172457577440966e+00 7.909978117473435155e-01 7.909978117473435155e-01 -1.566953744266419164e-03
4.475937272298965652e+00 8.658644644521562572e-01 8.658644644521562572e-01 4.554729666532381094e-01
4.278422750911339278e+00 -3.943227049619344449e-01 -3.943227049619344449e-01 7.629940989688666075e-01
-3.198723036455412227e+00 8.287713011471147251e-01 8.287713011471147251e-01 -1.140123056409171609e-01
7.669578164494765815e-01 7.140769657944667781e-01 7.140769657944667781e-01 9.993199842930825527e-01
-4.414228722548937611e+00 -2.915760180152233705e-01 -2.915760180152233705e-01 -5.616018485552091155e-01
1.695091864471927501e+00 1.036419721311057751e+00 1.036419721311057751e+00 -2.460385895585813221e-01
-4.330727657107101614e+00 1.112766211359558222e+00 1.112766211359558222e+00 -6.913260117172758124e-01
-5.256336577936927767e+00 9.193396608724200281e-01 9.193396608724200281e-01 8.856515097357666733e-01
-5.779385376592196977e+00 -8.988321546061122103e-01 -8.988321546061122103e-01 8.455528671199562529e-01
-4.316143508906663762e+00 2.066006436714709071e-01 2.066006436714709071e-01 -7.121043053379811916e-01
-1.709311377849163982e+00 -7.071990834624622968e-01 -7.071990834624622968e-01 2.735001974720911999e-01
-1.045819799308205234e+00 6.438292633832762846e-01 6.438292633832762846e-01 -8.673998661521091780e-01
-4.336695362648992358e-01 1.184373242365977630e+00 1.184373242365977630e+00 -7.626103964499795218e-01
4.561507529045222498e+00 1.028434438907517512e+00 1.028434438907517512e+00 2.972039118324040219e-01
-1.630811692002017033e+00 1.123427700746524316e-01 1.123427700746524316e-01 1.197427166530306009e-01
-3.781778186587421153e+00 -7.063748647364782585e-01 -7.063748647364782585e-01 -9.581221845968123096e-01
5.756890507502143706e+00 -1.948594699373380479e-01 -1.948594699373380479e-01 -8.687088253393037141e-01
1.745022505393457379e+00 -3.253300513520774873e-01 -3.253300513520774873e-01 -3.414435839635230896e-01
-2.214798189658774064e+00 1.160821044433206772e-01 1.160821044433206772e-01 9.602799407837869783e-01
2.365258276589599973e+00 7.148772925908568610e-01 7.148772925908568610e-01 -9.998357000515658566e-01
-2.697862396183980049e+00 4.024532645006684284e-01 4.024532645006684284e-01 7.754708610652621958e-01
1.560155681229941749e+00 -7.731230732587257570e-01 -7.731230732587257570e-01 2.127968480707181573e-02
-5.424467020590065580e+00 -2.523543638047979210e-01 -2.523543638047979210e-01 9.892675717061947260e-01
-3.203521021758685361e+00 -4.516585648844362311e-01 -4.516585648844362311e-01 -1.235403086154982233e-01
-2.101202683022227902e+00 5.236962225630488188e-01 5.236962225630488188e-01 8.727525066348623684e-01
5.707885416671176770e+00 6.366072455307842937e-01 6.366072455307842937e-01 -9.130087790808848469e-01
-2.586573042230536412e+00 9.276343387438299448e-01 9.276343387438299448e-01 8.957161258245670554e-01
4.198642352346979578e+00 -3.497041734010372105e-01 -3.497041734010372105e-01 8.560057779969432179e-01
1.724760923318154227e+00 8.660913392493576612e-01 8.660913392493576612e-01 -3.030858847920503973e-01
1.287252421563236382e-01 -5.800589276205685429e-01 -5.800589276205685429e-01 2.546158926367293462e-01
-2.452758155228121240e+00 -5.511054603086710246e-01 -5.511054603086710246e-01 9.814088098867216337e-01
2.093034534329104801e+00 1.365303155694292947e-01 1.365303155694292947e-01 -8.646616311234148755e-01
5.947386677844647807e+00 -1.164976885262485329e+00 -1.164976885262485329e+00 -6.222371603151781727e-01
5.727809455729389043e+00 8.283025585582004524e-02 8.283025585582004524e-02 -8.960326859398912713e-01
1.980304446010858754e+00 -5.778274673588802424e-01 -5.778274673588802424e-01 -7.304743330338726581e-01
-2.062777151731485681e+00 -1.922324933077887987e-01 -1.922324933077887987e-01 8.326975758389749682e-01
-4.224282979400838300e+00 -1.182266167850649863e+00 -1.182266167850649863e+00 -8.283814168600964756e-01
-3.150757012731135731e-01 1.287408930378453054e-01 1.287408930378453054e-01 -5.892670886115788376e-01
-4.938524211660748620e-01 -7.893621378419196644e-01 -7.893621378419196644e-01 -8.347644479789506633e-01
6.047062187109229825e+00 8.469466149857056703e-01 8.469466149857056703e-01 -4.548878176322284084e-01
1.654893559277527793e+00 -3.117997443618892861e-01 -3.117997443618892861e-01 -1.674025664439935113e-01
-5.543276222180246293e+00 8.711931774554499963e-01 8.711931774554499963e-01 9.958643412531542616e-01
-1.723432636178769073e+00 -6.697707431540850243e-01 -6.697707431540850243e-01 3.005532006278233692e-01
2.984282663103346778e+00 -4.937761715745613289e-01 -4.937761715745613289e-01 -3.094551281504185902e-01
1.405194388348047774e+00 -1.123460652675900784e+00 -1.123460652675900784e+00 3.251817118166685505e-01
-8.194337710001651232e-01 4.197137258712075880e-01 4.197137258712075880e-01 -9.976840493206483584e-01
5.738470434444082002e+00 -1.034166478030411174e+00 -1.034166478030411174e+00 -8.863630359275281867e-01
-6.170262673512262097e+00 8.414507161831290549e-01 8.414507161831290549e-01 2.239302439481794527e-01
2.337801133036117918e+00 1.083569507929843079e+00 1.083569507929843079e+00 -9.993234451265627927e-01
5.868870045010361025e+00 2.051695855028607962e-01 2.051695855028607962e-01 -7.370064534892674102e-01
1.333847519607362919e+00 -1.126330606500077325e+00 -1.126330606500077325e+00 4.563578259736664200e-01
1.552811832373509837e+00 4.345758363205376451e-01 4.345758363205376451e-01 3.596123342240075543e-02
2.451116797600320751e+00 -1.029514891939447674e+00 -1.029514891939447674e+00 -9.820335691362794828e-01
2.211696733637475987e-01 -7.960071130169632525e-02 -7.960071130169632525e-02 4.280548254925733986e-01
-1.781684575186411656e+00 8.275573973003893524e-01 8.275573973003893524e-01 4.093819083376870060e-01
2.654059329923104116e-01 -1.112761408785462924e+00 -1.112761408785462924e+00 5.062336582345663416e-01
4.600852247850010457e+00 -9.156647304996303749e-01 -9.156647304996303749e-01 2.212279743623762618e-01
5.827647362020243804e+00 7.066565156851900564e-01 7.066565156851900564e-01 -7.901636057315414297e-01
2.922855477453431661e+00 1.072246873200707329e+00 1.072246873200707329e+00 -4.236530250022760291e-01
-5.484751054274234150e+00 9.052076143206606584e-01 9.052076143206606584e-01 9.996601399932326659e-01
-5.808865385939439463e+00 -7.156119304654531277e-01 -7.156119304654531277e-01 8.126235719842964667e-01
1.898169864325762290e+00 1.033347420956870044e+00 1.033347420956870044e+00 -6.089586422490238515e-01
-1.237844763047680097e+00 5.335387334648564739e-01 5.335387334648564739e-01 -6.177695671671428190e-01
-5.357642277352355542e+00 4.588695564184568365e-01 4.588695564184568365e-01 9.609753286616141699e-01
1.872486410650667565e+00 5.293373872727911156e-01 5.293373872727911156e-01 -5.674290152115518682e-01
-1.172202114568881015e-01 2.606170450534168737e-01 2.606170450534168737e-01 -2.322987523447280211e-01
-2.229588604663065965e+00 3.431594926925123357e-01 3.431594926925123357e-01 9.681128208098307431e-01
3.864774128152882682e+00 2.209785410026445795e-01 2.209785410026445795e-01 9.922681514357145627e-01
-6.044187006136474416e+00 -1.936038068045140559e-01 -1.936038068045140559e-01 4.600012462534762703e-01
-4.734657987380783695e+00 4.614708082300262859e-01 4.614708082300262859e-01 4.452329092759012286e-02
-5.243850804510681307e+00 -7.034441874671772954e-01 -7.034441874671772954e-01 8.737810419942129148e-01
5.446003242649009479e+00 -1.096306803642505212e+00 -1.096306803642505212e+00 -9.946416473402597269e-01
1.782475813604662562e+00 1.068500476378477559e+00 1.068500476378477559e+00 -4.108251886369093664e-01
-3.852610791762899112e+00 8.230066184295743437e-01 8.230066184295743437e-01 -9.889556135286163840e-01
6.525268989150099230e-01 -5.233414162789840063e-02 -5.233414162789840063e-02 9.648977596299226356e-01
4.734776003208429174e+00 -1.025855913698243471e+00 -1.025855913698243471e+00 -4.475908727887958904e-02
4.315525511176721452e+00 -5.941389511078761787e-01 -5.941389511078761787e-01 7.129715210680690474e-01
3.764652717206320887e+00 -1.122660315708760459e+00 -1.122660315708760459e+00 9.477540690587408223e-01
-1.561342388318736063e+00 -5.227988276517039345e-01 -5.227988276517039345e-01 -1.890675035351020369e-02
-6.133377480758766431e+00 1.003312395506986698e+00 1.003312395506986698e+00 2.951530039779799997e-01
2.523418077863707865e+00 1.020835991575408164e+00 1.020835991575408164e+00 -9.445919170140205656e-01
8.951554064398292709e-01 6.735529542639668854e-01 6.735529542639668854e-01 9.760032878240590959e-01
5.528468371620864019e+00 -5.590548888322118826e-01 -5.590548888322118826e-01 -9.981179151869720156e-01
-2.206383391519483261e+00 9.012547877463210622e-01 9.012547877463210622e-01 9.554480692615168191e-01
-4.374534551104744651e+00 4.268842867829283350e-01 4.268842867829283350e-01 -6.254505704870912952e-01
-3.389575121923671830e+00 -1.155132228514212933e-01 -1.155132228514212933e-01 -4.758805440621552973e-01
3.725200464301561709e+00 -5.911904943178246663e-01 -5.911904943178246663e-01 9.196606999696891327e-01
-7.913863856326024404e-01 -4.065077792788118760e-01 -4.065077792788118760e-01 -9.999282832461566795e-01
-9.028311299928235556e-01 -4.282992667008768128e-01 -4.282992667008768128e-01 -9.725455491087310333e-01
-4.023128165076825802e+00 -9.568615099475887842e-01 -9.568615099475887842e-01 -9.815720983179073711e-01
-3.004340777118835959e+00 1.718608919348607600e-03 1.718608919348607600e-03 2.710693028670361771e-01
8.978084061675417615e-01 7.490254912533809151e-01 7.490254912533809151e-01 9.748341421802220186e-01
-3.877398865367055691e+00 1.007160514510389016e+00 1.007160514510389016e+00 -9.950853076535156605e-01
2.009290164338734641e+00 -4.541227341130288364e-01 -4.541227341130288364e-01 -7.688160786583291273e-01
5.070627336204818647e+00 -3.618698947749497963e-01 -3.618698947749497963e-01 -6.567317564257858509e-01
-2.290484508848984468e+00 -6.393522082360727499e-01 -6.393522082360727499e-01 9.913768184912052917e-01
-5.167632680718645233e+00 6.218881482849096809e-01 6.218881482849096809e-01 7.898027859893149705e-01
-6.062850694491306314e+00 -2.490320310326827880e-01 -2.490320310326827880e-01 4.265448524121405183e-01
9.721809111050960794e-01 -1.150626471748443791e+00 -1.150626471748443791e+00 9.310320839536262438e-01
-2.011543976053815186e+00 -7.628531644676089796e-01 -7.628531644676089796e-01 7.716907480513158779e-01
-1.817893535777193925e+00 9.182862918384488982e-01 9.182862918384488982e-01 4.743226102244257336e-01
-1.563561005335732723e+00 -1.013017266466334165e+00 -1.013017266466334165e+00 -1.447013789936779128e-02
3.547987159890171327e+00 -5.120744022964481834e-01 -5.120744022964481834e-01 7.262073747296573512e-01
-4.724771651856716659e+00 -8.684669471262873586e-01 -8.684669471262873586e-01 2.476281149920208507e-02
5.514486702461342205e+00 5.009189072549447008e-01 5.009189072549447008e-01 -9.994423013255189225e-01
1.430968076080896267e-01 5.819827084574702436e-01 5.819827084574702436e-01 2.823027174893787961e-01
2.245426990926846500e+00 -1.032971244027744762e+00 -1.032971244027744762e+00 -9.755613175967475792e-01
-5.140769622755397172e+00 2.391419400000656115e-01 2.391419400000656115e-01 7.557255327993077643e-01
3.364746694372458435e+00 -2.669047955735310840e-01 -2.669047955735310840e-01 4.316382000629571114e-01
4.223015532062536437e+00 -2.470159378788316928e-02 -2.470159378788316928e-02 8.297987118004518381e-01
9.002720270319688467e-01 -1.101232248852453077e+00 -1.101232248852453077e+00 9.737238765344146119e-01
-3.104115182573112808e+00 -2.046774072553685375e-01 -2.046774072553685375e-01 7.488477589619621511e-02
2.726415155378587585e-01 1.332726768166450082e-01 1.332726768166450082e-01 5.186600973339181575e-01
-7.946182108082675555e-01 -9.928718260172102461e-01 -9.928718260172102461e-01 -9.998299862691477635e-01
-6.446902283694289082e-02 6.088174718219008241e-02 6.088174718219008241e-02 -1.285810762777225558e-01
-7.605898204944923080e-01 2.342998346226072837e-01 2.342998346226072837e-01 -9.987693447464145446e-01
5.980402146011009279e+00 -1.614025998175216969e-02 -1.614025998175216969e-02 -5.692277863372814384e-01
2.932741678979047251e+00 -1.095403397294525627e+00 -1.095403397294525627e+00 -4.056610534577028693e-01
3.873580306656998928e+00 3.482827452676062752e-01 3.482827452676062752e-01 9.943000579081603396e-01
1.761429337355581382e+00 1.062203768695130224e+00 1.062203768695130224e+00 -3.720958808848359167e-01
-3.990508736451102045e+00 -6.248619709049796356e-02 -6.248619709049796356e-02 -9.919417935787018248e-01
3.837625305189732217e+00 -6.836530863420865467e-01 -6.836530863420865467e-01 9.840700848894280428e-01
3.158977628887317479e+00 7.997101804904458433e-01 7.997101804904458433e-01 3.476294516633093856e-02
4.982773729810565655e-01 -9.341324236662029712e-01 -9.341324236662029712e-01 8.396045157586264907e-01
6.878939714860301535e-01 9.193453602743713038e-01 9.193453602743713038e-01 9.810460450107983954e-01
4.318959356042629594e+00 -7.340413037885924474e-01 -7.340413037885924474e-01 7.081391693779448548e-01
1.572570632732133156e+00 -9.592475032395095802e-01 -9.592475032395095802e-01 -3.548604426742102066e-03
-4.923587159797380153e+00 -8.448346077605916049e-01 -8.448346077605916049e-01 4.099473689169465529e-01
5.680332740543656556e-01 9.876146874948152909e-01 9.876146874948152909e-01 9.069838832606469392e-01
9.065225229114757255e-01 -9.180776234655358969e-01 -9.180776234655358969e-01 9.708009929840241137e-01
-4.927472143649663572e+00 8.646386809721293698e-01 8.646386809721293698e-01 4.170219817812339524e-01
2.603750087603199148e+00 1.036559094369126965e+00 1.036559094369126965e+00 -8.799158833364506549e-01
-3.369606912263098053e+00 -1.026312233537463037e+00 -1.026312233537463037e+00 -4.403859582501019609e-01
1.996784539822694882e+00 1.117236230042414347e+00 1.117236230042414347e+00 -7.525833448290459859e-01
3.183136229041672038e-02 3.699284852885758035e-01 3.699284852885758035e-01 6.361972973417598376e-02
5.630460438328359629e+00 5.345509413427620427e-01 5.345509413427620427e-01 -9.650016680222126553e-01
-2.104927811331464227e+00 -8.486893149453811347e-01 -8.486893149453811347e-01 8.763651906816436465e-01
5.343033938731299060e+00 -1.020888564290146627e+00 -1.020888564290146627e+00 -9.524840277319619464e-01
1.006107544211037208e+00 -7.745203506172293473e-01 -7.745203506172293473e-01 9.041464462739886576e-01
-4.379515257078178792e+00 -2.137043980220322270e-01 -2.137043980220322270e-01 -6.176471385909027001e-01
5.642015234453953809e+00 8.261729422827823743e-01 8.261729422827823743e-01 -9.586841917897622745e-01
-9.719343556893171865e-01 7.781949316894909430e-02 7.781949316894909430e-02 -9.312119253050944456e-01
3.721962671057926997e+00 6.401351398101069456e-01 6.401351398101069456e-01 9.170983829036037926e-01
-4.208249811088222714e+00 -5.378128287402116348e-01 -5.378128287402116348e-01 -8.459149059380096647e-01
-5.034995801223455025e+00 -8.830752027518040670e-02 -8.830752027518040670e-02 6.013691458072861762e-01
-4.107124443069783304e+00 8.073038548316702201e-01 8.073038548316702201e-01 -9.358026442048936744e-01
5.602443581259354488e+00 -1.046000189750367237e+00 -1.046000189750367237e+00 -9.781739218469035491e-01
-2.885672456043137935e+00 -5.360230775997361086e-01 -5.360230775997361086e-01 4.897826139446420091e-01
5.650706553150625311e+00 9.365058764572631311e-02 9.365058764572631311e-02 -9.535947254839296505e-01
-5.557790317271515512e+00 -5.843883076948634958e-01 -5.843883076948634958e-01 9.928078760230327759e-01
-1.148229661925657119e+00 -4.697610064064733360e-01 -4.697610064064733360e-01 -7.480596006447783886e-01
5.633829213636481370e+00 -9.202977256576868603e-01 -9.202977256576868603e-01 -9.632128980542309371e-01
9.361947647642168135e-01 -1.791857073059970329e-01 -1.791857073059970329e-01 9.548644532610826019e-01
-4.920404525428380360e+00 -7.646760672246604162e-01 -7.646760672246604162e-01 4.041332832602807512e-01
4.438108251754687927e+00 1.138489061625414633e+00 1.138489061625414633e+00 5.214602955660203598e-01
9.705268181063484434e-01 1.142397082312718082e+00 1.142397082312718082e+00 9.322342676869669331e-01
1.254092260666727299e+00 6.221107021187273212e-01 6.221107021187273212e-01 5.918951956636403500e-01
5.257556328592198014e+00 6.956458892985175613e-01 6.956458892985175613e-01 -8.867816569801656446e-01
4.843806931376777314e+00 3.170773230311998425e-01 3.170773230311998425e-01 -2.598201017112609645e-01
5.801573952011722213e+00 -1.174668885195415902e+00 -1.174668885195415902e+00 -8.210355998869466321e-01
5.641539276059354791e+00 1.778394062464987435e-01 1.778394062464987435e-01 -9.589545515726997094e-01
-1.021235065929371189e-01 -3.239728531717370741e-01 -3.239728531717370741e-01 -2.028298822526937994e-01
-1.566521959568497380e+00 5.504491266556041928e-01 5.504491266556041928e-01 -8.548630328366941047e-03
-1.347351494021300056e+00 -4.242748955838893110e-01 -4.242748955838893110e-01 -4.321627430157550798e-01
3.261344248836559601e+00 -5.344860111868322550e-01 -5.344860111868322550e-01 2.372200271722435250e-01
4.522401517269962312e+00 1.193436171374180121e+00 1.193436171374180121e+00 3.708971841724017504e-01
-4.099404013563890281e+00 -3.502998811910755794e-01 -3.502998811910755794e-01 -9.411341516832250065e-01
4.996685365190449701e+00 4.799956350967038432e-02 4.799956350967038432e-02 -5.384467661727810883e-01
7.173145132192981777e-01 -8.689240046517940907e-01 -8.689240046517940907e-01 9.907435488261272516e-01
2.603081307404099931e+00 9.372720934385003755e-01 9.372720934385003755e-01 -8.805506104307406767e-01
-2.771997325173369831e-02 3.076642241573626091e-01 3.076642241573626091e-01 -5.541155094497984129e-02
-3.498717219969587511e+00 1.028390598606948592e+00 1.028390598606948592e+00 -6.550502571530655294e-01
5.624626625774764577e+00 9.309342592625482471e-01 9.309342592625482471e-01 -9.679956765090381721e-01
-1.156328912171059820e+00 -6.134435726603362227e-01 -6.134435726603362227e-01 -7.372120947005459390e-01
4.532135227840710101e+00 1.163164956327108479e+00 1.163164956327108479e+00 3.527491602883986443e-01
-2.471919312224812870e-02 -9.479437120618827706e-02 -9.479437120618827706e-02 -4.941824953364883088e-02
2.681882558523307480e+00 -4.647403468565627360e-01 -4.647403468565627360e-01 -7.952502258191139761e-01
-5.909034229565266472e+00 -7.615582619373697515e-01 -7.615582619373697515e-01 6.803954840280029837e-01
2.270605370706139325e+00 -4.687232265618788141e-01 -4.687232265618788141e-01 -9.853847456010610406e-01
-2.552503873080231855e-01 8.488678981520931810e-01 8.488678981520931810e-01 -4.886142339489875641e-01
5.056982184257819313e+00 -7.681677315381878479e-01 -7.681677315381878479e-01 -6.359094918353959125e-01
1.370504654920843279e-01 -1.022848601830871118e+00 -1.022848601830871118e+00 2.706815406483476516e-01
4.385990279208602516e-01 -5.437646782571043946e-01 -5.437646782571043946e-01 7.689505938170129173e-01
-5.353494462032679202e+00 2.936024125761960146e-01 2.936024125761960146e-01 9.586474350160243407e-01
4.492392480919024322e+00 -5.623378735361459491e-01 -5.623378735361459491e-01 4.259331308270383754e-01
-1.592312062546765716e+00 -1.889048555058567835e-01 -1.889048555058567835e-01 4.301819244987216406e-02
5.085202895768228259e+00 3.289225773476676107e-01 3.289225773476676107e-01 -6.784331876084477297e-01
-1.881371526840227126e+00 -1.003170682970589089e+00 -1.003170682970589089e+00 5.819710617042793688e-01
-3.955777429356101660e+00 -4.905785514765906852e-01 -4.905785514765906852e-01 -9.983431196410030850e-01
-1.160860239885901812e+00 1.948036508135091438e-01 1.948036508135091438e-01 -7.310586180216286367e-01
3.303469998937282881e+00 -5.349786942567025250e-02 -5.349786942567025250e-02 3.181284203032626046e-01
4.507819129213739728e+00 5.694004259710716553e-01 5.694004259710716553e-01 3.978201836779071687e-01
3.016491041227983061e+00 -1.082644625450933873e+00 -1.082644625450933873e+00 -2.476008611033546081e-01
7.773842081293915740e-01 1.510259079881501876e-01 1.510259079881501876e-01 9.998715557916697527e-01
-4.763518266148031977e+00 -9.629941746541590408e-01 -9.629941746541590408e-01 1.020804481805580866e-01
3.510829338582817982e+00 -6.663806006054628917e-02 -6.663806006054628917e-02 6.731597580526559321e-01
2.104295716802432992e+00 -9.952296458643128396e-01 -9.952296458643128396e-01 -8.757555973959975093e-01
-3.440507759588546932e-01 -2.264090664896639682e-01 -2.264090664896639682e-01 -6.350718655102117749e-01
-3.735164569647316579e+00 -6.315502010818307976e-01 -6.315502010818307976e-01 -9.273036590282923708e-01
-1.208755900685529738e+00 -7.774219003417408569e-01 -7.774219003417408569e-01 -6.624471810580270237e-01
-8.567491192454728122e-01 -2.935212873973691572e-02 -2.935212873973691572e-02 -9.898353490498257301e-01
-2.176435456638343702e+00 1.089091206526124234e+00 1.089091206526124234e+00 9.360664875260071849e-01
-3.419089600175763355e+00 -1.185229720793775643e+00 -1.185229720793775643e+00 -5.269381099976190308e-01
-1.662893556642339732e-01 -3.383542552332930997e-01 -3.383542552332930997e-01 -3.264815183972704093e-01
3.066707146429319408e-01 1.002579227629209813e+00 1.002579227629209813e+00 5.756030528224105325e-01
1.076729120294419140e+00 5.760482500245884818e-01 5.760482500245884818e-01 8.350008956656930215e-01
-8.024049002780104800e-01 8.032861320620587886e-01 8.032861320620587886e-01 -9.994215975681813857e-01
3.762701983951314944e+00 -3.949092297088196979e-01 -3.949092297088196979e-01 9.465022838287918683e-01
4.163582050472568241e+00 -3.879061810432427038e-02 -3.879061810432427038e-02 8.901224800427722794e-01
5.035939049617503827e-01 8.181625757599775284e-02 8.181625757599775284e-02 8.453328046009238594e-01
-3.383546285669027043e+00 3.027522612935944490e-01 3.027522612935944490e-01 -4.652413652730063576e-01
1.439639185874156624e+00 2.622325152154747485e-01 2.622325152154747485e-01 2.593163602253163447e-01
-6.015146638858256622e+00 -1.068701297130099537e+00 -1.068701297130099537e+00 5.107675422917080654e-01
6.042660346690873041e+00 -5.728283152658831812e-01 -5.728283152658831812e-01 -4.627101954292509589e-01
6.167534717833719426e+00 2.449972283091785830e-01 2.449972283091785830e-01 -2.292442441532638320e-01
-2.458716845812052743e+00 -8.239316495755744096e-01 -8.239316495755744096e-01 9.790518818008665525e-01
5.939926850929895252e+00 -5.522261312948766321e-01 -5.522261312948766321e-01 -6.338470091005641294e-01
1.728593160179912047e+00 1.177602751367955003e+00 1.177602751367955003e+00 -3.103808728137804063e-01
-3.851404556859837403e+00 1.701768131349012947e-02 1.701768131349012947e-02 -9.885951790560107977e-01
-1.455843400574518220e+00 -5.858032301128536234e-01 -5.858032301128536234e-01 -2.278858542103475715e-01
-8.727782736898683780e-01 -5.794605533354622029e-01 -5.794605533354622029e-01 -9.847682581439239913e-01
1.383637833415541252e+00 -9.818016480301557936e-01 -9.818016480301557936e-01 3.656368946742134529e-01
-4.247380062845948601e+00 9.011812541011987587e-01 9.011812541011987587e-01 -8.016306031716786684e-01
1.944720602536866849e+00 2.110606003364428052e-01 2.110606003364428052e-01 -6.800629927460708490e-01
-5.376302760328115937e+00 1.132027209043571458e+00 1.132027209043571458e+00 9.706280117194855395e-01
4.747784195899180659e-01 6.801142354643714416e-01 6.801142354643714416e-01 8.131576457688598492e-01
-4.589834106344162556e+00 -4.670241205361012060e-01 -4.670241205361012060e-01 -2.426627940373815573e-01
-2.509739633962364103e+00 -1.056334712923105990e+00 -1.056334712923105990e+00 9.532171701203895342e-01
-2.908754666260788824e-01 1.818668072007811887e-01 1.818668072007811887e-01 -5.494876862547443119e-01
4.081820167137054867e+00 1.145178902573837254e+00 1.145178902573837254e+00 9.524376308383879497e-01
-5.465519061711639814e+00 1.147190822318566061e+00 1.147190822318566061e+00 9.979182644307020844e-01
-4.426792928747666167e+00 -1.079409064106167104e-01 -1.079409064106167104e-01 -5.406352979669084569e-01
-4.613843420771607029e+00 4.007302905335810017e-01 4.007302905335810017e-01 -1.958175974618621695e-01
9.760367832583440872e-01 -6.787888634380845332e-02 -6.787888634380845332e-02 9.281901238637725315e-01
3.897389752413394248e+00 1.175566216477762049e+00 1.175566216477762049e+00 9.982480657369200427e-01
4.256364147947357068e+00 -3.050576809419217605e-01 -3.050576809419217605e-01 7.907600535120336005e-01
5.350868644191580259e+00 7.605157448784094498e-03 7.605157448784094498e-03 -9.571396258572690829e-01
-4.156030958662822350e+00 7.633972696431863270e-01 7.633972696431863270e-01 -8.969031004582075361e-01
4.298410610401438348e+00 2.786807807703040041e-02 2.786807807703040041e-02 7.365508850027581156e-01
-4.734799427920018289e+00 -1.586547586377551333e-01 -1.586547586377551333e-01 4.480588970089059014e-02
-6.203716367759573025e+00 -1.089274161322626000e+00 -1.089274161322626000e+00 1.582695619604817805e-01
5.889532756850304196e+00 5.507314810705858932e-01 5.507314810705858932e-01 -7.084539029733570858e-01
1.841437884237819844e-01 1.135311642461884540e+00 1.135311642461884540e+00 3.600183636138161170e-01
-4.071334628081671347e+00 -1.855443355649379900e-01 -1.855443355649379900e-01 -9.586183275516324542e-01
-1.301062615113120380e+00 4.852423361491819964e-01 4.852423361491819964e-01 -5.136791231559165727e-01
4.139588043216493318e+00 9.091244840272645344e-01 9.091244840272645344e-01 9.109585389408485501e-01
6.063422958487700853e+00 5.399610078175820504e-02 5.399610078175820504e-02 -4.255093861370852770e-01
-2.394006977949012516e+00 -6.397062516155626044e-01 -6.397062516155626044e-01 9.971417941348154068e-01
4.196877410107987316e+00 -4.797882987404370470e-01 -4.797882987404370470e-01 8.578252724172867882e-01
-6.082484314533207481e+00 -7.294897730636664690e-01 -7.294897730636664690e-01 3.907092731399158247e-01
2.983909501039782697e+00 5.173291426327237819e-01 5.173291426327237819e-01 -3.101647319969940142e-01
-6.866636299331503324e-01 -7.834836301999515973e-01 -7.834836301999515973e-01 -9.805662571175689513e-01
-3.497023519429542482e+00 -5.188347175888641249e-01 -5.188347175888641249e-01 -6.524870333738909123e-01
6.027035701474343199e+00 -3.405532825470408698e-01 -3.405532825470408698e-01 -4.901825789023988578e-01
4.194420398600719579e+00 4.776097501257197120e-01 4.776097501257197120e-01 8.603404251095640998e-01
1.745005218762402777e+00 -2.101548631859342375e-01 -2.101548631859342375e-01 -3.414110882718928153e-01
4.411332968747210259e-01 4.457486164076804869e-01 4.457486164076804869e-01 7.721810606489986073e-01
-2.291206072002607286e-01 4.439764096924847525e-01 4.439764096924847525e-01 -4.423714569108821437e-01
-2.228507426536372016e+00 5.242634194799580261e-01 5.242634194799580261e-01 9.675688560715763886e-01
-5.341353585750336919e+00 7.625945384480956601e-01 7.625945384480956601e-01 9.514550183100292102e-01
-2.092848830212505895e+00 2.925106020614789415e-01 2.925106020614789415e-01 8.644749928116223225e-01
4.340972920893266362e+00 -8.488521415014094185e-01 -8.488521415014094185e-01 6.763766354602501751e-01
1.223134412817564964e+00 -1.378568271038511650e-01 -1.378568271038511650e-01 6.406341232092594984e-01
-1.734383853088540484e+00 6.607199246018831129e-01 6.607199246018831129e-01 3.213692190948498340e-01
3.813843207925481593e+00 3.640197779928264765e-01 3.640197779928264765e-01 9.745043180937308369e-01
4.096924175794846690e+00 -6.972631190179789940e-02 -6.972631190179789940e-02 9.427991051095132580e-01
-2.680569757546042986e+00 5.956209010990096697e-01 5.956209010990096697e-01 7.968393363534198581e-01
-4.781731246835168925e+00 -8.704095525491131191e-01 -8.704095525491131191e-01 1.382403977195229561e-01
1.265970373532173454e+00 -1.104457271700381105e+00 -1.104457271700381105e+00 5.725821112728928242e-01
-4.659776305099822657e+00 -2.986441940675813589e-01 -2.986441940675813589e-01 -1.050312756313927787e-01
-4.034132823301757043e+00 -1.014702066691297366e+00 -1.014702066691297366e+00 -9.771288978405429093e-01
-9.265038443415782865e-01 1.110418909218249039e+00 1.110418909218249039e+00 -9.604419666220822549e-01
2.699457390403901869e+00 2.026816426954685113e-01 2.026816426954685113e-01 -7.734528132683219370e-01
-6.866788429290160423e-02 3.452706161982785904e-01 3.452706161982785904e-01 -1.369044579540674711e-01
1.569927287674165228e+00 1.051209712870101454e+00 1.051209712870101454e+00 1.738077366364860306e-03
-4.754641696778673321e+00 -9.729568547063629502e-01 -9.729568547063629502e-01 8.440489077624020731e-02
4.868995373149189732e+00 2.647858869805754800e-01 2.647858869805754800e-01 -3.081167002870799920e-01
2.476562192906673232e+00 3.514029083485437077e-02 3.514029083485437077e-02 -9.711629044058600613e-01
2.344875764169117360e+00 9.329925027944947491e-01 9.329925027944947491e-01 -9.997437838242914099e-01
3.507126184802933366e-01 1.143832815662000568e+00 1.143832815662000568e+00 6.453071139232676723e-01
5.179296783383721348e+00 1.132993275467251371e+00 1.132993275467251371e+00 -8.038951989526025299e-01
3.304875565486078415e+00 -4.993324907870719809e-01 -4.993324907870719809e-01 3.207922478638915997e-01
-5.242394220185763842e+00 2.175992868895118004e-01 2.175992868895118004e-01 8.723606054820033373e-01
3.699832526177255332e+00 -2.061928036214630833e-01 -2.061928036214630833e-01 8.985611550065700781e-01
-2.249650887876892824e-01 -9.185108473932731554e-01 -9.185108473932731554e-01 -4.349026616510859866e-01
6.133032042102835035e-01 7.970584211987352674e-02 7.970584211987352674e-02 9.413491107086405796e-01
1.054568237923967366e+00 -7.010105970733253589e-01 -7.010105970733253589e-01 8.585608885460357387e-01
7.936069556251403867e-01 4.457980077390710782e-02 4.457980077390710782e-02 9.998652344873911746e-01
3.320146258920091853e+00 -2.631366805596911940e-01 -2.631366805596911940e-01 3.495654107418256218e-01
-2.653327273961559651e+00 -1.240980842510184257e-01 -1.240980842510184257e-01 8.285599312789508897e-01
5.935379480918872019e-01 -1.103140570404020027e+00 -1.103140570404020027e+00 9.272782277947215768e-01
1.873424449810778825e-01 6.406858447343568574e-01 6.406858447343568574e-01 3.659792986145511962e-01
3.597827128369480931e+00 9.957175749982638546e-01 9.957175749982638546e-01 7.910166391557814647e-01
-5.893091636212575146e+00 -6.425717952243517050e-01 -6.425717952243517050e-01 7.034125907752662998e-01
-3.139809345643925109e+00 3.564597677564942391e-01 3.564597677564942391e-01 3.566608330070193157e-03
-6.204893611256669494e+00 -9.091828632652999564e-01 -9.091828632652999564e-01 1.559443145134366826e-01
5.136859108101647919e+00 -7.909140704555501777e-01 -7.909140704555501777e-01 -7.505805698527479031e-01
3.537824442375690381e+00 -1.014586632367604269e+00 -1.014586632367604269e+00 7.120850925551981403e-01
-1.540933710522018885e-01 -8.033734831495208395e-01 -8.033734831495208395e-01 -3.033313095232320622e-01
-6.181683108555517947e-01 -6.442869412921774508e-01 -6.442869412921774508e-01 -9.445878040896263927e-01
-5.308135105615425786e-01 1.179576717941292818e+00 1.179576717941292818e+00 -8.731497325492537653e-01
8.465833757662837300e-01 -1.192689642084640456e+00 -1.192689642084640456e+00 9.925220780904666640e-01
-2.629571859513013088e+00 1.065480439491155673e+00 1.065480439491155673e+00 8.542162864774179853e-01
-5.564314562177133716e+00 8.955631466129720941e-02 8.955631466129720941e-02 9.911612565446178413e-01
1.222288235974092530e+00 4.762272294023333075e-01 4.762272294023333075e-01 6.419326726760850033e-01
4.970014231072740429e+00 -9.275107378261371327e-01 -9.275107378261371327e-01 -4.927528431048628366e-01
5.542994837235967864e+00 4.378074759951082751e-01 4.378074759951082751e-01 -9.959153127164817043e-01
-3.924569045595513561e+00 3.015347647152237798e-01 3.015347647152237798e-01 -9.999882700695843507e-01
3.603184530304240241e+00 2.582011839456321844e-01 2.582011839456321844e-01 7.975263665595927476e-01
4.884580692061529561e+00 -1.143765953889907205e+00 -1.143765953889907205e+00 -3.376163678524878864e-01
2.429638526598292714e+00 7.001306590640061778e-01 7.001306590640061778e-01 -9.892313301022462868e-01
-1.417412669055389429e+00 -3.782294861200351521e-01 -3.782294861200351521e-01 -3.019784538472690683e-01
-5.431082843177017061e+00 6.021747067787550645e-01 6.021747067787550645e-01 9.911142632188197910e-01
-6.013386722047136423e+00 -1.369332594780321433e-01 -1.369332594780321433e-01 5.137904393866661312e-01
-4.175425353320370903e+00 2.510654027985008696e-01 2.510654027985008696e-01 -8.790793046229019581e-01
-1.138065911916545936e+00 4.780652039096626726e-01 4.780652039096626726e-01 -7.613940954728446453e-01
-3.056079495790754219e+00 -1.083108828189880191e+00 -1.083108828189880191e+00 1.701937808070451974e-01
-3.893941317659244117e+00 5.369198485031803081e-01 5.369198485031803081e-01 -9.978162564408155077e-01
1.586347642674661884e+00 -3.126248231982651227e-01 -3.126248231982651227e-01 -3.109761735740360772e-02
-1.462976740753285654e+00 2.782137715875547812e-01 2.782137715875547812e-01 -2.139718407148276103e-01
4.959334402687938237e+00 -1.044906484546060943e+00 -1.044906484546060943e+00 -4.740553372324032844e-01
2.069316374133896019e+00 3.372839058829835146e-01 3.372839058829835146e-01 -8.398680573948564820e-01
1.979010299973424480e+00 -1.160391468754035094e+00 -1.160391468754035094e+00 -7.287042396132464850e-01
2.770283060543439646e+00 8.739428156313751028e-01 8.739428156313751028e-01 -6.762197831436133066e-01
3.234287136929678397e+00 -2.394112847148959222e-01 -2.394112847148959222e-01 1.843288490531315993e-01
-1.060069818800778663e+00 1.068094541647923057e+00 1.068094541647923057e+00 -8.528675812679431534e-01
-2.859207975022050263e+00 -9.074073813516276843e-01 -9.074073813516276843e-01 5.352210034377480330e-01
-2.020359388813331769e+00 -3.326346060331584198e-01 -3.326346060331584198e-01 7.827834005895266678e-01
3.903911530832351318e+00 2.578227036789271231e-01 2.578227036789271231e-01 9.989348822341932443e-01
-2.046058591467462939e+00 4.482599209777686777e-01 4.482599209777686777e-01 8.137205027274522218e-01
1.851525391157693434e-01 -1.103525177907136667e+00 -1.103525177907136667e+00 3.618998479100953292e-01
3.791451069094929238e+00 3.984073897070197212e-01 3.984073897070197212e-01 9.634823994138497216e-01
-4.712482414030313649e+00 -1.483042516401626987e-01 -1.483042516401626987e-01 1.868672901600337887e-04
1.729261328019678245e+00 2.034296010395193477e-01 2.034296010395193477e-01 -3.116509324097447298e-01
