3.475345215478682803e+00 -2.433814127731011023e+00 1.787017652383155575e+00 -2.717881595471480782e+00
1.816169659160490113e+00 -2.236466234384657525e+00 2.762944871158607096e+00 -2.150023097351481560e+00
4.426666489323629605e+00 2.724331367257622816e+00 2.388828367130277464e+00 -2.257668567839402396e+00
-3.697105692533277033e+00 1.689397062580517250e+00 1.476325485289824435e+00 -2.100530674483163551e+00
4.296035372204642044e+00 -1.312262208104236549e+00 1.115825281716972928e+00 -1.896602387106002485e+00
-9.378622698701972737e-01 -1.945078985658059700e+00 1.249524284739335300e+00 -1.783739916700351147e+00
3.812814836473650715e+00 4.588540975032508129e+00 1.382820196780537580e+00 -2.096732951709602943e+00
-5.966494877323470725e+00 -3.680857692712197871e+00 1.840082440844044598e+00 -1.184585199635803221e+00
2.679049188927296044e+00 -3.451833971063363204e+00 1.863772436979576508e+00 -2.852196866459207669e+00
2.035347282254226897e+00 -5.420032033156224394e+00 1.320635527315145996e+00 -1.708766139823314489e+00
-4.062554792645165058e+00 -7.080272205131654673e-01 2.517787542214832364e+00 -1.540372651690047778e+00
-2.126895596737694127e+00 -3.100740139914775373e+00 1.965312765847359255e+00 -2.527436818375707439e+00
-2.968446548136265406e+00 -5.616209550327382338e+00 2.106575991363264233e+00 -1.226051931678802109e+00
-5.890516858959044200e+00 -4.958817215351086105e+00 1.628904916080757159e+00 -2.225375567307773750e+00
-5.736677645005793025e+00 4.791490418596231038e+00 2.518081679198650669e+00 -2.067509443123350721e+00
-5.709166500625457275e+00 -4.755597198508671575e+00 1.457495689436029807e+00 -2.036271754088145425e+00
-2.346662540823035936e+00 1.794210176551709779e+00 2.696074055755316223e+00 -2.155166084525172998e+00
3.979567499483849247e-01 2.121702689031625511e+00 1.669800149327601568e+00 -1.517446179832471209e+00
-4.138287728529163267e+00 -1.990894452951778248e+00 2.766669590581877891e+00 -2.221495346798171511e+00
-6.093984344195022551e+00 -3.491421848206421874e+00 1.935539954481451996e+00 -1.077333045690245683e+00
-1.801712420511583979e+00 1.857820414258194219e+00 2.933633590207592068e+00 -2.064792769208669831e+00
3.432963678325394952e+00 -5.666875867942236411e+00 2.166047505122608907e+00 -1.218377115714244674e+00
1.782059179235798041e+00 9.215643273540852221e-01 1.221161407109459862e+00 -1.873223775586611684e+00
-2.668654050681838807e+00 -6.037654219148476109e+00 2.110720119954378582e+00 -1.136465969266792442e+00
3.755906108829487167e+00 -2.624912270967735495e+00 1.715261540982516930e+00 -2.710499217310321285e+00
5.671124572225627603e+00 3.135356957243651266e-01 2.177206583533040085e+00 -2.778564746974702349e+00
4.635943053544595571e+00 -4.905812134623731779e+00 2.978485885330950822e+00 -1.985319922967289319e+00
5.761857692738324488e+00 -6.818099932092813731e-03 1.996604395529693710e+00 -2.867138594329477375e+00
4.778977627329034306e+00 1.535425087930996746e+00 2.997159684306058391e+00 -2.002353091979943489e+00
4.126907635772818495e-01 2.612666414859528885e+00 1.797614585860253467e+00 -1.209133154630096296e+00
-3.748005156997512355e+00 2.515759086818412982e+00 1.666154286374835536e+00 -2.665965703451298907e+00
5.196137579899474446e+00 6.075362417869776266e+00 1.817344673539095234e+00 -2.455093073767117495e+00
6.580656455672251326e-02 2.540445958163308759e+00 1.962807420505923162e+00 -1.177097412653970609e+00
-3.582365842130374567e+00 -1.967161297722829438e+00 2.393561761968035384e+00 -2.349168139081642792e+00
-5.750004357115751752e+00 2.574533385208855663e+00 1.726977919617265655e+00 -1.273595895722992477e+00
-5.514704386571034789e+00 -3.631420864726321529e+00 1.672999716239520485e+00 -1.365573386464514982e+00
4.651390477457944428e+00 -3.834637336187024292e+00 2.637694213619465433e+00 -2.046897320700530543e+00
6.219953980295640505e-01 1.123177737708426882e+00 1.474745232080615143e+00 -2.351760336867545043e+00
5.544062749376683641e+00 -1.273921904600141985e+00 1.355828347697968450e+00 -2.216199260891555944e+00
-1.000687711804611801e+00 -9.594557615169012621e-01 1.310632706194859498e+00 -2.309782789752881982e+00
-5.870330543259650646e+00 5.096789639804919503e-01 1.804243089057709248e+00 -2.799559287106177408e+00
3.070729498955611092e+00 4.425666830694824583e+00 2.067913367533971147e+00 -2.282099934912094064e+00
-5.492741241053132661e+00 -6.491329582045857194e-01 2.429594564636369469e+00 -2.560437624453133942e+00
3.329583804364718347e+00 6.261565245687204850e+00 1.995959831913447280e+00 -1.017847944457093590e+00
-5.741209852123060564e+00 -4.016330478534797521e+00 1.604165232843473898e+00 -1.450691158668343972e+00
-2.112737238240207205e+00 -2.686436091727339992e+00 1.623388126806161402e+00 -2.463287327399892757e+00
-2.433293300833121009e+00 -2.892165039925053804e+00 1.839413868212833369e+00 -2.735966684601276011e+00
-8.979893071688032080e-01 1.959691150178482388e+00 2.723676845741097807e+00 -1.763709916803974265e+00
3.024332745539437539e-01 2.508080228939199685e+00 1.823682575286233565e+00 -1.230625323046732333e+00
-1.032500208929649332e+00 5.509486766075561093e+00 1.400034159445682658e+00 -2.366731511535282273e+00
-1.069324784668230777e+00 -1.462359172716571010e+00 1.128274258102510474e+00 -2.052025422495388440e+00
-1.533066946981390899e+00 3.857155636383227559e+00 1.344424467525322076e+00 -1.971531486091618657e+00
2.056376691043341864e+00 -1.752723443271130499e+00 2.869808778474224997e+00 -2.084441729458151649e+00
-2.573940724693557947e+00 -2.313567542904253926e+00 1.603965814287344749e+00 -2.570259787351755421e+00
-2.132075519616905446e+00 -4.514577274242104643e+00 2.830065851943592836e+00 -2.104603841615558135e+00
1.395989319096750947e+00 7.682035628495151869e-01 1.315744909701369592e+00 -2.125074946219008165e+00
-5.407804510841721424e+00 -1.184578143157547281e+00 2.711232494147473027e+00 -2.241345625225225291e+00
5.559621382814249557e+00 -4.147699832236190431e+00 2.559278371316749734e+00 -1.598928883054613337e+00
-2.622127563408910955e+00 5.283487304051631028e+00 1.582361474941972990e+00 -1.530751180685488322e+00
-1.617654165573434000e+00 5.590851067585370870e+00 1.362364935517963449e+00 -1.963943997575066769e+00
-5.185146162528652347e+00 5.158770230180346417e+00 2.803078785957600516e+00 -2.196573389304323332e+00
-7.242203736951591253e-02 -6.108464686951585954e+00 2.012578339139722949e+00 -2.982193722417449067e+00
-1.927304072751052644e+00 4.649881049024608970e+00 1.064708838391177803e+00 -2.021801295839698476e+00
3.539436729947526672e+00 -3.910657527667549260e-02 1.984852734529926055e+00 -1.078806441936126959e+00
-8.152732173372454483e-01 -5.580304961258192975e+00 2.470536057400419594e+00 -2.523154509836545323e+00
-2.101600354146552441e+00 -3.344419335603250332e-01 1.716923926509604570e+00 -1.521821292768138711e+00
-2.179155675769786527e+00 -2.195745658977041437e+00 1.334510051125587182e+00 -2.334372440510407820e+00
-3.410384156402881839e+00 -3.951788529386996984e-01 2.102236012822591871e+00 -1.110212267906098837e+00
-1.348853236552409740e-01 -5.621822644112143053e+00 2.082594603616610751e+00 -2.781987932251652751e+00
-4.212516058419225828e+00 -1.071370001458048726e+00 2.770445868249673094e+00 -1.770445967973945933e+00
5.700859220192507237e+00 4.724866570006213351e+00 1.450074674449107093e+00 -2.010420833225214032e+00
5.328332044693427250e+00 -4.218474414120914062e+00 2.718676394889976144e+00 -1.726112637453947052e+00
2.711157820109713512e+00 -5.082875675684503491e+00 1.611044970300016699e+00 -1.670957208202382915e+00
2.440880756566984999e+00 -4.295245290176367803e+00 1.410526391553512449e+00 -2.309690481887195723e+00
-1.887138559183689779e+00 -6.238280217891774448e+00 2.042662542937865755e+00 -1.689221219606328539e+00
3.405209645356094939e+00 -4.364665415370330592e+00 2.244979140942245710e+00 -2.328986588789384804e+00
5.185854042571982347e+00 -4.096180286894915312e+00 2.726302007080665391e+00 -1.736472592174505447e+00
4.301883930878725337e+00 -5.690936316184403765e+00 2.511850436169972056e+00 -1.668894629976799715e+00
8.056025234095374188e-01 8.531303809096071333e-01 1.456652973981220844e+00 -2.455523737954969921e+00
4.728303681864339580e+00 2.530137465736748581e+00 2.573986898255816058e+00 -1.986969377330451980e+00
5.258506439828066092e+00 5.981077002394696862e-01 2.481178303187915102e+00 -2.429211480701329418e+00
-2.933118568713912744e+00 5.318955492608187896e+00 1.829953600914836942e+00 -1.442292956817981642e+00
2.378209197916911322e+00 1.817227229000476285e+00 1.329516851791538112e+00 -2.176249946065259788e+00
3.297799656165173232e+00 6.157776477715342978e+00 1.980540932912459029e+00 -1.019933293334536639e+00
-5.916884175951999225e+00 2.478457673422338914e+00 1.779517411718081865e+00 -1.264215227491263693e+00
9.149861933388425683e-01 6.228610028387775444e+00 2.043232396194718081e+00 -2.608893608362362393e+00
-4.811600027808481173e+00 -6.255425692505668600e+00 1.972380437489782867e+00 -2.099010213858040430e+00
-8.280063670594142167e-01 -1.240944432501259520e+00 1.303124576817177527e+00 -2.219070302631935387e+00
4.940672013435749577e+00 -2.775910280443684375e+00 1.651690456009692554e+00 -1.788657886623305382e+00
8.688455502850951362e-01 3.700435195724589121e+00 2.404856196601804719e+00 -1.452523544382628540e+00
-4.593101934047165713e-01 -3.166371872412773847e+00 2.010984244412339805e+00 -1.103916649679318240e+00
-3.736622223295786416e+00 7.271028809066288900e-01 1.627409080512521644e+00 -1.381299928672810928e+00
-3.783745604390641226e+00 -5.090486350176393060e-01 2.291882154633386293e+00 -1.300727463313560595e+00
1.801118539097027238e+00 -5.222959136821032189e+00 1.150573280332287451e+00 -1.888439831659320278e+00
-3.711494726137698041e+00 -2.438917011722137484e+00 2.348690308468499133e+00 -2.642508222541423812e+00
7.970350762528983779e-01 2.684872062842185159e-01 1.810253498991193588e+00 -2.673793759702005168e+00
3.662103571638679611e-01 2.427486690016781523e+00 1.765478567391960407e+00 -1.294429208337215975e+00
-5.044769364967241820e+00 -2.263505719935035465e+00 2.727401511118416888e+00 -1.791620639329594589e+00
2.995819721204002306e+00 -9.445357193483285840e-01 2.117691006145205446e+00 -1.420097307939350850e+00
-4.936228660414422542e+00 -3.574274946878670978e+00 1.591153332206594939e+00 -1.798481132671969407e+00
-4.347133332839677955e+00 1.243124039977292483e-01 1.884187003431950780e+00 -1.645568274606668657e+00
-1.948039279349318420e+00 -3.739444728941684559e+00 2.523289617499377968e+00 -2.304465593555818703e+00
5.882811078578358277e-01 -1.300362233066608475e+00 2.534762914851686144e+00 -2.222240772162045630e+00
