-2.759022166327868231e+00 -9.004258965319769104e-01 -9.004258965319769104e-01 6.926386882157413716e-01
1.122246474640999914e+00 -3.737173076549860085e-02 -3.737173076549860085e-02 7.815207648826996145e-01
2.912889849842173362e+00 -3.619982089030143735e-01 -3.619982089030143735e-01 -4.416219036117494667e-01
3.151797842575806641e+00 -4.592593256864373474e-01 -4.592593256864373474e-01 2.040896089699646351e-02
1.612378918665091199e+00 4.051118542148872681e-01 4.051118542148872681e-01 -8.306934894637728328e-02
-1.632570117673076915e+00 6.597519521390347030e-01 6.597519521390347030e-01 1.232335163968926034e-01
3.202683830477216276e+00 6.650357502618791106e-01 6.650357502618791106e-01 1.218785801685922515e-01
3.400221410903467856e-01 -5.272486088331995724e-02 -5.272486088331995724e-02 6.288274560175877159e-01
-4.312886532914641080e+00 -5.325958833288413352e-01 -5.325958833288413352e-01 -7.166624394670092491e-01
-1.002875794473916393e+00 1.378084188194494963e-02 1.378084188194494963e-02 -9.068888943858789409e-01
-3.419305800531422079e+00 -1.668677214120599661e-01 -1.668677214120599661e-01 -5.273055596716194060e-01
4.358379259257789684e+00 1.413691467862521201e-01 1.413691467862521201e-01 6.503305140714814581e-01
5.146155584818155049e-01 -7.668755784117226026e-01 -7.668755784117226026e-01 8.569029003414273538e-01
4.854047486799544231e-01 -1.160217881037757914e+00 -1.160217881037757914e+00 8.253430514984997357e-01
5.652428791908908678e+00 -9.005968798339698544e-01 -9.005968798339698544e-01 -9.525519619447756492e-01
-4.519031007376595355e+00 1.140840082248687493e+00 1.140840082248687493e+00 -3.771489191341002578e-01
6.143209622138201098e+00 6.117394969452785158e-01 6.117394969452785158e-01 -2.763089121909419466e-01
-1.481540512384958319e+00 -2.233872140895409864e-01 -2.233872140895409864e-01 -1.775650510708881025e-01
-3.338104475023453865e+00 4.199318515418526410e-01 4.199318515418526410e-01 -3.829832676246130441e-01
-4.103797505356992836e+00 9.486248777549299849e-01 9.486248777549299849e-01 -9.381275641328680193e-01
3.118541586692028744e+00 -8.674131863929046560e-02 -8.674131863929046560e-02 -4.608580456661816316e-02
7.119249593453735869e-01 3.044534451908031958e-01 3.044534451908031958e-01 9.892227904405977990e-01
3.404027612833624872e+00 9.556921104411288947e-01 9.556921104411288947e-01 5.011004377865651005e-01
-4.364656845201357882e+00 -1.705623983282329448e-01 -1.705623983282329448e-01 -6.407419550755151239e-01
-5.426041355611329386e+00 2.611948180651098017e-01 2.611948180651098017e-01 9.897227358572463496e-01
2.536855291258504508e+00 2.894646605740502920e-02 2.894646605740502920e-02 -9.354304401019628568e-01
-1.506190446214964673e+00 6.487740607918981439e-01 6.487740607918981439e-01 -1.288525148314349222e-01
4.816766400833564887e+00 5.867355673865570775e-01 5.867355673865570775e-01 -2.072419344647317141e-01
5.134562523228378694e+00 6.483598951490210371e-01 6.483598951490210371e-01 -7.475375931227667969e-01
-5.605741414750483820e+00 -2.448224654209860685e-01 -2.448224654209860685e-01 9.767821559260349007e-01
9.850729467054000210e-01 1.001600551395913419e+00 1.001600551395913419e+00 9.213140898415652646e-01
1.174106787379812111e+00 1.188125573613866726e+00 1.188125573613866726e+00 7.127275612326958720e-01
1.554110788556546829e+00 -6.686479178203174056e-01 -6.686479178203174056e-01 3.336488298990135382e-02
-1.945625386644611154e+00 5.202499539513023574e-01 5.202499539513023574e-01 6.813885701820940888e-01
-8.334475790958846275e-01 -5.313118936266914005e-02 -5.313118936266914005e-02 -9.953860597481644090e-01
3.928380507193280025e+00 9.048825342488446832e-01 9.048825342488446832e-01 9.999961375247488071e-01
4.606935443467000013e+00 3.203376302938103493e-01 3.203376302938103493e-01 2.093469602187644774e-01
6.154401467517409685e+00 1.150760050031535142e+00 1.150760050031535142e+00 -2.547292234178025749e-01
3.103120654756464702e+00 -1.000313672553898581e+00 -1.000313672553898581e+00 -7.686809720298304338e-02
3.105422149464722281e+00 -9.406432111266316287e-01 -9.406432111266316287e-01 -7.227792867156257461e-02
-6.084369705989980837e+00 -1.651637876151097473e-01 -1.651637876151097473e-01 3.872354447058689031e-01
2.557469899444381412e+00 -8.358603095232632896e-01 -8.358603095232632896e-01 -9.200646630460515007e-01
8.652950309555542674e-01 -1.293186743173686537e-01 -1.293186743173686537e-01 9.872601241258744942e-01
6.226375448477758923e-01 -8.835816599339948452e-01 -8.835816599339948452e-01 9.474841621043004203e-01
-3.346850001472715608e+00 3.402010446211889416e-02 3.402010446211889416e-02 -3.990813133697108106e-01
-5.567788885238432073e+00 -6.107551675523820167e-01 -6.107551675523820167e-01 9.902155101901606304e-01
-3.304616427843310777e+00 1.293230665233942034e-01 1.293230665233942034e-01 -3.203013205810985031e-01
-5.927475487919362962e+00 6.772363603953726052e-01 6.772363603953726052e-01 6.529097135473528324e-01
1.507408014492114923e+00 5.206296040619275978e-01 5.206296040619275978e-01 1.264372984857806692e-01
2.416797266023561264e+00 3.182779602671934605e-01 3.182779602671934605e-01 -9.926635951867972540e-01
4.751563841439999436e+00 -1.122176819245302992e+00 -1.122176819245302992e+00 -7.826958607933653944e-02
-1.080004309144303676e+00 3.579700730699468814e-01 3.579700730699468814e-01 -8.313786715721864784e-01
-6.052810521994031134e+00 8.422823636151655080e-03 8.422823636151655080e-03 4.446196365883385848e-01
3.143406168673445578e+00 5.735072559871601250e-02 5.735072559871601250e-02 3.627022214835999830e-03
5.085436273379949412e+00 -1.159882586215184475e+00 -1.159882586215184475e+00 -6.787760210695499286e-01
-6.087988409752820296e+00 -5.862115348657651603e-01 -5.862115348657651603e-01 3.805526100627628083e-01
-5.901171536972824150e+00 6.160666644235046618e-02 6.160666644235046618e-02 6.918351560266117195e-01
-3.262787446079430165e+00 2.819064288411745611e-01 2.819064288411745611e-01 -2.400230401981798822e-01
-6.247115713921629343e+00 -1.552657016891521025e-01 -1.552657016891521025e-01 7.207663332534516853e-02
9.388524573184531263e-01 7.069880428434052178e-01 7.069880428434052178e-01 9.532720797202244301e-01
-6.278133313398591042e+00 -4.938823482137887355e-01 -4.938823482137887355e-01 1.010381564256919787e-02
3.553133937171070400e+00 -1.072813097596825083e+00 -1.072813097596825083e+00 7.332453453359374373e-01
-3.720824110325180900e+00 -3.254926311162469332e-01 -3.254926311162469332e-01 -9.161882065668923714e-01
-3.912705354868047269e+00 -1.586798970919185425e-01 -1.586798970919185425e-01 -9.995918789075748379e-01
-3.858344101868142584e+00 -3.472610121117066795e-01 -3.472610121117066795e-01 -9.905900520048135371e-01
4.009792877740405714e+00 -4.119326637897836596e-01 -4.119326637897836596e-01 9.863189469837733148e-01
4.298086954950793626e+00 -4.798054897791445006e-01 -4.798054897791445006e-01 7.369885601906009942e-01
3.153435628856895434e+00 -6.861308716304437283e-01 -6.861308716304437283e-01 2.368373586421312210e-02
-2.369461886693219999e+00 9.355856194736997811e-01 9.355856194736997811e-01 9.996479730359467686e-01
3.829658794416225476e+00 9.192684205532020147e-01 9.192684205532020147e-01 9.811127109937858304e-01
-5.792408426811726407e+00 -3.527853946996205581e-01 -3.527853946996205581e-01 8.313618474240871414e-01
1.529273522329183344e+00 7.194636885537268878e-01 7.194636885537268878e-01 8.295018682200781812e-02
9.645435258994403682e-01 -4.180560801283084160e-01 -4.180560801283084160e-01 9.364975897558320828e-01
3.862792857549356640e+00 -1.734304095934171563e-01 -1.734304095934171563e-01 9.917685616249366509e-01
5.260305081895284118e+00 1.115973417866193307e+00 1.115973417866193307e+00 -8.893091286284817709e-01
6.140131684509780641e+00 6.732709365041824601e-01 6.732709365041824601e-01 -2.822198596222741940e-01
-7.829207953249284202e-02 6.209926344536078613e-01 6.209926344536078613e-01 -1.559450723462668942e-01
1.087682717488911877e+00 -7.319100335791024481e-01 -7.319100335791024481e-01 8.227470961932585869e-01
-1.976829484408630933e+00 -5.304218629032698695e-01 -5.304218629032698695e-01 7.257103482386828563e-01
5.648448612086628629e+00 -6.439144548340990371e-01 -6.439144548340990371e-01 -9.549446987432187450e-01
2.421259607326215146e+00 -3.584243941627982544e-01 -3.584243941627982544e-01 -9.915450024982743749e-01
5.232710275463665184e+00 6.303170290682655885e-01 6.303170290682655885e-01 -8.627293413231237329e-01
-2.988621171379740371e+00 1.266422317197419822e-01 1.266422317197419822e-01 3.011924853068465580e-01
4.879655458672367274e-01 -7.385999596268455480e-01 -7.385999596268455480e-01 8.282240282475474835e-01
1.407825291109527477e+00 4.403157603991227909e-01 4.403157603991227909e-01 3.202013986507439847e-01
5.953972509087337883e+00 8.579627978006316713e-01 8.579627978006316713e-01 -6.118723258230407414e-01
2.510237585339609723e+00 8.623627346342399580e-01 8.623627346342399580e-01 -9.529156496683663935e-01
-6.033364177485651680e+00 1.068740255999879318e+00 1.068740255999879318e+00 4.791115610099704880e-01
-3.713962564113822751e+00 2.294590406463492549e-01 2.294590406463492549e-01 -9.106026053069504744e-01
5.515210132258378195e+00 6.192472788352798574e-02 6.192472788352798574e-02 -9.993929403752898066e-01
-6.173363218544292153e-01 -6.205950048825628063e-01 -6.205950048825628063e-01 -9.440402811187550425e-01
2.771041454839195950e-01 -5.188755961275016704e-01 -5.188755961275016704e-01 5.262702612737329977e-01
-1.897677820688450367e+00 8.344811237698503970e-01 8.344811237698503970e-01 6.081777675396955463e-01
5.231449873699213882e+00 4.616642918961813002e-01 4.616642918961813002e-01 -8.614519170015891847e-01
1.022386432902451681e+00 -1.152539761160773724e+00 -1.152539761160773724e+00 8.897603238466159636e-01
4.101751303330559040e+00 -7.058908920267437104e-02 -7.058908920267437104e-02 9.395368624789655065e-01
-3.852418422212153359e+00 1.035994325714268971e-01 1.035994325714268971e-01 -9.888985173868547474e-01
-1.238044067202790366e+00 -4.312336180271248987e-01 -4.312336180271248987e-01 -6.174560687927270752e-01
-8.765386462230173592e-01 -2.997815558546135239e-01 -2.997815558546135239e-01 -9.834327734627132944e-01
3.345310876358533747e+00 9.263951307968432136e-01 9.263951307968432136e-01 3.962569315896118938e-01
-4.585730544888763305e+00 8.229596164628396604e-01 8.229596164628396604e-01 -2.506163499444254428e-01
-3.143469061222033734e+00 9.515786422404137745e-02 9.515786422404137745e-02 -3.752806455615000612e-03
-8.970022538979298687e-01 -3.134401785314249178e-01 -3.134401785314249178e-01 -9.751923082294702283e-01
-5.204511463731877896e-01 -9.374810059353969605e-01 -9.374810059353969605e-01 -8.628606349920292518e-01
2.053866435352594166e+00 4.189536570321852338e-01 4.189536570321852338e-01 -8.226976407664411406e-01
1.992651520647275021e-01 -7.585117402866670133e-01 -7.585117402866670133e-01 3.880642426836774517e-01
5.901114212312364771e+00 7.367385234273471362e-02 7.367385234273471362e-02 -6.919179346500305972e-01
4.524244634676655608e+00 8.046518459759182118e-01 8.046518459759182118e-01 3.674713618000515214e-01
6.402342035770711703e-01 6.014983660204207272e-01 6.014983660204207272e-01 9.581500546428485254e-01
-3.166303687813013745e+00 2.726128668068055205e-01 2.726128668068055205e-01 -4.940195166655960562e-02
-5.454293795516789167e+00 -4.220675282461280320e-01 -4.220675282461280320e-01 9.962190423253606264e-01
-5.939022660819143873e+00 -9.754149700380461141e-01 -9.754149700380461141e-01 6.352446788803800537e-01
-4.398043536264646391e-01 5.003060881241212510e-01 5.003060881241212510e-01 -7.704895072798991773e-01
-4.301090792157697962e+00 8.027676336432711945e-01 8.027676336432711945e-01 -7.329146664277624845e-01
-3.189205782322670490e+00 -1.065261504811403137e+00 -1.065261504811403137e+00 -9.508240345122705162e-02
4.568401678225241014e+00 -3.430521386812993567e-01 -3.430521386812993567e-01 2.840108169045148512e-01
-4.559886652865140277e+00 3.453495463479907546e-01 3.453495463479907546e-01 -3.002976154008667464e-01
2.247313585939107128e+00 -1.169750959128296852e+00 -1.169750959128296852e+00 -9.763834442301310146e-01
-4.858888699537970979e+00 4.152985301198928170e-01 4.152985301198928170e-01 2.888251278801618471e-01
5.436154914615311640e+00 6.103342813831167391e-01 6.103342813831167391e-01 -9.924125510138936956e-01
4.877854655251807614e-01 2.264942971943466610e-01 2.264942971943466610e-01 8.280221415163070420e-01
-3.793768576082571009e+00 -7.968400963209241183e-01 -7.968400963209241183e-01 -9.647131709934121391e-01
-1.039178501482360240e+00 -1.158404431404593815e-01 -1.158404431404593815e-01 -8.739327323116033996e-01
1.532083962354920281e+00 3.271347020543604600e-01 3.271347020543604600e-01 7.734739716212329919e-02
-1.042732241744007915e+00 -1.063285441241201390e+00 -1.063285441241201390e+00 -8.704561187698156566e-01
-1.944049432628603746e+00 1.019290035686467144e+00 1.019290035686467144e+00 6.790782389639874461e-01
1.550188934070054536e+00 -7.137548994728097895e-01 -7.137548994728097895e-01 4.120311813279021323e-02
-4.267600036579003664e+00 7.087228017735427432e-01 7.087228017735427432e-01 -7.768059956918643705e-01
-2.927059327100417718e+00 6.848037642615634191e-02 6.848037642615634191e-02 4.160222405018038083e-01
-1.617370296147586650e+00 -1.100459809016402613e+00 -1.100459809016402613e+00 9.301329685075368503e-02
5.094432203324036124e+00 -2.336235547801939205e-01 -2.336235547801939205e-01 -6.918776878402581598e-01
-5.041594486955780496e-01 -4.268891673245529539e-01 -4.268891673245529539e-01 -8.459365359749250191e-01
-2.755490072276067792e-01 -7.399782266162637789e-01 -7.399782266162637789e-01 -5.236229979060370576e-01
5.069297974049867150e+00 5.935699447966156228e-01 5.935699447966156228e-01 -6.547244291279193940e-01
-2.872548286108704829e-01 -8.918611510017626642e-02 -8.918611510017626642e-02 -5.434232334363291450e-01
1.609452974808325720e+00 1.699181588192733017e-02 1.699181588192733017e-02 -7.723629765927976509e-02
4.459779078209162861e+00 1.058913206048572864e-01 1.058913206048572864e-01 4.839997957924965788e-01
-6.053368036174283873e+00 -3.871007388439687835e-01 -3.871007388439687835e-01 4.436206077819187521e-01
-5.378729833899951629e+00 -8.401644361985857179e-01 -8.401644361985857179e-01 9.717844080333952750e-01
3.395920092773309307e+00 -1.727100732761517321e-01 -1.727100732761517321e-01 4.870028580774103388e-01
-2.380230793038252912e+00 1.141542491542884008e-01 1.141542491542884008e-01 9.988447347991662451e-01
4.134095908792811969e+00 1.169582819540223584e+00 1.169582819540223584e+00 9.154344810470567140e-01
-1.715923966632182385e-01 8.589530508909450912e-01 8.589530508909450912e-01 -3.364878745693073436e-01
-6.165707611735117055e+00 6.587454384361910442e-01 6.587454384361910442e-01 2.327996022804944831e-01
1.310804187335166127e+00 3.749503961211153591e-01 3.749503961211153591e-01 4.968664947271177468e-01
3.618225462959767214e+00 -1.954127381661632246e-01 -1.954127381661632246e-01 8.153107193751111259e-01
3.100162476196439698e-01 -8.679487444969282706e-01 -8.679487444969282706e-01 5.810616074057316505e-01
-4.704329147302804159e+00 3.824278468688753208e-01 3.824278468688753208e-01 -1.611896807406000900e-02
7.353406659663805911e-01 1.312015458904001175e-01 1.312015458904001175e-01 9.949926783691900312e-01
-4.932374241964649464e+00 -1.092371196986188453e+00 -1.092371196986188453e+00 4.259127956608678711e-01
-9.211022821910681557e-01 7.028536271445302575e-01 7.028536271445302575e-01 -9.633943196123723185e-01
-1.226571770201394962e+00 -6.794604297316911845e-01 -6.794604297316911845e-01 -6.353403019118796236e-01
6.156958355684571060e+00 -1.031199740122739295e+00 -1.031199740122739295e+00 -2.497808290686445998e-01
2.911987478839760612e+00 2.382474135792722603e-01 2.382474135792722603e-01 -4.432404003249643676e-01
3.819685214843012488e+00 1.154216821801395509e+00 1.154216821801395509e+00 9.770592689290611421e-01
3.807148323364462073e+00 -5.516881343456825348e-02 -5.516881343456825348e-02 9.714128060154724187e-01
-3.455249794248045792e+00 4.783382968723541850e-01 4.783382968723541850e-01 -5.869725012010250653e-01
3.482725169615914496e-01 -2.898841966751430910e-02 -2.898841966751430910e-02 6.415713437416811216e-01
5.773421951418463038e+00 3.143020808148730971e-01 3.143020808148730971e-01 -8.518602234472932855e-01
3.082963383233998655e+00 2.717069077062232996e-01 2.717069077062232996e-01 -1.169900163876059218e-01
1.589597610565641972e+00 -1.964732790592420564e-01 -1.964732790592420564e-01 -3.759370679021390577e-02
1.716621517976006928e+00 -1.053511965312789345e+00 -1.053511965312789345e+00 -2.875333037449581131e-01
5.094310121107298528e+00 -1.013485031202272291e+00 -1.013485031202272291e+00 -6.917013769018058866e-01
-2.887648143451774452e+00 7.398672328929121189e-01 7.398672328929121189e-01 4.863338145754292907e-01
4.332060804334224358e+00 1.174416134799931344e+00 1.174416134799931344e+00 6.893970443218603306e-01
-2.178444412220478910e+00 4.945243304062396650e-01 4.945243304062396650e-01 9.374725221605106906e-01
-4.913215114596609645e+00 -8.586689926253119332e-01 -8.586689926253119332e-01 3.909396500588838697e-01
-2.946227570103197912e+00 4.483397439767804471e-01 4.483397439767804471e-01 3.808636517643199659e-01
4.760543116692369736e+00 -1.180961097133144566e+00 -1.180961097133144566e+00 -9.615946055919656621e-02
2.725377665542746186e+00 8.979022454352680871e-01 8.979022454352680871e-01 -7.395691227979752647e-01
9.326645770342922859e-01 -1.623465725655743874e-01 -1.623465725655743874e-01 9.569378636333006893e-01
-3.112366485364775670e+00 5.349964645349127856e-01 5.349964645349127856e-01 5.841905669021056624e-02
5.991132160510792559e+00 -9.516970653206366926e-01 -9.516970653206366926e-01 -5.514540678597117385e-01
2.234311897326993090e+00 2.870081744845771610e-01 2.870081744845771610e-01 -9.704360972912321470e-01
5.906445379040787813e+00 8.645687938154764662e-01 8.645687938154764662e-01 -6.841807998742289731e-01
-2.294821015220135596e+00 1.157978267939748784e+00 1.157978267939748784e+00 9.924760470936856427e-01
-4.986009051484659338e+00 1.084600728238704903e-02 1.084600728238704903e-02 5.203323948608554739e-01
-3.174315022710444190e+00 -6.941651940751071281e-01 -6.941651940751071281e-01 -6.539803145894117209e-02
2.473289960918879871e+00 -6.942422590000302263e-01 -6.942422590000302263e-01 -9.727024066274864156e-01
-5.001826934704507011e+00 9.007985432508938128e-01 9.007985432508938128e-01 5.470833303154647442e-01
5.821528624131090623e+00 6.402590093690450068e-01 6.402590093690450068e-01 -7.976045531210498307e-01
2.398881414656420574e+00 -8.477964461656941619e-01 -8.477964461656941619e-01 -9.963578659660968784e-01
8.652126757599587492e-01 4.005307901169219420e-02 4.005307901169219420e-02 9.872863185573602651e-01
2.839974442012287881e+00 5.597881625434260044e-01 5.597881625434260044e-01 -5.673106468738650099e-01
2.390473892512545717e+00 1.138568325391206004e+00 1.138568325391206004e+00 -9.976507655468920266e-01
-2.891171380107639521e+00 -8.579559893619728150e-01 -8.579559893619728150e-01 4.801647728715888741e-01
-1.297258178273785312e+00 7.604042610998924534e-01 7.604042610998924534e-01 -5.201924700411592051e-01
5.754009536305995098e+00 -8.696094217305523344e-01 -8.696094217305523344e-01 -8.715484122165599867e-01
1.472086400145108165e+00 1.016294916285060301e+00 1.016294916285060301e+00 1.961399567676285205e-01
-6.245260545799680152e+00 -9.268887445262236069e-01 -9.268887445262236069e-01 7.577681472969662047e-02
4.071628114311685920e+00 -1.027171115592552031e+00 -1.027171115592552031e+00 9.584510546486136873e-01
-4.637030405973911584e+00 4.817424875580911259e-01 4.817424875580911259e-01 -1.501471899979527624e-01
-4.149033313339097973e+00 -1.902767641545977106e-02 -1.902767641545977106e-02 -9.030041595922843056e-01
3.797068166838293735e+00 8.528553902288875666e-01 8.528553902288875666e-01 9.664297368553277368e-01
4.553377303887156557e+00 3.461568477096763630e-01 3.461568477096763630e-01 3.126896439652612214e-01
-5.612611788312891647e+00 9.954928481806419871e-01 9.954928481806419871e-01 9.737462893353820981e-01
-2.637720754816607283e+00 -4.176787024584338592e-01 -4.176787024584338592e-01 8.456297047950785961e-01
3.139812133662431393e+00 -1.125367018906685113e+00 -1.125367018906685113e+00 -3.561032328467854044e-03
-8.951179726718114793e-01 -5.546591466896498845e-01 -5.546591466896498845e-01 -9.760195879278467102e-01
-2.666893748830831967e+00 -1.145003684826283674e+00 -1.145003684826283674e+00 8.130650733046829171e-01
-4.480878122948015019e+00 -1.138191642224199773e+00 -1.138191642224199773e+00 -4.466536912137269999e-01
-2.510153396250649038e+00 -1.853936120530537135e-01 -1.853936120530537135e-01 9.529666943998730266e-01
4.167672625017697641e-01 -1.173867038871650337e+00 -1.173867038871650337e+00 7.403121219571066058e-01
-2.318298953334005041e+00 -4.321131886135718414e-01 -4.321131886135718414e-01 9.971292311771868810e-01
-1.078455105519969592e+00 1.883989914940813470e-01 1.883989914940813470e-01 -8.330964826130051737e-01
-3.500579501519700987e+00 -1.237659796184731320e-02 -1.237659796184731320e-02 -6.578599322662904703e-01
-3.052141535780827031e+00 -1.808421217647846468e-01 -1.808421217647846468e-01 1.779494372062182805e-01
-1.224778469424565586e-01 8.669079320803063649e-01 8.669079320803063649e-01 -2.425133415345429033e-01
-3.426726916773940701e+00 8.642038737495294498e-02 8.642038737495294498e-02 -5.398581018871118076e-01
-6.547892614809809331e-01 4.172376192404823048e-01 4.172376192404823048e-01 -9.660761879300377997e-01
8.732925461856364535e-01 -7.806328492142221576e-01 -7.806328492142221576e-01 9.845889020893219268e-01
-2.954107962596627779e+00 4.735392462344183429e-01 4.735392462344183429e-01 3.662440386192817310e-01
-6.094451228924153696e+00 -7.332820571330771475e-01 -7.332820571330771475e-01 3.685680495714050986e-01
1.070182357493267844e-01 9.864461751767239495e-01 9.864461751767239495e-01 2.124059848109764448e-01
-1.534050005615146262e+00 4.378889034403570246e-01 4.378889034403570246e-01 -7.342650253306223784e-02
5.884348504953759829e+00 6.419396852712313528e-01 6.419396852712313528e-01 -7.157333357679989128e-01
2.250245365763300143e+00 -7.450759131985744688e-01 -7.450759131985744688e-01 -9.776334441022572763e-01
-2.359086794931509079e+00 -5.918495172328808174e-01 -5.918495172328808174e-01 9.999832691932452056e-01
5.642505497656538083e+00 -7.861002257627092149e-02 -7.861002257627092149e-02 -9.584047981522888504e-01
-1.409184707145155535e+00 -5.722810756008308575e-01 -5.722810756008308575e-01 -3.176245341649863163e-01
4.729845582976494711e+00 4.049586484961569255e-01 4.049586484961569255e-01 -3.490611281264659194e-02
-3.011969301928198117e+00 -4.749678449037640915e-01 -4.749678449037640915e-01 2.563525006610409829e-01
-1.760464693201688746e-01 -1.032823186522791037e-01 -1.032823186522791037e-01 -3.448631044553460145e-01
3.777861583689956504e+00 -7.045102586653606558e-01 -7.045102586653606558e-01 9.558496984392400586e-01
-4.000970909026695388e+00 -1.998624903103294326e-01 -1.998624903103294326e-01 -9.890738469436328728e-01
3.190302274364917423e+00 3.317249054888002924e-01 3.317249054888002924e-01 9.726522162943739003e-02
-4.097193929204939522e+00 1.128145943014646768e-02 1.128145943014646768e-02 -9.426191171404740832e-01
-4.438537939457103398e+00 -5.914038015080919086e-01 -5.914038015080919086e-01 -5.207268190811156217e-01
-5.817462443232633618e+00 -2.432182561862911152e-01 -2.432182561862911152e-01 8.024834081023555221e-01
-4.486121069274911832e+00 -9.419786971555974553e-01 -9.419786971555974553e-01 -4.372475069345435617e-01
5.824112669075294235e-01 1.070765749096236563e+00 1.070765749096236563e+00 9.187182687437897011e-01
5.629359698354138075e+00 1.062630181039078137e+00 1.062630181039078137e+00 -9.655766534514931276e-01
9.313892996614994146e-01 3.464666034167831477e-01 3.464666034167831477e-01 9.576751579805206083e-01
-2.186676515972262536e+00 6.683231068310280243e-02 6.683231068310280243e-02 9.430757261340140252e-01
2.631237800894387746e+00 -1.155930013899104658e-01 -1.155930013899104658e-01 -8.524792429595349219e-01
-1.677068901079600494e+00 -1.131621961220238726e+00 -1.131621961220238726e+00 2.109484559636451151e-01
3.086768000233160336e+00 -2.903774596891128823e-02 -2.903774596891128823e-02 -1.094297203628728232e-01
-3.642060805083712882e+00 -6.256423021499888382e-01 -6.256423021499888382e-01 -8.419765025539700520e-01
9.258837361996814508e-01 8.036497143163161549e-01 8.036497143163161549e-01 9.607866035824990103e-01
-5.453802676142430528e+00 2.422901954583358552e-01 2.422901954583358552e-01 9.961332277735962526e-01
-1.968569209127558395e+00 -1.609475790380086035e-01 -1.609475790380086035e-01 7.142456892816611003e-01
2.658098511038243572e+00 -4.908425144268070417e-01 -4.908425144268070417e-01 -8.231794538631689306e-01
-5.924603927788831825e-01 -4.519129974744445777e-01 -4.519129974744445777e-01 -9.264692599749381197e-01
-2.295091652571357610e+00 4.966949885970264322e-01 4.966949885970264322e-01 9.925421748085322404e-01
1.489285404646920163e+00 -1.029795838871070623e+00 -1.029795838871070623e+00 1.623007217990812823e-01
-1.058948035914424324e-01 -1.218077913920698752e-01 -1.218077913920698752e-01 -2.102098562453665609e-01
2.126643259273075515e+00 -2.355217824771902446e-01 -2.355217824771902446e-01 -8.964505969211271630e-01
1.530662251188580569e+00 -6.505953793160879073e-03 -6.505953793160879073e-03 8.018198467913226213e-02
5.124765144970119479e+00 7.875248657556288556e-01 7.875248657556288556e-01 -7.343797009531126685e-01
1.467480113818774967e+00 -6.684430662395309808e-01 -6.684430662395309808e-01 2.051651325206006182e-01
5.042990541833942686e+00 2.968089863944842755e-01 2.968089863944842755e-01 -6.140668657427795774e-01
4.913689096876700191e+00 1.082725484204860811e+00 1.082725484204860811e+00 -3.918119963175732412e-01
3.176219963119510936e+00 -9.101587576578487049e-01 -9.101587576578487049e-01 6.919927247368672096e-02
4.346097913251549372e+00 -2.181820033995361952e-01 -2.181820033995361952e-01 6.687915500763158549e-01
1.662572520336191850e+00 1.904652967133593222e-01 1.904652967133593222e-01 -1.825234300740149751e-01
-1.793601093685019521e+00 1.142504521122594374e+00 1.142504521122594374e+00 4.310079719934969411e-01
-4.069037858761094029e+00 8.350545418643429141e-01 8.350545418643429141e-01 -9.599159639936242217e-01
1.077682788762279742e+00 -3.116299738710281986e-01 -3.116299738710281986e-01 8.339498680151755661e-01
-3.052757224607045128e+00 6.026904968926496409e-01 6.026904968926496409e-01 1.767375781886595387e-01
4.331748683457927740e+00 8.631622885660823474e-01 8.631622885660823474e-01 6.898491005088540629e-01
-1.813262299152137658e+00 5.928115896718684219e-01 5.928115896718684219e-01 4.661481515628399519e-01
-4.997212947920365522e+00 7.929589680896145243e-01 7.929589680896145243e-01 5.393356114897239761e-01
-1.154386982321716992e+00 5.071548435275681221e-01 5.071548435275681221e-01 -7.398307020029718517e-01
3.420289992326438266e+00 -1.341189431601252924e-01 -1.341189431601252924e-01 5.289770248247448459e-01
7.067356237618840353e-01 6.901244151660173021e-01 6.901244151660173021e-01 9.876499145381016920e-01
7.504257284633899516e-01 6.696954817950384609e-02 6.696954817950384609e-02 9.975548546957314633e-01
5.222663420843993265e+00 9.056651392675501011e-01 9.056651392675501011e-01 -8.523951591616287793e-01
8.557756434950460900e-01 -6.801187000109294445e-01 -6.801187000109294445e-01 9.901103645314094370e-01
4.686280792231345416e+00 -4.873269941114291015e-01 -4.873269941114291015e-01 5.219265111490780512e-02
-1.979779918811744643e+00 6.628505354774727465e-02 6.628505354774727465e-02 7.297574898479787242e-01
-1.015431679681459087e+00 1.142373763994171787e+00 1.142373763994171787e+00 -8.960227365307238401e-01
-1.120777631472209990e+00 1.140533621849548984e+00 1.140533621849548984e+00 -7.833501514777928554e-01
5.069016553627797350e+00 -4.691568289905113653e-01 -4.691568289905113653e-01 -6.542988922526370432e-01
-1.321032008609958730e+00 2.531496024742432294e-01 2.531496024742432294e-01 -4.790118248571524351e-01
-2.321702277232448264e+00 1.026837582780025793e+00 1.026837582780025793e+00 9.976215179515468545e-01
-4.439339655196414824e+00 -1.187424389636482003e+00 -1.187424389636482003e+00 -5.193572633617835610e-01
4.711906996685575777e+00 -3.767325364070243099e-01 -3.767325364070243099e-01 9.639672489364255453e-04
5.489849989225252358e+00 -1.110929605214413307e+00 -1.110929605214413307e+00 -9.998740058009255582e-01
6.163450208902961691e+00 -7.212106892674527980e-01 -7.212106892674527980e-01 -2.371879748835978019e-01
2.343639777168577965e+00 1.162520280464425459e+00 1.162520280464425459e+00 -9.996847749243154002e-01
-1.245657416642648840e+00 -2.504409325159540067e-02 -2.504409325159540067e-02 -6.054075506211209490e-01
3.779267710232387500e+00 1.134690220638372216e+00 1.134690220638372216e+00 9.566723150236237094e-01
-2.332612236602308542e+00 -1.104336176074913745e+00 -1.104336176074913745e+00 9.988879607975694741e-01
-3.492833521854105783e+00 7.207973898633641685e-01 7.207973898633641685e-01 -6.461138382114995915e-01
-4.205283183568408134e+00 -3.515163295968229962e-01 -3.515163295968229962e-01 -8.490643088859384235e-01
5.657079956192752945e+00 -4.445623504223604749e-01 -4.445623504223604749e-01 -9.496793836172789938e-01
-1.913030626596299300e+00 6.414828202122395684e-01 6.414828202122395684e-01 6.322613956174155669e-01
2.488860786849022233e+00 -7.684936855368613706e-01 -7.684936855368613706e-01 -9.650053382331928997e-01
-1.085905135210834871e+00 -3.944068772048404670e-01 -3.944068772048404670e-01 -8.247626751142971280e-01
-6.125402207073595839e+00 5.761861035817719134e-01 5.761861035817719134e-01 3.103547626492351719e-01
5.218491010675174735e+00 1.389887861850538364e-01 1.389887861850538364e-01 -8.480020400152541438e-01
-6.281748030835880847e+00 3.938461328515043824e-01 3.938461328515043824e-01 2.874548728649287382e-03
-3.623787969104250273e+00 4.139276271689613651e-01 4.139276271689613651e-01 -8.217017788292780844e-01
3.205457317406684936e+00 3.546495196499548364e-01 3.546495196499548364e-01 1.273822981693952805e-01
5.953739533993136490e+00 -1.166178493938136773e+00 -1.166178493938136773e+00 -6.122408057394357339e-01
-2.932504555810409475e+00 4.114300105950559061e-01 4.114300105950559061e-01 4.060944801591974129e-01
1.091179940367240420e+00 4.698341142524147251e-01 4.698341142524147251e-01 8.187513071394082464e-01
2.431821970475569472e-01 -1.760660201564554495e-01 -1.760660201564554495e-01 4.674149704108603309e-01
-4.581348085649188384e+00 -7.483337759284290902e-01 -7.483337759284290902e-01 -2.590918138466250520e-01
1.466307799034086479e+00 -8.413276825467299602e-01 -8.413276825467299602e-01 2.074593196288667674e-01
-5.447063223108378871e+00 -6.713184292950536980e-01 -6.713184292950536980e-01 9.948585794941839922e-01
5.871967542101018012e+00 1.226092180487321492e-01 1.226092180487321492e-01 -7.328052299014410353e-01
-2.961925186791160680e+00 -5.428567100205393681e-01 -5.428567100205393681e-01 3.516517218793305810e-01
2.367670758138556764e+00 6.713863091582397136e-01 6.713863091582397136e-01 -9.997366021119403756e-01
-2.974500507674683547e+00 2.732906153790062298e-01 2.732906153790062298e-01 3.279986973759622115e-01
-1.285830788873274066e+00 7.384761818693026392e-01 7.384761818693026392e-01 -5.395740201374593648e-01
3.765076420693155512e+00 1.575890701054261100e-01 1.575890701054261100e-01 9.480240531870985921e-01
-3.970844916705902783e+00 8.560859916427012717e-01 8.560859916427012717e-01 -9.961561009963688651e-01
5.426926845585763104e+00 -4.276108800714132352e-01 -4.276108800714132352e-01 -9.899744332083380005e-01
5.841352308862804321e+00 -9.337911143178224682e-01 -9.337911143178224682e-01 -7.730694884378307430e-01
3.862406318192364907e+00 -8.775873392263292549e-01 -8.775873392263292549e-01 9.916692776184038438e-01
-4.758338470714392088e+00 -7.748132053477982950e-01 -7.748132053477982950e-01 9.176968098226628845e-02
-5.934049448639170166e+00 -1.623093619200766113e-04 -1.623093619200766113e-04 6.428948620810204240e-01
2.146195241815073373e+00 -2.192706599681703006e-01 -2.192706599681703006e-01 -9.130895532753252608e-01
9.109175723150713111e-01 9.321274425489260995e-01 9.321274425489260995e-01 9.686548913142484230e-01
3.859197705740850637e+00 1.901207986868991284e-02 1.901207986868991284e-02 9.908222610764529925e-01
-5.403261097991915562e+00 1.041366259955730511e+00 1.041366259955730511e+00 9.821828148468347841e-01
-1.898799435150588799e+00 -7.225249837750399307e-01 -7.225249837750399307e-01 6.099569128946102925e-01
1.539328907041141115e+00 1.003820613916938997e+00 1.003820613916938997e+00 6.289330241165635993e-02
-5.298146472291652920e+00 -5.012305426741726633e-01 -5.012305426741726633e-01 9.213406143546210014e-01
3.064006047670275734e+00 -7.762823177350006709e-01 -7.762823177350006709e-01 -1.545512322686386775e-01
3.727043247862411590e+00 -1.044624039740282617e+00 -1.044624039740282617e+00 9.211018240278120439e-01
1.025131934446909199e+00 -7.250630379273537152e-02 -7.250630379273537152e-02 8.872406750016460508e-01
3.740239519757940556e+00 -3.419731984069406261e-01 -3.419731984069406261e-01 9.310550370193023673e-01
6.637805607491147342e-01 -2.517675146640643291e-01 -2.517675146640643291e-01 9.705638761215577004e-01
5.428321116579063244e+00 -1.767644298330464103e-01 -1.767644298330464103e-01 -9.903644559642705847e-01
-2.228256310718170319e+00 -7.857489117124980549e-01 -7.857489117124980549e-01 9.674418666107302833e-01
5.161923634840032804e+00 8.884601908929063985e-01 8.884601908929063985e-01 -7.827480435991646113e-01
5.133804115451354733e+00 -8.163992391741758947e-01 -8.163992391741758947e-01 -7.465292350964223278e-01
-3.728527177037691764e+00 6.220705183611472400e-01 6.220705183611472400e-01 -9.222532175426466639e-01
2.044797468606533997e+00 -5.552397026250562861e-01 -5.552397026250562861e-01 -8.122518446108897283e-01
3.752371606677618487e+00 1.081808227346405582e+00 1.081808227346405582e+00 9.396335843024440360e-01
1.030620580847751988e+00 8.111471089145505520e-01 8.111471089145505520e-01 8.821234204996695194e-01
5.789427993618838642e-01 4.042948022147567766e-01 4.042948022147567766e-01 9.159566960185433482e-01
4.958773580485065224e+00 -5.548239954913603000e-02 -5.548239954913603000e-02 -4.730674368885098846e-01
-6.107864670514956629e+00 -3.703228291787944437e-01 -3.703228291787944437e-01 3.435001315759629303e-01
-5.655451628593879398e+00 -5.421125395995548546e-01 -5.421125395995548546e-01 9.506944072599299300e-01
2.142157910608846194e+00 -1.043107883898656718e+00 -1.043107883898656718e+00 -9.097673054969210860e-01
-5.282574504255586945e+00 -6.523062399588380744e-01 -6.523062399588380744e-01 9.087883810613015534e-01
-5.953713073555842783e+00 -3.830897021628786314e-01 -3.830897021628786314e-01 6.122826479018469437e-01
6.249543253762825046e+00 5.503654064666960721e-01 5.503654064666960721e-01 -6.723335077161736451e-02
-2.207126424875175630e+00 2.307190612214071734e-02 2.307190612214071734e-02 9.558856404435095433e-01
1.162538429137960350e+00 4.523935630774049699e-01 4.523935630774049699e-01 7.287643982742676441e-01
-5.214488228501059197e+00 -1.168472743384626478e+00 -1.168472743384626478e+00 8.437320188895788275e-01
5.372231262075125358e+00 -6.871362296890052290e-01 -6.871362296890052290e-01 -9.686367683004413198e-01
3.635191252394340822e+00 -4.499966916190811794e-01 -4.499966916190811794e-01 8.344848275779136459e-01
4.775199326910286146e+00 -4.073353523398056675e-01 -4.073353523398056675e-01 -1.252905595270580597e-01
-2.483962150695224746e+00 -6.599775934724938509e-03 -6.599775934724938509e-03 9.675281247782319127e-01
-2.331476298628368138e+00 -9.741593412008653363e-01 -9.741593412008653363e-01 9.987782708630401629e-01
-4.649198079485379331e+00 4.579757330877476385e-02 4.579757330877476385e-02 -1.260456344446277965e-01
5.624065865634937822e+00 6.659250000076541998e-01 6.659250000076541998e-01 -9.682765321090408550e-01
2.653043061866005914e+00 -6.238490402866903040e-02 -6.238490402866903040e-02 -8.288780583284638404e-01
-5.406639810045357208e-01 -3.481131572410272046e-01 -3.481131572410272046e-01 -8.825829352036771436e-01
5.280470793332948887e+00 4.088400766468041070e-01 4.088400766468041070e-01 -9.070247647853952877e-01
-5.047322544484680762e+00 -7.529197740933790683e-02 -7.529197740933790683e-02 6.208818337594997905e-01
5.143330098241817083e+00 1.049404949108277529e+00 1.049404949108277529e+00 -7.590692608278581943e-01
-5.953808331906060403e+00 -1.786526633722873569e-01 -1.786526633722873569e-01 6.121320068656922464e-01
-6.272284357567103896e-01 7.127094047517601449e-01 7.127094047517601449e-01 -9.503805407984750042e-01
3.210243397278125244e+00 5.974281005900075048e-01 5.974281005900075048e-01 1.368704994475590242e-01
-5.894268624230179832e+00 -1.017542689338943429e+00 -1.017542689338943429e+00 7.017374801882414470e-01
-6.012696626702101810e+00 1.758534517192431590e-01 1.758534517192431590e-01 5.149740369353730252e-01
4.580183599376502102e+00 -4.276320878690303973e-01 -4.276320878690303973e-01 2.613405535555700099e-01
5.261959540795805523e+00 9.823487727718480667e-01 9.823487727718480667e-01 -8.908174471355436719e-01
2.872492220899628634e+00 3.159519044782550523e-01 3.159519044782550523e-01 -5.125920270039573401e-01
-3.170081850263202661e+00 6.585843200064946945e-01 6.585843200064946945e-01 -5.694756793774098658e-02
2.768679240015105236e+00 -6.508471896950979163e-01 -6.508471896950979163e-01 -6.785793692759558571e-01
-4.889684124121751907e+00 -3.073869079975506402e-01 -3.073869079975506402e-01 3.472061705612037863e-01
-2.344580924929603238e+00 7.781708150987947104e-01 7.781708150987947104e-01 9.997302623310501124e-01
-3.666936834286338431e+00 4.975598464360788675e-01 4.975598464360788675e-01 -8.677655287561429898e-01
4.419239115096955217e+00 3.559506147914990315e-01 3.559506147914990315e-01 5.532825166992818566e-01
-1.940741141389239921e+00 1.192208220499703986e+00 1.192208220499703986e+00 6.742064021473622715e-01
3.975390342033602309e+00 -1.074448928550055804e+00 -1.074448928550055804e+00 9.953186290561355509e-01
-4.568438369261404119e+00 -9.441986957068773112e-01 -9.441986957068773112e-01 -2.839404558623383479e-01
-9.036327585148926644e-01 -1.136093076740108510e+00 -1.136093076740108510e+00 -9.721712012195209418e-01
-3.019719049038871006e+00 8.399277324383171983e-01 8.399277324383171983e-01 2.413407555515692804e-01
-5.940283943422215884e+00 7.500175300192122307e-01 7.500175300192122307e-01 6.332944550884587187e-01
4.937185121523988585e+00 9.503279208159562952e-01 9.503279208159562952e-01 -4.345983697276136759e-01
-1.676898669389313312e+00 -6.315151114632034934e-01 -6.315151114632034934e-01 2.106156417474987774e-01
7.115287237578815649e-02 -1.037263357581710954e+00 -1.037263357581710954e+00 1.418259270199046518e-01
5.586942476981143102e+00 8.539880814094267247e-01 8.539880814094267247e-01 -9.841447294485533570e-01
-6.039812936908752761e+00 7.439729055897990051e-01 7.439729055897990051e-01 4.677511773186535105e-01
1.400079454735525530e-01 1.708217740469601953e-01 1.708217740469601953e-01 2.763709206103553973e-01
2.473067971335916937e+00 -1.226907919037627526e-01 -1.226907919037627526e-01 -9.728053388243244060e-01
-3.827346018587981735e+00 8.687197384009761603e-01 8.687197384009761603e-01 -9.802074658515863570e-01
-1.550937506012157741e+00 -8.536430394502845242e-01 -8.536430394502845242e-01 -3.970720001839127961e-02
4.320826262149545016e+00 -1.059929649245684002e+00 -1.059929649245684002e+00 7.054978957438678977e-01
4.229004053211236069e-01 -8.572961212727989722e-01 -8.572961212727989722e-01 7.485023953567384591e-01
-5.877001672595132398e+00 8.997661229097142499e-01 8.997661229097142499e-01 7.259173717895580635e-01
-6.767464076242708515e-01 1.179231620956341819e+00 1.179231620956341819e+00 -9.764823543789588056e-01
1.315901334130607836e+00 5.182696787097467173e-01 5.182696787097467173e-01 4.879939469674334784e-01
-3.787882496352560580e+00 -5.951206076859855143e-01 -5.951206076859855143e-01 -9.615467510534126960e-01
-5.449597193109637416e+00 -1.192529141219538902e+00 -1.192529141219538902e+00 9.953590514914504306e-01
5.074827686541855343e+00 4.736853014715345367e-01 4.736853014715345367e-01 -6.630436808690023387e-01
-3.619615322786564615e+00 -1.095517766981363161e+00 -1.095517766981363161e+00 -8.169170909405808478e-01
1.174722020951135981e+00 7.264548471199165913e-01 7.264548471199165913e-01 7.118639218416948911e-01
-4.555627224778586282e+00 -5.049534091514941148e-01 -5.049534091514941148e-01 -3.084122938418712434e-01
-4.782043740187789993e+00 -1.280758900231426800e-01 -1.280758900231426800e-01 1.388593567030460829e-01
-2.774859727245319263e+00 9.711144070469830414e-01 9.711144070469830414e-01 6.694482892792642525e-01
-5.723329889820194083e+00 1.737722698431583002e-01 1.737722698431583002e-01 8.999744203095115802e-01
-4.454046628472605462e+00 1.184305111439639679e+00 1.184305111439639679e+00 -4.940003348572672426e-01
-6.002572873057289371e+00 -8.508825353610720565e-01 -8.508825353610720565e-01 5.322235750720722969e-01
-6.048856557965983427e+00 -8.828132593369484304e-01 -8.828132593369484304e-01 4.516889457886669734e-01
1.778973448089486098e+00 -1.255463996504915247e-01 -1.255463996504915247e-01 -4.044288497824246598e-01
-5.936277929774863793e+00 -2.967282799509900482e-01 -2.967282799509900482e-01 6.394746579794972074e-01
4.132398298063778341e+00 1.547959685780977424e-01 1.547959685780977424e-01 9.167956667774104229e-01
-4.532987109812370186e+00 6.571182893860367802e-01 6.571182893860367802e-01 -3.511544066206940262e-01
-1.495195482167148704e+00 4.009526344226910233e-02 4.009526344226910233e-02 -1.506262198695470234e-01
1.245456857581262788e+00 -1.444060458994260721e-01 -1.444060458994260721e-01 6.057267580941086971e-01
4.205030210141341485e+00 -6.714378572180256244e-01 -6.714378572180256244e-01 8.493314866141585817e-01
