3.360309920575014431e+00 -8.192299502728337401e-01 5.241415816973793440e-02 3.391883735080865048e-01 3.916025316778244392e-01 3.916025316778244392e-01 -8.250460236954557658e-01 -8.250460236954557658e-01
4.149266063419684514e+00 5.977442985024323363e+00 8.250602545308252100e-01 2.719735091247987846e-01 1.097033763655623995e+00 1.097033763655623995e+00 -7.635967211361712748e-01 -7.635967211361712748e-01
-2.534297712555078519e+00 -1.941526579021671139e+00 1.022302958165373754e+00 -9.635084620236633590e-02 9.259521119630074182e-01 9.259521119630074182e-01 -2.343643821679657624e-01 -2.343643821679657624e-01
-1.713420272173820535e+00 -4.759380473535008704e+00 8.637721440816570340e-01 7.082273411025041820e-01 1.571999485184161216e+00 1.571999485184161216e+00 9.820767903568110579e-01 9.820767903568110579e-01
2.160867951990399050e+00 4.639483350714092680e+00 5.896504756770823974e-01 -7.119188358628354418e-01 -1.222683601857530444e-01 -1.222683601857530444e-01 8.692238533490829200e-01 8.692238533490829200e-01
-2.359901163880484987e+00 1.421161361834376358e+00 6.959244138521623047e-01 4.580095652306754861e-01 1.153933979082837791e+00 1.153933979082837791e+00 5.908052395067237006e-01 5.908052395067237006e-01
-3.995163280598723610e+00 1.570825291824855974e+00 5.824787825324535540e-01 2.108087693395419571e-01 7.932875518719955110e-01 7.932875518719955110e-01 -7.536131256793195954e-01 -7.536131256793195954e-01
-1.099906627300982542e+00 5.718972400730974570e+00 1.128633905943701388e+00 -2.035038670682427497e-01 9.251300388754586379e-01 9.251300388754586379e-01 -9.318780385930298948e-02 -9.318780385930298948e-02
5.470026237040624295e+00 4.204531906798790075e+00 1.067680397345276200e+00 -7.123433153401528273e-01 3.553370820051233725e-01 3.553370820051233725e-01 -9.689667818803180399e-01 -9.689667818803180399e-01
-4.969808041568390955e+00 -4.835931938245173534e+00 5.978557814168234952e-01 -7.582692179062835436e-01 -1.604134364894600484e-01 -1.604134364894600484e-01 -9.283073733455591281e-01 -9.283073733455591281e-01
3.282154483542557344e+00 -1.460740303964679576e+00 7.695232096874189409e-01 -7.401711987990198249e-01 2.935201088839911598e-02 2.935201088839911598e-02 -2.480025572304066506e-01 -2.480025572304066506e-01
-6.969225634880551468e-01 -1.971447512275916303e+00 7.812672375265234948e-01 3.351276551060793363e-01 1.116394892632602831e+00 1.116394892632602831e+00 -8.901041999527058435e-01 -8.901041999527058435e-01
-2.004931447802441369e+00 4.653414582566316682e+00 9.533883744042623842e-01 1.696988117485305203e-01 1.123087186152792905e+00 1.123087186152792905e+00 -8.808651752270977298e-01 -8.808651752270977298e-01
-4.662327305314790671e+00 -3.083379416404171458e+00 2.979791770347293145e-01 1.129375791944773999e+00 1.427354968979503314e+00 1.427354968979503314e+00 1.080634768583867422e-01 1.080634768583867422e-01
-2.673139968198882777e+00 3.367903689736346351e+00 -1.056804563250068441e+00 6.800367193075835814e-01 -3.767678439424848591e-01 -3.767678439424848591e-01 7.682049896384802734e-01 7.682049896384802734e-01
-5.728253652860791689e+00 -4.609494251605852355e+00 5.549348944490219981e-01 -3.327583023640371396e-01 2.221765920849848586e-01 2.221765920849848586e-01 -6.113982644898791063e-01 -6.113982644898791063e-01
-1.295592773876182768e+00 2.675962317950489222e+00 1.092241733758333444e+00 -3.442747741196577893e-01 7.479669596386756547e-01 7.479669596386756547e-01 1.892779802031632763e-01 1.892779802031632763e-01
-7.464543882157803623e-01 3.135474334543509656e+00 3.590327376276367666e-01 5.665569905949110474e-01 9.255897282225478140e-01 9.255897282225478140e-01 -7.299327923622322967e-01 -7.299327923622322967e-01
4.852305858086738866e+00 1.399090334694238713e+00 -3.753987706994249551e-01 -5.406984649580884872e-01 -9.160972356575134423e-01 -9.160972356575134423e-01 9.994947686517280383e-01 9.994947686517280383e-01
-5.894169336225769662e+00 3.517236849789188824e+00 -1.020435178952094901e-01 -9.886869537755370585e-01 -1.090730471670746660e+00 -1.090730471670746660e+00 -7.216176625968916403e-01 -7.216176625968916403e-01
1.557175807937984935e+00 6.010764435216856327e+00 -5.772162817229211651e-01 -1.042327815697013493e+00 -1.619544097419934658e+00 -1.619544097419934658e+00 2.821566814928074818e-01 2.821566814928074818e-01
-5.624269188487287963e+00 -1.305862535802924995e+00 -5.705179190919328347e-01 8.220760286953068263e-01 2.515581096033739916e-01 2.515581096033739916e-01 7.979280710441608582e-01 7.979280710441608582e-01
-2.269169921115983257e+00 -5.711259036899180686e+00 1.131917161779780967e+00 -4.415944729801996038e-01 6.903226887995813632e-01 6.903226887995813632e-01 -1.261106338397809390e-01 -1.261106338397809390e-01
4.375941086956295578e+00 1.460715701493233709e-01 -5.071134382424616893e-01 8.969721960626575452e-02 -4.174162186361959348e-01 -4.174162186361959348e-01 -1.892284326485752233e-01 -1.892284326485752233e-01
9.025757195855810266e-01 5.577427024807825262e+00 6.965962253614232935e-03 9.760042553854233471e-01 9.829702176390375801e-01 9.829702176390375801e-01 9.806938909939574289e-01 9.806938909939574289e-01
4.938571463319412658e+00 -5.334716458548772522e+00 -1.077831319394887855e+00 -9.408072079663611920e-01 -2.018638527361249047e+00 -2.018638527361249047e+00 9.225553558883085037e-01 9.225553558883085037e-01
1.719691141324904748e+00 -2.823488766306922138e+00 -2.739865236755281153e-01 4.312530468794273375e-01 1.572665232038992222e-01 1.572665232038992222e-01 4.502083873583512807e-01 4.502083873583512807e-01
-5.673287361483621893e+00 -2.562649146079841955e+00 1.025272809246727812e+00 -1.085331800596688989e+00 -6.005899134996117716e-02 -6.005899134996117716e-02 -3.727351814840461075e-01 -3.727351814840461075e-01
2.345727707729002631e+00 -5.543212381117124998e+00 -3.229217679723092038e-01 -6.797928496536740361e-01 -1.002714617625983351e+00 -1.002714617625983351e+00 -9.984384476383800777e-01 -9.984384476383800777e-01
6.110080075229692653e+00 -1.155248933862044858e+00 6.049475233959409337e-01 -3.986335864387019479e-01 2.063139369572389858e-01 2.063139369572389858e-01 2.400740789258550834e-01 2.400740789258550834e-01
4.596463155189624672e+00 3.082628479845814340e+00 6.718898096106156181e-01 4.957633245212358375e-01 1.167653134131851456e+00 1.167653134131851456e+00 1.739998155764088672e-01 1.739998155764088672e-01
5.823032065059672746e+00 2.664163327040599327e+00 9.410537024014531404e-02 -8.234832943791107196e-01 -7.293779241389654056e-01 -7.293779241389654056e-01 -5.917385160309105441e-01 -5.917385160309105441e-01
-4.903170134739286645e+00 2.196953812627524982e+00 -1.728296682680756646e-01 6.597886110599009424e-01 4.869589427918252778e-01 4.869589427918252778e-01 -9.067113880859688502e-01 -9.067113880859688502e-01
-1.253222743502124814e+00 -1.797134504595216953e+00 7.410216890388765520e-02 1.655014480135910127e-01 2.396036169174786679e-01 2.396036169174786679e-01 -9.958409365621607723e-01 -9.958409365621607723e-01
-5.744106469285067185e+00 -1.348174972026948915e+00 8.346008774273088182e-01 6.395167082285073690e-01 1.474117585655816187e+00 1.474117585655816187e+00 6.901528096668823054e-01 6.901528096668823054e-01
5.647345773068858321e+00 -5.480171638046173577e+00 -1.608496500685825392e-01 1.168890909433134118e+00 1.008041259364551578e+00 1.008041259364551578e+00 9.860589175509734128e-01 9.860589175509734128e-01
-5.305914147201332476e+00 -4.331547444081365938e+00 3.756447678608352270e-01 2.750075179025701644e-01 6.506522857634053914e-01 6.506522857634053914e-01 -9.774679642226333787e-01 -9.774679642226333787e-01
-2.181374018171466922e+00 -2.643360797946231688e+00 -8.338513543397794159e-01 9.744996792036320077e-01 1.406483248638525918e-01 1.406483248638525918e-01 1.121096543784540767e-01 1.121096543784540767e-01
-5.159555036157779995e+00 -7.514119820817155571e-01 -1.057714404301547395e+00 1.271741221471895944e-01 -9.305402821543578007e-01 -9.305402821543578007e-01 9.315228848506509340e-01 9.315228848506509340e-01
-2.663607788542329491e+00 -5.376048523128389434e+00 -1.142937803775136985e+00 -5.918082583158659205e-01 -1.734746062091002905e+00 -1.734746062091002905e+00 -1.846096567775424857e-01 -1.846096567775424857e-01
-5.237862793723865096e+00 -5.310156831379174491e+00 8.952621235995339433e-02 9.226872970975945609e-01 1.012213509457547955e+00 1.012213509457547955e+00 -4.327623387288497825e-01 -4.327623387288497825e-01
-3.096196315948434030e+00 -4.264631234698109452e+00 5.631420640772597519e-01 6.507903451781396065e-01 1.213932409255399358e+00 1.213932409255399358e+00 4.734064939678619965e-01 4.734064939678619965e-01
2.890177132839065521e+00 -5.702229728235005624e+00 -6.344820661181085342e-01 5.985095332448731043e-01 -3.597253287323542992e-02 -3.597253287323542992e-02 -9.461912843929263239e-01 -9.461912843929263239e-01
-5.411174469532076259e-01 -3.642484961606856864e+00 -1.050560952744721721e+00 1.179982255880968500e+00 1.294213031362467792e-01 1.294213031362467792e-01 -5.044860148768895991e-01 -5.044860148768895991e-01
4.049955633035100533e-01 -3.453199044258206118e+00 -2.540326511079571414e-01 9.138568304337855164e-01 6.598241793258283749e-01 6.598241793258283749e-01 -9.956423996800755072e-01 -9.956423996800755072e-01
3.349548701459426070e-02 2.348618289816881699e-01 8.272922054916300727e-01 -7.125869241820423916e-01 1.147052813095876811e-01 1.147052813095876811e-01 9.642077513085994811e-01 9.642077513085994811e-01
-3.907817558192836493e+00 -6.007453496631780077e+00 -1.035956834781775360e+00 -3.120248689326148295e-01 -1.347981703714390189e+00 -1.347981703714390189e+00 -8.821006885258534380e-01 -8.821006885258534380e-01
3.177032275201602474e+00 -4.340758644020731083e+00 -8.808733043172833899e-01 4.447586941740111488e-01 -4.361146101432722411e-01 -4.361146101432722411e-01 3.959204182188075793e-01 3.959204182188075793e-01
-2.157367654235732068e+00 -2.172705863998726450e+00 8.156242118782690564e-01 -4.940146390981002833e-01 3.216095727801687731e-01 3.216095727801687731e-01 -3.730697609859447428e-01 -3.730697609859447428e-01
4.602927078051289200e+00 3.650306026518741476e+00 1.184804943529860211e-01 -7.959450219286152706e-01 -6.774645275756292495e-01 -6.774645275756292495e-01 -3.887287920409099318e-01 -3.887287920409099318e-01
6.074592064617174714e+00 -3.129828147896473123e+00 -2.391974903715543554e-02 -4.860018869042899148e-01 -5.099216359414453503e-01 -5.099216359414453503e-01 -9.806916812927266580e-01 -9.806916812927266580e-01
-1.196001592412250680e+00 -4.874761396526370305e+00 -1.050205005641602574e+00 2.510018783265488551e-01 -7.992031273150537185e-01 -7.992031273150537185e-01 9.775230896418137805e-01 9.775230896418137805e-01
5.181111125819603203e+00 4.161918491620093974e+00 2.494301380125891754e-01 8.708621849970721307e-02 3.365163565122963885e-01 3.365163565122963885e-01 -9.966604645879624247e-01 -9.966604645879624247e-01
1.882506519861534500e+00 1.251751835280518144e+00 -7.629177011920089679e-01 -9.588288694187929728e-01 -1.721746570610801941e+00 -1.721746570610801941e+00 -9.999731041537049947e-01 -9.999731041537049947e-01
3.110451668327357311e+00 1.725623409808585862e+00 -1.714751563471923479e-01 8.964140671411338079e-01 7.249389107939414600e-01 7.249389107939414600e-01 1.233709753987251440e-01 1.233709753987251440e-01
-3.345413778553974815e+00 4.954805784485010633e+00 -2.204831670453326620e-01 -1.192563299027216139e+00 -1.413046466072548801e+00 -1.413046466072548801e+00 -3.858609765907163730e-02 -3.858609765907163730e-02
9.038049198129183281e-01 -6.019619361282651404e+00 -4.993184177488977360e-01 3.873583262327735532e-01 -1.119600915161241828e-01 -1.119600915161241828e-01 3.925711100573789913e-01 3.925711100573789913e-01
-5.644448389445839709e-01 6.180191266002315942e+00 -7.585744733942676454e-01 -4.645261437275373106e-01 -1.223100617121804845e+00 -1.223100617121804845e+00 7.854095130245665191e-01 7.854095130245665191e-01
1.494517535348229842e+00 -5.394265584318033824e+00 4.063033494702006365e-01 6.772368154764705217e-01 1.083540164946671158e+00 1.083540164946671158e+00 -7.261055645498022404e-01 -7.261055645498022404e-01
1.183100317782832533e+00 -2.156750235546760486e+00 5.684490670971786841e-01 3.976187757046476534e-01 9.660678428018263375e-01 9.660678428018263375e-01 5.622850073992347042e-01 5.622850073992347042e-01
1.059039085705648198e+00 1.292368514509726118e+00 9.334876460887049365e-01 7.311602050002867781e-01 1.664647851088991715e+00 1.664647851088991715e+00 -7.037138503313921101e-01 -7.037138503313921101e-01
2.104460415265450024e-01 6.079809425932165112e+00 1.028260906903750938e+00 -1.127866719153262309e+00 -9.960581224951137180e-02 -9.960581224951137180e-02 9.999750065209267458e-01 9.999750065209267458e-01
2.176451062792960300e+00 -1.985559371212971769e+00 5.392052496083128421e-01 -7.718135705919408895e-01 -2.326083209836280474e-01 -2.326083209836280474e-01 9.818354408505606257e-01 9.818354408505606257e-01
3.542516281865170313e+00 3.870668619106609754e-01 5.606791235323800304e-01 1.389760956506780332e-01 6.996552191830580636e-01 6.996552191830580636e-01 -7.052713554549709940e-01 -7.052713554549709940e-01
-5.942631624912962707e+00 4.605957637167668040e-01 -4.029946246404354504e-01 1.185288716346314386e+00 7.822940917058789356e-01 7.822940917058789356e-01 6.958816871979096597e-01 6.958816871979096597e-01
-2.139272149010984947e+00 5.571317574027993658e+00 6.622463931337698728e-01 2.378872269304541653e-01 9.001336200642240382e-01 9.001336200642240382e-01 -9.581143062991074322e-01 -9.581143062991074322e-01
5.440021425980905434e-01 -5.993550444799793375e+00 1.044658336057116221e+00 -9.251742301519358946e-01 1.194841059051803267e-01 1.194841059051803267e-01 6.721874423605024296e-01 6.721874423605024296e-01
2.312503922889451502e+00 -4.315635108992536217e+00 3.051103559844952073e-01 -1.084916154281818423e+00 -7.798057982973232161e-01 -7.798057982973232161e-01 -4.189919713431021209e-01 -4.189919713431021209e-01
3.858133824444925253e+00 1.488937800853996407e+00 -3.715220604630387058e-02 1.106167442178030536e+00 1.069015236131726665e+00 1.069015236131726665e+00 5.929219908921035120e-01 5.929219908921035120e-01
-6.895771613960794966e-01 -4.659691480141037623e+00 1.559829280966025244e-01 5.085809933976568331e-01 6.645639214942593576e-01 6.645639214942593576e-01 5.946897275723470599e-01 5.946897275723470599e-01
-4.172384593670896535e+00 -4.070308007913950199e+00 7.284501173264557039e-01 -2.249726400160801942e-01 5.034774773103755097e-01 5.034774773103755097e-01 -3.789958618563603610e-01 -3.789958618563603610e-01
5.362330380073267122e+00 2.349452969748918818e+00 1.053324470062708906e+00 -5.898610113950100153e-01 4.634634586676988910e-01 4.634634586676988910e-01 1.417195518552168132e-01 1.417195518552168132e-01
1.515799451520366325e+00 2.294118822330773355e+00 -8.614829580119653940e-02 1.066661257990280331e+00 9.805129621890837921e-01 9.805129621890837921e-01 -7.848603330093092412e-01 -7.848603330093092412e-01
1.301417453310379280e+00 -5.308548045209922961e+00 -8.185001003438951983e-02 6.510519824254970001e-01 5.692019723911074802e-01 5.692019723911074802e-01 -6.482305995556844058e-01 -6.482305995556844058e-01
4.713172457577440966e+00 4.141654857318428640e+00 -1.197510941836765763e-01 4.656286404492364639e-01 3.458775462655598876e-01 3.458775462655598876e-01 -8.419276072052853666e-01 -8.419276072052853666e-01
4.475937272298965652e+00 4.533655734212258537e+00 1.146267462631485268e+00 -6.655571525735154426e-01 4.807103100579698252e-01 4.807103100579698252e-01 -9.150417331484016481e-01 -9.150417331484016481e-01
4.278422750911339278e+00 -2.064668855086781107e+00 -8.229325164595615583e-01 9.589367651355873434e-03 -8.133431488082056848e-01 -8.133431488082056848e-01 -5.995650795798722621e-01 -5.995650795798722621e-01
-3.198723036455412227e+00 4.339436385316382427e+00 -9.819336903484101597e-01 4.515312853569897200e-01 -5.304024049914204397e-01 -5.304024049914204397e-01 4.169462250938940073e-01 4.169462250938940073e-01
7.669578164494765815e-01 3.738898249729311729e+00 1.286527104046082393e-01 -4.101701253608306397e-01 -2.815174149562224004e-01 -2.815174149562224004e-01 -2.050677366349637765e-01 -2.050677366349637765e-01
-4.414228722548937611e+00 -1.526688460265985370e+00 -1.939618766636985736e-01 1.028284682913254811e+00 8.343228062495562369e-01 8.343228062495562369e-01 9.419958510309706101e-01 9.419958510309706101e-01
1.695091864471927501e+00 5.426680970844000029e+00 1.129481100980338271e+00 -1.095604724339238167e+00 3.387637664110010327e-02 3.387637664110010327e-02 6.685139471273242595e-01 6.685139471273242595e-01
-4.330727657107101614e+00 5.826430257950226732e+00 -5.812133825231537987e-01 3.475088434802167114e-01 -2.337045390429370872e-01 -2.337045390429370872e-01 7.502316941456693700e-02 7.502316941456693700e-02
-5.256336577936927767e+00 4.813651207917544639e+00 -1.022614086105485764e+00 5.181348431670109722e-01 -5.044792429384747923e-01 -5.044792429384747923e-01 9.036045973489772454e-01 9.036045973489772454e-01
-5.779385376592196977e+00 -4.706274156201412318e+00 7.729954943748624796e-01 4.134209954093099881e-01 1.186416489784172468e+00 1.186416489784172468e+00 -4.881028478035642215e-01 -4.881028478035642215e-01
-4.316143508906663762e+00 1.081758440642026642e+00 -3.921446379950611627e-01 1.499585737308486433e-01 -2.421860642642125194e-01 -2.421860642642125194e-01 -9.956978721505388430e-01 -9.956978721505388430e-01
-1.709311377849163982e+00 -3.702885742051844176e+00 4.446758524097793597e-01 -9.103287950342908719e-01 -4.656529426245115122e-01 -4.656529426245115122e-01 6.440709323896288696e-01 6.440709323896288696e-01
-1.045819799308205234e+00 3.371082140018382134e+00 9.384860119688853697e-01 -1.323261712539567370e-01 8.061598407149286327e-01 8.061598407149286327e-01 -6.848996841039859396e-01 -6.848996841039859396e-01
-4.336695362648992358e-01 6.201363795542132351e+00 -4.281672279560144734e-01 6.306148062155922940e-01 2.024475782595778206e-01 2.024475782595778206e-01 8.700507591773419813e-01 8.700507591773419813e-01
4.561507529045222498e+00 5.384870129950996898e+00 1.034479299494152960e+00 -8.036818526432781828e-01 2.307974468508747767e-01 2.307974468508747767e-01 -8.670232113518635542e-01 -8.670232113518635542e-01
-1.630811692002017033e+00 5.882253685840916901e-01 3.767885799315420225e-01 -3.268584441146387132e-01 4.993013581690330938e-02 4.993013581690330938e-02 5.039881104006267432e-01 5.039881104006267432e-01
-3.781778186587421153e+00 -3.698570142894340051e+00 -1.085094093484846312e-01 -1.467873887295367830e-01 -2.552967980780214141e-01 -2.552967980780214141e-01 3.650004668233616245e-01 3.650004668233616245e-01
5.756890507502143706e+00 -1.020281798729237188e+00 -9.295029584965570635e-01 -3.194779628423584095e-01 -1.248980921338915362e+00 -1.248980921338915362e+00 2.421736059475386102e-02 2.421736059475386102e-02
1.745022505393457379e+00 -1.703424165532794632e+00 -7.295357887322035939e-01 -5.095109600563525465e-01 -1.239046748788556140e+00 -1.239046748788556140e+00 9.991349138182170631e-01 9.991349138182170631e-01
-2.214798189658774064e+00 6.078044775539659383e-01 1.112041692518387803e+00 4.018366813565077411e-01 1.513878373874895544e+00 1.513878373874895544e+00 -3.618948121948644542e-02 -3.618948121948644542e-02
2.365258276589599973e+00 3.743088751035994477e+00 -1.025297924047772424e+00 -1.175922319054103715e+00 -2.201220243101876139e+00 -2.201220243101876139e+00 9.847546828734519142e-01 9.847546828734519142e-01
-2.697862396183980049e+00 2.107240365280883765e+00 -6.019345897857054650e-01 1.042494929127924630e+00 4.405603393422191649e-01 4.405603393422191649e-01 8.305944446181565688e-01 8.305944446181565688e-01
1.560155681229941749e+00 -4.048062945450626948e+00 -4.401935366220911527e-01 -3.275576261426871305e-02 -4.729492992363598658e-01 -4.729492992363598658e-01 -7.938480498151306852e-01 -7.938480498151306852e-01
-5.424467020590065580e+00 -1.321324359050798591e+00 1.155129945453372553e-01 -3.875627738329893157e-01 -2.720497792876520604e-01 -2.720497792876520604e-01 8.948924950798559097e-01 8.948924950798559097e-01
-3.203521021758685361e+00 -2.364878715619756377e+00 5.523662976420213866e-01 -1.057976996303561235e+00 -5.056106986615398480e-01 -5.056106986615398480e-01 7.552338080238004681e-01 7.552338080238004681e-01
-2.101202683022227902e+00 2.742067009194665062e+00 3.143872387628305898e-01 -4.930695120294458222e-01 -1.786822732666152325e-01 -1.786822732666152325e-01 8.015792866918289850e-01 8.015792866918289850e-01
5.707885416671176770e+00 3.333267742969242775e+00 -2.974972199058061317e-01 -7.653615469005685679e-01 -1.062858766806374700e+00 -1.062858766806374700e+00 -9.273140246438056344e-01 -9.273140246438056344e-01
-2.586573042230536412e+00 4.857082039692070197e+00 -7.425383311331338332e-01 3.228230594049708024e-01 -4.197152717281630308e-01 -4.197152717281630308e-01 -6.439978990522059465e-01 -6.439978990522059465e-01
4.198642352346979578e+00 -1.831046770143982982e+00 -7.089074813361007088e-02 -3.728192185451978391e-01 -4.437099666788079100e-01 -4.437099666788079100e-01 -7.151224399055543524e-01 -7.151224399055543524e-01
1.724760923318154227e+00 4.534843647872545347e+00 -5.488606683863237468e-01 4.534156345611410899e-01 -9.544503382518265688e-02 -9.544503382518265688e-02 9.997219873279072910e-01 9.997219873279072910e-01
1.287252421563236382e-01 -3.037181442769919304e+00 1.108920419674424229e+00 -1.057160278132484477e+00 5.176014154193975259e-02 5.176014154193975259e-02 -9.729465662570927487e-01 -9.729465662570927487e-01
-2.452758155228121240e+00 -2.885581442431570220e+00 -9.748586525463331931e-02 1.070203521746775355e-01 9.534486920044216163e-03 9.534486920044216163e-03 5.858679240068004335e-01 5.858679240068004335e-01
2.093034534329104801e+00 7.148710606420252134e-01 1.104575950977717325e+00 4.262905280987294709e-02 1.147205003787590272e+00 1.147205003787590272e+00 -9.448411501624173203e-01 -9.448411501624173203e-01
5.947386677844647807e+00 -6.099804707237572288e+00 6.143750361284081585e-01 -5.463751791843092231e-01 6.799985694409893533e-02 6.799985694409893533e-02 9.884068418867587580e-01 9.884068418867587580e-01
5.727809455729389043e+00 4.336982054860127889e-01 -3.094610727950278806e-01 7.589280721710276456e-01 4.494669993759997650e-01 4.494669993759997650e-01 9.926064041190222342e-01 9.926064041190222342e-01
1.980304446010858754e+00 -3.025497544161756647e+00 4.583384335552875832e-02 -4.009000531317714611e-01 -3.550662097762427027e-01 -3.550662097762427027e-01 5.017349016381720261e-01 5.017349016381720261e-01
-2.062777151731485681e+00 -1.006526981261663956e+00 -7.187851260841524592e-01 -5.053837382184309668e-01 -1.224168864302583426e+00 -1.224168864302583426e+00 -9.973883224972641681e-01 -9.973883224972641681e-01
-4.224282979400838300e+00 -6.190331179178931720e+00 -9.692475242202119867e-01 -7.430532158329066217e-01 -1.712300740053118719e+00 -1.712300740053118719e+00 -5.488267961058486133e-01 -5.488267961058486133e-01
-3.150757012731135731e-01 6.740857396404740243e-01 6.664789360747231939e-01 -7.075105303362045905e-01 -4.103159426148139666e-02 -4.103159426148139666e-02 9.362451029954299564e-01 9.362451029954299564e-01
-4.938524211660748620e-01 -4.133090488776847593e+00 9.126348589202868400e-01 -1.236045788013993008e-01 7.890302801188875392e-01 7.890302801188875392e-01 -8.534213432353300599e-02 -8.534213432353300599e-02
6.047062187109229825e+00 4.434602106036393820e+00 1.139103438634037291e+00 -2.727633003339885454e-01 8.663401383000487455e-01 8.663401383000487455e-01 -4.915859327059485251e-01 -4.915859327059485251e-01
1.654893559277527793e+00 -1.632579643797478219e+00 1.060684982329626935e+00 9.623158582966035990e-01 2.023000840626230534e+00 2.023000840626230534e+00 9.997510549176027439e-01 9.997510549176027439e-01
-5.543276222180246293e+00 4.561556810252652028e+00 1.075102611207289227e+00 -1.470694245930530553e-01 9.280331866142361719e-01 9.280331866142361719e-01 5.555937570009342741e-01 5.555937570009342741e-01
-1.723432636178769073e+00 -3.506911410470416435e+00 4.250229750119038918e-01 -1.065665249869627740e+00 -6.406422748577238480e-01 -6.406422748577238480e-01 4.951044674488565556e-01 4.951044674488565556e-01
2.984282663103346778e+00 -2.585405988560558477e+00 -9.650344544240185840e-02 1.569161274788566374e-03 -9.493428416761329203e-02 -9.493428416761329203e-02 9.214978563233168218e-01 9.214978563233168218e-01
1.405194388348047774e+00 -5.882426221739673444e+00 -3.177926486918382087e-01 3.528502978154228753e-01 3.505764912358466656e-02 3.505764912358466656e-02 -2.329958103411905734e-01 -2.329958103411905734e-01
-8.194337710001651232e-01 2.197615929679644253e+00 1.019562300713190428e-01 -8.795407557650036789e-01 -7.775845256936846361e-01 -7.775845256936846361e-01 1.914253708945823085e-01 1.914253708945823085e-01
5.738470434444082002e+00 -5.414883016615283040e+00 2.591079301363690135e-01 -1.144028404683710143e-01 1.447050896679979992e-01 1.447050896679979992e-01 9.481008306973502942e-01 9.481008306973502942e-01
-6.170262673512262097e+00 4.405825647197980643e+00 1.039371241445928407e+00 4.998329951981703712e-01 1.539204236644098778e+00 1.539204236644098778e+00 -1.924328177933871953e-01 -1.924328177933871953e-01
2.337801133036117918e+00 5.673556676277168975e+00 -3.034055690709349662e-01 9.873647455714877896e-01 6.839591765005528234e-01 6.839591765005528234e-01 -1.567273498848001656e-01 -1.567273498848001656e-01
5.868870045010361025e+00 1.074265437593084016e+00 1.045131260623077152e+00 1.101629573696210285e+00 2.146760834319287437e+00 2.146760834319287437e+00 7.900227788040539156e-01 7.900227788040539156e-01
1.333847519607362919e+00 -5.897453264823298014e+00 -1.092352802697331038e+00 -5.738326875443000574e-01 -1.666185490241631095e+00 -1.666185490241631095e+00 -1.482349202738745819e-01 -1.482349202738745819e-01
1.552811832373509837e+00 2.275433758020403374e+00 -1.026705200112183469e-01 9.630272433752804506e-01 8.603567233640621037e-01 8.603567233640621037e-01 -7.733722211287882287e-01 -7.733722211287882287e-01
2.451116797600320751e+00 -5.390527368797098262e+00 -2.231604415692667320e-01 -2.647924278008870758e-01 -4.879528693701538078e-01 -4.879528693701538078e-01 -9.796307320519807016e-01 -9.796307320519807016e-01
2.211696733637475987e-01 -4.167883497432178785e-01 6.134472350955366693e-01 9.631428416592280328e-02 7.097615192614594726e-01 7.097615192614594726e-01 9.809276030257877421e-01 9.809276030257877421e-01
-1.781684575186411656e+00 4.333080399637987412e+00 9.467349348271048015e-02 2.717979426279732991e-01 3.664714361106837792e-01 3.664714361106837792e-01 -8.308311549441615984e-01 -8.308311549441615984e-01
2.654059329923104116e-01 -5.826405111731065567e+00 1.633981426011246185e-01 2.689334682181254710e-01 4.323316108192500895e-01 4.323316108192500895e-01 7.503624342059403984e-01 7.503624342059403984e-01
4.600852247850010457e+00 -4.794409317481528099e+00 -2.693902828206982125e-01 6.074860482975834586e-01 3.380957654768852461e-01 3.380957654768852461e-01 9.813262397762340106e-01 9.813262397762340106e-01
5.827647362020243804e+00 3.700044863813255702e+00 -8.519174444304615790e-01 1.944870485085743450e-01 -6.574303959218872340e-01 -6.574303959218872340e-01 -9.947089993987070500e-01 -9.947089993987070500e-01
2.922855477453431661e+00 5.614271499469948523e+00 -3.385072342035677639e-01 -4.291144063608013370e-01 -7.676216405643691010e-01 -7.676216405643691010e-01 -6.312356424745354522e-01 -6.312356424745354522e-01
-5.484751054274234150e+00 4.739655985205551758e+00 4.982464834503483875e-01 9.116120551588913212e-01 1.409858538609239709e+00 1.409858538609239709e+00 7.350234449109162016e-01 7.350234449109162016e-01
-5.808865385939439463e+00 -3.746935305952462603e+00 -8.697491747821928243e-02 -5.962556043017340768e-01 -6.832305217799533592e-01 -6.832305217799533592e-01 -9.914287942893137417e-01 -9.914287942893137417e-01
1.898169864325762290e+00 5.410594443806770570e+00 -1.372419748021891373e-02 -6.218274750451733279e-01 -6.355516725253922417e-01 -6.355516725253922417e-01 5.186039195189192652e-01 5.186039195189192652e-01
-1.237844763047680097e+00 2.793602275764660803e+00 -8.743225167854142832e-01 -7.417518987986069234e-01 -1.616074415584021207e+00 -1.616074415584021207e+00 1.503824720643379652e-02 1.503824720643379652e-02
-5.357642277352355542e+00 2.402635379000384930e+00 -5.432148817039036404e-01 7.715170443111696308e-02 -4.660631772727866773e-01 -4.660631772727866773e-01 -9.826433207183018492e-01 -9.826433207183018492e-01
1.872486410650667565e+00 2.771604078544360306e+00 -4.233448141837096168e-01 -9.661289259518919259e-01 -1.389473740135601432e+00 -1.389473740135601432e+00 -6.824540509397360177e-02 -6.824540509397360177e-02
-1.172202114568881015e-01 1.364587656900157597e+00 1.096511585317786919e+00 8.976117446644058528e-01 1.994123329982192772e+00 1.994123329982192772e+00 3.178195206480848856e-01 3.178195206480848856e-01
-2.229588604663065965e+00 1.796778902087329044e+00 -6.263321758709811116e-01 2.624945701324883363e-01 -3.638376057384927753e-01 -3.638376057384927753e-01 9.077908803684225925e-01 9.077908803684225925e-01
3.864774128152882682e+00 1.157040935024832073e+00 -2.302376992296198965e-01 -9.465032086756655083e-01 -1.176740907905285294e+00 -1.176740907905285294e+00 3.045120256106585432e-01 3.045120256106585432e-01
-6.044187006136474416e+00 -1.013707161940131662e+00 -2.709465356952299731e-01 -2.809409739271521156e-01 -5.518875096223820886e-01 -5.518875096223820886e-01 7.146247184857013046e-01 7.146247184857013046e-01
-4.734657987380783695e+00 2.416255501635991010e+00 3.407512441938844727e-01 -1.145959314600753176e+00 -8.052080704068687034e-01 -8.052080704068687034e-01 -6.798852617899904249e-01 -6.798852617899904249e-01
-5.243850804510681307e+00 -3.683225152595542617e+00 -1.581858180433892702e-01 -9.820249282542328206e-01 -1.140210746297622091e+00 -1.140210746297622091e+00 -8.786819618898740192e-01 -8.786819618898740192e-01
5.446003242649009479e+00 -5.740249000673003366e+00 1.132038372098303158e+00 -3.078602804428148820e-01 8.241780916554882763e-01 8.241780916554882763e-01 9.570211583460364047e-01 9.570211583460364047e-01
1.782475813604662562e+00 5.594655411579697812e+00 -8.873624485300848352e-01 9.452479176993160426e-01 5.788546916923120733e-02 5.788546916923120733e-02 4.589832183428723122e-01 4.589832183428723122e-01
-3.852610791762899112e+00 4.309252577190214595e+00 3.179727348841694390e-01 9.085461685349198735e-01 1.226518903419089312e+00 1.226518903419089312e+00 8.975383150672412436e-01 8.975383150672412436e-01
6.525268989150099230e-01 -2.740209247835556639e-01 -6.912872225206411203e-01 2.968100669126598756e-01 -3.944771556079812447e-01 -3.944771556079812447e-01 9.292177637046792338e-01 9.292177637046792338e-01
4.734776003208429174e+00 -5.371369003526743846e+00 -1.040734654361805678e-01 5.257903392688270117e-01 4.217168738326464439e-01 4.217168738326464439e-01 8.041257434090429701e-01 8.041257434090429701e-01
4.315525511176721452e+00 -3.110904273353415128e+00 -2.569732523778880395e-01 7.598898538977416628e-02 -1.809842669881138733e-01 -1.809842669881138733e-01 3.580467263102888320e-01 3.580467263102888320e-01
3.764652717206320887e+00 -5.878235667179066759e+00 8.095418067882940161e-01 7.488856380140582747e-01 1.558427444802352291e+00 1.558427444802352291e+00 -5.165241032503572471e-01 -5.165241032503572471e-01
-1.561342388318736063e+00 -2.737368260426582545e+00 2.210398981715848699e-01 -8.644992697550171190e-01 -6.434593715834322492e-01 -6.434593715834322492e-01 -4.019800983031587283e-01 -4.019800983031587283e-01
-6.133377480758766431e+00 5.253331418300545508e+00 8.854336846092796254e-01 1.190845773920503614e-01 1.004518262001329987e+00 1.004518262001329987e+00 6.371156413952464570e-01 6.371156413952464570e-01
2.523418077863707865e+00 5.345084752755591140e+00 -7.183888850146300520e-01 5.220484235416471552e-01 -1.963404614729828968e-01 -1.963404614729828968e-01 -1.452068631447353368e-02 -1.452068631447353368e-02
8.951554064398292709e-01 3.526715021532300653e+00 8.889358045635418204e-01 -5.181937651808518064e-01 3.707420393826900140e-01 3.707420393826900140e-01 -2.864490863102439611e-01 -2.864490863102439611e-01
5.528468371620864019e+00 -2.927204552847892494e+00 1.053672335215672051e+00 -2.643546124519313700e-02 1.027236873970478914e+00 1.027236873970478914e+00 -8.575395691792128128e-01 -8.575395691792128128e-01
-2.206383391519483261e+00 4.718959033660784286e+00 -4.099401079750933929e-01 -9.412474029505288886e-01 -1.351187510925622171e+00 -1.351187510925622171e+00 -8.086062403862038783e-01 -8.086062403862038783e-01
-4.374534551104744651e+00 2.235160898816943131e+00 -2.008461581408252927e-01 -1.049502849944809801e+00 -1.250349008085635205e+00 -1.250349008085635205e+00 -5.384337519748652046e-01 -5.384337519748652046e-01
-3.389575121923671830e+00 -6.048258205041756597e-01 2.476398406612358993e-01 -5.932735861047343517e-01 -3.456337454434984524e-01 -3.456337454434984524e-01 -6.578707338098693791e-01 -6.578707338098693791e-01
3.725200464301561709e+00 -3.095466189701660209e+00 -1.077271288796779247e+00 6.094648554470074586e-01 -4.678064333497717886e-01 -4.678064333497717886e-01 8.081840305094234456e-01 8.081840305094234456e-01
-7.913863856326024404e-01 -2.128469755015694354e+00 1.775550303914139594e-01 7.277633878354321517e-01 9.053184182268461111e-01 9.053184182268461111e-01 -9.755170195584821347e-01 -9.755170195584821347e-01
-9.028311299928235556e-01 -2.242569716342283748e+00 8.959864669160280126e-01 -9.439998763849510865e-01 -4.801340946892307393e-02 -4.801340946892307393e-02 -9.999927488427704514e-01 -9.999927488427704514e-01
-4.023128165076825802e+00 -5.010115150256969407e+00 1.335857917921279281e-02 3.482256917582355893e-01 3.615842709374483821e-01 3.615842709374483821e-01 -9.243245165270197461e-01 -9.243245165270197461e-01
-3.004340777118835959e+00 8.998615259032227698e-03 4.653215828292940337e-01 5.209181284849526694e-01 9.862397113142467031e-01 9.862397113142467031e-01 -9.893244456713665702e-01 -9.893244456713665702e-01
8.978084061675417615e-01 3.921888301121846609e+00 -5.032448697881775068e-01 1.138825796391372824e+00 6.355809266031953175e-01 6.355809266031953175e-01 1.071019049548147112e-01 1.071019049548147112e-01
-3.877398865367055691e+00 5.273480122285924665e+00 1.074123280666688496e+00 -2.689611837949097417e-01 8.051620968717787541e-01 8.051620968717787541e-01 1.738275522750835633e-01 1.738275522750835633e-01
2.009290164338734641e+00 -2.377781075529337151e+00 6.689253549339735372e-02 -9.559455466186508321e-01 -8.890530111252534784e-01 -8.890530111252534784e-01 9.328719935834007826e-01 9.328719935834007826e-01
5.070627336204818647e+00 -1.894746338300489441e+00 9.113854359683226658e-01 3.625716315586335892e-01 1.273957067526956255e+00 1.273957067526956255e+00 -9.994122123135052993e-01 -9.994122123135052993e-01
-2.290484508848984468e+00 -3.347640334084763136e+00 -5.004695125664483379e-01 4.853587233632083997e-01 -1.511078920323993824e-02 -1.511078920323993824e-02 7.990634144720643040e-01 7.990634144720643040e-01
-5.167632680718645233e+00 3.256198730010719800e+00 -4.580333439779514793e-01 -3.142710406600428552e-01 -7.723043846379943345e-01 -7.723043846379943345e-01 -3.340881472269790486e-01 -3.340881472269790486e-01
-6.062850694491306314e+00 -1.303928665334702863e+00 1.068579199871863006e+00 6.177724197963534447e-01 1.686351619668216451e+00 1.686351619668216451e+00 4.681555240865424294e-01 4.681555240865424294e-01
9.721809111050960794e-01 -6.024666117784757802e+00 -4.376507900004080742e-01 -2.296820662520728806e-01 -6.673328562524809549e-01 -6.673328562524809549e-01 3.335778083852438125e-01 3.335778083852438125e-01
-2.011543976053815186e+00 -3.994289828765277939e+00 -7.787499040142615847e-01 8.875195539823523827e-01 1.087696499680907980e-01 1.087696499680907980e-01 9.617839940591538239e-01 9.617839940591538239e-01
-1.817893535777193925e+00 4.808135780553140393e+00 5.045660736782988653e-01 -8.678474974006571419e-01 -3.632814237223582765e-01 -3.632814237223582765e-01 -9.885683738628678885e-01 -9.885683738628678885e-01
-1.563561005335732723e+00 -5.304146003817082011e+00 -1.141229312041592170e+00 2.468255116469086907e-01 -8.944038003946834792e-01 -8.944038003946834792e-01 8.339761063881812042e-01 8.339761063881812042e-01
3.547987159890171327e+00 -2.681215300576509808e+00 2.672959212111154503e-01 1.170439458153298640e+00 1.437735379364414090e+00 1.437735379364414090e+00 6.472905444629303284e-01 6.472905444629303284e-01
-4.724771651856716659e+00 -4.547282301629167023e+00 1.183427506425784204e+00 -1.166701489773578349e-01 1.066757357448426369e+00 1.066757357448426369e+00 -9.883603394331170744e-01 -9.883603394331170744e-01
5.514486702461342205e+00 2.622805265127269081e+00 -1.062546050080823257e+00 -9.784718704014334634e-01 -2.041017920482256720e+00 -2.041017920482256720e+00 -2.795355426822489497e-01 -2.795355426822489497e-01
1.430968076080896267e-01 3.047254335677131110e+00 -7.305675393209720703e-01 -4.183269046187343410e-01 -1.148894443939706411e+00 -1.148894443939706411e+00 -9.988115403220121369e-01 -9.988115403220121369e-01
2.245426990926846500e+00 -5.408624786011787755e+00 -6.566455146692232736e-01 -1.200479557969631461e-01 -7.766934704661864197e-01 -7.766934704661864197e-01 -9.997666180089113119e-01 -9.997666180089113119e-01
-5.140769622755397172e+00 1.252144269782362151e+00 -1.848068860870506480e-01 1.150935095846058909e+00 9.661282097590082607e-01 9.661282097590082607e-01 -7.337082718072820420e-01 -7.337082718072820420e-01
3.364746694372458435e+00 -1.397510241636151562e+00 -1.045368206925749055e+00 -7.164999884143588016e-01 -1.761868195340107857e+00 -1.761868195340107857e+00 -3.861370206061028876e-01 -3.861370206061028876e-01
4.223015532062536437e+00 -1.293372426266214958e-01 9.018122549829807877e-01 -5.341887975406894862e-01 3.676234574422913015e-01 3.676234574422913015e-01 -5.799853370347693993e-01 -5.799853370347693993e-01
9.002720270319688467e-01 -5.766038571485056607e+00 -4.977032010338224843e-01 1.147644871418946666e+00 6.499416703851241817e-01 6.499416703851241817e-01 1.527769113988380612e-01 1.527769113988380612e-01
-3.104115182573112808e+00 -1.071688398315453483e+00 6.274746127673693774e-01 7.852848327740826750e-01 1.412759445541452052e+00 1.412759445541452052e+00 -5.112042675682925141e-01 -5.112042675682925141e-01
2.726415155378587585e-01 6.978141040190317668e-01 -7.797002801779193693e-01 6.194991730611887348e-03 -7.735052884473074819e-01 -7.735052884473074819e-01 5.649236384351287166e-01 5.649236384351287166e-01
-7.946182108082675555e-01 -5.198664724286585326e+00 6.502836421956836865e-01 7.779468535445124289e-01 1.428230495740196115e+00 1.428230495740196115e+00 9.582717878656438204e-01 9.582717878656438204e-01
-6.446902283694289082e-02 3.187760828087986553e-01 7.599220389338772197e-01 9.420118153397847305e-01 1.701933854273661950e+00 1.701933854273661950e+00 9.678378542957049024e-01 9.678378542957049024e-01
-7.605898204944923080e-01 1.226791065312810680e+00 -3.381189566148932180e-01 -9.922278899665921692e-01 -1.330346846581485387e+00 -1.330346846581485387e+00 8.932822552822995421e-01 8.932822552822995421e-01
5.980402146011009279e+00 -8.451020364283579056e-02 -1.010311931627122517e+00 -6.195338843807839391e-01 -1.629845816007906567e+00 -1.629845816007906567e+00 9.259347020619842494e-01 9.259347020619842494e-01
2.932741678979047251e+00 -5.735518776096306226e+00 1.128322399124817021e-01 -4.113919470429270309e-01 -2.985597071304453287e-01 -2.985597071304453287e-01 -9.431490007655360941e-01 -9.431490007655360941e-01
3.873580306656998928e+00 1.823604189841327994e+00 -1.103984566922840527e+00 -3.037903580820368044e-01 -1.407774925004877442e+00 -1.407774925004877442e+00 8.331590214071169509e-01 8.331590214071169509e-01
1.761429337355581382e+00 5.561685927246687200e+00 -5.696425896208046069e-02 -3.052080148967206696e-02 -8.748506045175252765e-02 -8.748506045175252765e-02 5.062806610057462020e-01 5.062806610057462020e-01
-3.990508736451102045e+00 -3.271769628837866151e-01 8.689126372655995301e-01 -2.684095817687347507e-01 6.005030554968647794e-01 6.005030554968647794e-01 -3.845343013009815958e-01 -3.845343013009815958e-01
3.837625305189732217e+00 -3.579599189427146388e+00 1.021473623964936905e-01 -8.323917651561525410e-01 -7.302444027596588505e-01 -7.302444027596588505e-01 9.668955424212405392e-01 9.668955424212405392e-01
3.158977628887317479e+00 4.187272713382920841e+00 -1.596074475136424198e-01 -2.613484030879773545e-01 -4.209558506016197743e-01 -4.209558506016197743e-01 4.861959895441428370e-01 4.861959895441428370e-01
4.982773729810565655e-01 -4.891105932782952692e+00 3.604214679767903107e-03 1.088241097907804322e+00 1.091845312587572225e+00 1.091845312587572225e+00 -3.141492658858257014e-01 -3.141492658858257014e-01
6.878939714860301535e-01 4.813681049916377575e+00 -1.164890216387669986e+00 -6.183991016332763824e-01 -1.783289318020946368e+00 -1.783289318020946368e+00 7.097801359491676676e-01 7.097801359491676676e-01
4.318959356042629594e+00 -3.843431279022859304e+00 6.628130670920808765e-01 -6.109519235741290855e-01 5.186114351795179100e-02 5.186114351795179100e-02 8.890510877137252077e-01 8.890510877137252077e-01
1.572570632732133156e+00 -5.022608181919324011e+00 -2.185975472556203059e-01 -1.905069602183795396e-01 -4.091045074739998455e-01 -4.091045074739998455e-01 -9.528068161855175466e-01 -9.528068161855175466e-01
-4.923587159797380153e+00 -4.423543662065148041e+00 2.294009923834448017e-01 7.884439646600949203e-01 1.017844957043539722e+00 1.017844957043539722e+00 -9.969869751797609814e-01 -9.969869751797609814e-01
5.680332740543656556e-01 5.171138411351817510e+00 -5.102102473833906027e-01 -6.700133514889285991e-01 -1.180223598872319091e+00 -1.180223598872319091e+00 8.556382310197612195e-01 8.556382310197612195e-01
9.065225229114757255e-01 -4.807043195507507249e+00 1.520442902999123991e-01 -2.376941449491332126e-01 -8.564985464922081349e-02 -8.564985464922081349e-02 -7.255741048246511227e-01 -7.255741048246511227e-01
-4.927472143649663572e+00 4.527237546919351985e+00 1.614690593022660714e-02 2.616168338097610846e-01 2.777637397399876917e-01 2.777637397399876917e-01 9.209696123883100993e-01 9.209696123883100993e-01
2.603750087603199148e+00 5.427410726469565461e+00 1.054151176055861283e+00 -8.827568410481511085e-01 1.713943350077101746e-01 1.713943350077101746e-01 -1.762536189665597497e-01 -1.762536189665597497e-01
-3.369606912263098053e+00 -5.373758288617710654e+00 -9.194366894195749040e-01 4.353802700389985958e-03 -9.150828867191849181e-01 -9.150828867191849181e-01 -7.766836095090114966e-01 -7.766836095090114966e-01
1.996784539822694882e+00 5.849835221042676281e+00 -4.388606784943013261e-01 5.268207019649617795e-01 8.796002347066045335e-02 8.796002347066045335e-02 7.361806610503771053e-03 7.361806610503771053e-03
3.183136229041672038e-02 1.936941019560315169e+00 5.189082692738902214e-01 -4.787269798736680793e-01 4.018128940022214213e-02 4.018128940022214213e-02 -3.875533692420399801e-01 -3.875533692420399801e-01
5.630460438328359629e+00 2.798902183819883760e+00 -8.078960046761716196e-01 6.299211855517004022e-01 -1.779748191244712174e-01 -1.779748191244712174e-01 -5.441544735492905849e-01 -5.441544735492905849e-01
-2.104927811331464227e+00 -4.443726861687606444e+00 -7.886023771139965000e-01 -1.091551021449794989e+00 -1.880153398563791489e+00 -1.880153398563791489e+00 9.649694633153225176e-01 9.649694633153225176e-01
5.343033938731299060e+00 -5.345360022846260328e+00 9.032677550958283508e-01 -5.143258417751805922e-02 8.518351709183102916e-01 8.518351709183102916e-01 9.999972946675648178e-01 9.999972946675648178e-01
1.006107544211037208e+00 -4.055379072591463796e+00 1.354896210755127672e-01 -2.777875455794849291e-01 -1.422979245039721619e-01 -1.422979245039721619e-01 -9.957414309256550355e-01 -9.957414309256550355e-01
-4.379515257078178792e+00 -1.118953611443076035e+00 7.447170297138030470e-01 5.811434474139003381e-01 1.325860477127703385e+00 1.325860477127703385e+00 7.075886690216967034e-01 7.075886690216967034e-01
5.642015234453953809e+00 4.325831410117089604e+00 6.863867000440919686e-01 -7.471212464307008805e-01 -6.073454638660891192e-02 -6.073454638660891192e-02 -8.561269246094892482e-01 -8.561269246094892482e-01
-9.719343556893171865e-01 4.074619134094188411e-01 -7.846843559200054052e-01 -1.065518983787465679e+00 -1.850203339707471084e+00 -1.850203339707471084e+00 8.448709456257095241e-01 8.448709456257095241e-01
3.721962671057926997e+00 3.351739754220178114e+00 -8.179241230816075570e-01 -1.187297223555169534e+00 -2.005221346636777202e+00 -2.005221346636777202e+00 7.034778850270658745e-01 7.034778850270658745e-01
-4.208249811088222714e+00 -2.815981386294324373e+00 8.142635091004366554e-01 3.683119492359938629e-01 1.182575458336430518e+00 1.182575458336430518e+00 7.377629238371260501e-01 7.377629238371260501e-01
-5.034995801223455025e+00 -4.623770949220640247e-01 7.193416301686788028e-01 -1.816444042720037899e-01 5.376972258966750129e-01 5.376972258966750129e-01 7.068138032118297387e-01 7.068138032118297387e-01
-4.107124443069783304e+00 4.227033099256493287e+00 5.368403867791107231e-01 2.233217873209465409e-01 7.601621741000572641e-01 7.601621741000572641e-01 9.928195666815173848e-01 9.928195666815173848e-01
5.602443581259354488e+00 -5.476844186288806426e+00 -8.033315565566646610e-01 8.720077240448558253e-01 6.867616748819116435e-02 6.867616748819116435e-02 9.921227595900872220e-01 9.921227595900872220e-01
-2.885672456043137935e+00 -2.806610271236537724e+00 -1.198946391466450434e+00 -8.440895042787732727e-01 -2.043035895745223485e+00 -2.043035895745223485e+00 8.304381804288823998e-01 8.304381804288823998e-01
5.650706553150625311e+00 4.903533302536349225e-01 -8.087967283276509267e-01 -7.648112261993365024e-01 -1.573607954526987429e+00 -1.573607954526987429e+00 9.899171715693790841e-01 9.899171715693790841e-01
-5.557790317271515512e+00 -3.059850023829924659e+00 -3.665013088389244000e-01 7.684373944561120329e-01 4.019360856171876328e-01 4.019360856171876328e-01 -6.915687908787692129e-01 -6.915687908787692129e-01
-1.148229661925657119e+00 -2.459662877782540669e+00 5.059094765540421701e-01 1.024628352155155797e+00 1.530537828709197967e+00 1.530537828709197967e+00 -8.932379120493040281e-01 -8.932379120493040281e-01
5.633829213636481370e+00 -4.818667623402640210e+00 -9.563195165672766507e-02 -2.189675538163232682e-01 -3.145995054730509333e-01 -3.145995054730509333e-01 6.857507911531059985e-01 6.857507911531059985e-01
9.361947647642168135e-01 -9.382141695013519467e-01 4.817315446655667799e-01 3.624302912307877378e-01 8.441618358963545177e-01 8.441618358963545177e-01 9.999979610029466892e-01 9.999979610029466892e-01
-4.920404525428380360e+00 -4.003834525281546597e+00 -5.313383203771012697e-01 -9.916978731851222584e-01 -1.523036193562223417e+00 -1.523036193562223417e+00 -8.773240672218275416e-01 -8.773240672218275416e-01
4.438108251754687927e+00 5.961114786991233316e+00 9.343503192214559494e-01 1.005413512053195069e+00 1.939763831274651018e+00 1.939763831274651018e+00 -5.616272771297616817e-01 -5.616272771297616817e-01
9.705268181063484434e-01 5.981577135460083738e+00 8.160257203549337035e-02 -3.526805063819359320e-01 -2.710779343464425617e-01 -2.710779343464425617e-01 7.844927129194417814e-01 7.844927129194417814e-01
1.254092260666727299e+00 3.257364019159636470e+00 6.599435070317349883e-02 5.043926238184215372e-01 5.703869745215950360e-01 5.703869745215950360e-01 -1.995833528926432010e-01 -1.995833528926432010e-01
5.257556328592198014e+00 3.642393358866934605e+00 6.021097656540077558e-01 9.655685027285976219e-03 6.117654506812937321e-01 6.117654506812937321e-01 -8.654100005134462981e-01 -8.654100005134462981e-01
4.843806931376777314e+00 1.660212981091224727e+00 9.215967552612402969e-02 4.461628465774469809e-01 5.383225221035710106e-01 5.383225221035710106e-01 9.757149738657726612e-01 9.757149738657726612e-01
5.801573952011722213e+00 -6.150551900217384294e+00 -6.965230489654731239e-01 1.066979755290837550e+00 3.704567063253644266e-01 3.704567063253644266e-01 9.397226814761815428e-01 9.397226814761815428e-01
5.641539276059354791e+00 9.311649536379524861e-01 9.458305108998021904e-01 1.576142052839180074e-02 9.615919314281939911e-01 9.615919314281939911e-01 9.583813297980523505e-01 9.583813297980523505e-01
-1.021235065929371189e-01 -1.696317892478090172e+00 -8.741458918113191867e-01 8.820595864507596584e-01 7.913694639440471690e-03 7.913694639440471690e-03 -2.256839795216592226e-01 -2.256839795216592226e-01
-1.566521959568497380e+00 2.882144887460272642e+00 2.805193558146013011e-02 6.560446153481835907e-01 6.840965509296437208e-01 6.840965509296437208e-01 2.524131965954464207e-01 2.524131965954464207e-01
-1.347351494021300056e+00 -2.221498158448205196e+00 -4.585546549586532183e-01 8.955205627728379802e-02 -3.690025986813694203e-01 -3.690025986813694203e-01 -9.101058057669645374e-01 -9.101058057669645374e-01
3.261344248836559601e+00 -2.798562210318440879e+00 -2.779854369037029205e-01 4.497868631011523455e-01 1.718014261974494250e-01 1.718014261974494250e-01 8.948139507814132365e-01 8.948139507814132365e-01
4.522401517269962312e+00 6.248817180862422660e+00 -3.380114179655634432e-01 4.209481279729199166e-01 8.293671000735647336e-02 8.293671000735647336e-02 -2.224781482267682575e-01 -2.224781482267682575e-01
-4.099404013563890281e+00 -1.834165888838767522e+00 -7.174263096492135006e-01 -5.571438326808575425e-02 -7.731406929172992548e-01 -7.731406929172992548e-01 9.395045202299315834e-01 9.395045202299315834e-01
4.996685365190449701e+00 2.513251268291618601e-01 3.664640703280594991e-01 1.174271120364972942e+00 1.540735190693032441e+00 1.540735190693032441e+00 5.103756078866695800e-01 5.103756078866695800e-01
7.173145132192981777e-01 -4.549675449236499247e+00 1.111844183702501709e-01 9.376220414923464030e-01 1.048806459862596574e+00 1.048806459862596574e+00 -7.707567470967128243e-01 -7.707567470967128243e-01
2.603081307404099931e+00 4.907545205268531774e+00 -1.155328776819017467e+00 -3.566333840376078035e-01 -1.511962160856625381e+00 -1.511962160856625381e+00 3.366482654637325544e-01 3.366482654637325544e-01
-2.771997325173369831e-02 1.610926110641956122e+00 -3.304704154940221184e-01 -2.399851890647723973e-01 -5.704556045587945157e-01 -5.704556045587945157e-01 -1.240949207227636658e-02 -1.240949207227636658e-02
-3.498717219969587511e+00 5.384640582673998921e+00 -6.456856005203448490e-01 1.846341394574675387e-01 -4.610514610628773102e-01 -4.610514610628773102e-01 -3.099372540101086315e-01 -3.099372540101086315e-01
5.624626625774764577e+00 4.874360383123796936e+00 -3.817403399074831283e-01 1.051533058291131306e+00 6.697927183836481779e-01 6.697927183836481779e-01 -4.764278078340928868e-01 -4.764278078340928868e-01
-1.156328912171059820e+00 -3.211983035435981293e+00 5.934102348420007278e-01 6.923103661518854590e-01 1.285720600993886187e+00 1.285720600993886187e+00 -3.373279515250589000e-01 -3.373279515250589000e-01
4.532135227840710101e+00 6.090317469517227522e+00 -5.865224425144870413e-01 9.424950164793954865e-01 3.559725739649084453e-01 3.559725739649084453e-01 -3.645240093017618199e-01 -3.645240093017618199e-01
-2.471919312224812870e-02 -4.963421669717087426e-01 -4.406031496506631617e-01 -2.205219479661035820e-02 -4.626553444472735199e-01 -4.626553444472735199e-01 8.672913222341684936e-01 8.672913222341684936e-01
2.681882558523307480e+00 -2.433374765852249766e+00 -8.763829565060674565e-01 8.302102876586887614e-01 -4.617266884737869503e-02 -4.617266884737869503e-02 9.692805208447771159e-01 9.692805208447771159e-01
-5.909034229565266472e+00 -3.987509734971753428e+00 -5.179012841049166482e-01 7.696309319558400919e-01 2.517296478509234436e-01 2.517296478509234436e-01 -8.907670994272230969e-01 -8.907670994272230969e-01
2.270605370706139325e+00 -2.454229075222837952e+00 -7.352901978673487271e-01 9.131826239875067142e-01 1.778924261201579871e-01 1.778924261201579871e-01 9.831884844000750023e-01 9.831884844000750023e-01
-2.552503873080231855e-01 4.444661921171375596e+00 -6.910349102260490151e-01 -7.067531132458926280e-01 -1.397788023471941532e+00 -1.397788023471941532e+00 -4.994618167574104706e-01 -4.994618167574104706e-01
5.056982184257819313e+00 -4.022116836875179402e+00 1.046738748564590038e+00 -9.206245736989957518e-01 1.261141748655942862e-01 1.261141748655942862e-01 5.106417107504924724e-01 5.106417107504924724e-01
1.370504654920843279e-01 -5.355622755410760050e+00 7.698138517646431200e-01 1.075323391563500097e+00 1.845137243328143217e+00 1.845137243328143217e+00 4.848427036630319487e-01 4.848427036630319487e-01
4.385990279208602516e-01 -2.847145197490227986e+00 -4.094747221469530185e-01 3.226328132581812724e-02 -3.772114408211348913e-01 -3.772114408211348913e-01 -7.431393397973881099e-01 -7.431393397973881099e-01
-5.353494462032679202e+00 1.537298637376028232e+00 8.123114911190219001e-01 -1.004513965094008254e+00 -1.922024739749863542e-01 -1.922024739749863542e-01 -7.809548669912481644e-01 -7.809548669912481644e-01
4.492392480919024322e+00 -2.944394220560770492e+00 -3.956507418100703166e-01 -6.997236944220742716e-01 -1.095374436232144699e+00 -1.095374436232144699e+00 2.279609159849394287e-02 2.279609159849394287e-02
-1.592312062546765716e+00 -9.891035104744014816e-01 2.960093710760629548e-01 1.157184013753576268e+00 1.453193384829639223e+00 1.453193384829639223e+00 -8.471610349760207992e-01 -8.471610349760207992e-01
5.085202895768228259e+00 1.722234587658755700e+00 4.729803977043933738e-01 8.010533894084101991e-01 1.274033787112803573e+00 1.274033787112803573e+00 8.656985186159867895e-01 8.656985186159867895e-01
-1.881371526840227126e+00 -5.252589413195096313e+00 -2.331807077283879481e-01 9.236944791416428213e-01 6.905137714132548732e-01 6.905137714132548732e-01 6.594002296523036044e-01 6.594002296523036044e-01
-3.955777429356101660e+00 -2.568663288879299067e+00 1.108119029087512919e+00 -7.103581822030633486e-01 3.977608468844495704e-01 3.977608468844495704e-01 9.710387949833358956e-01 9.710387949833358956e-01
-1.160860239885901812e+00 1.019989530480319928e+00 5.431870927507733704e-01 9.324629920475973055e-01 1.475650084798370676e+00 1.475650084798370676e+00 9.900941193669711149e-01 9.900941193669711149e-01
3.303469998937282881e+00 -2.801141892839869030e-01 6.266424790103986009e-01 4.914424934774601628e-01 1.118084972487858764e+00 1.118084972487858764e+00 -9.930181638673767353e-01 -9.930181638673767353e-01
4.507819129213739728e+00 2.981373658636028878e+00 7.277414830477098029e-01 -9.863277602758033780e-01 -2.585862772280935751e-01 -2.585862772280935751e-01 3.567520426687476043e-01 3.567520426687476043e-01
3.016491041227983061e+00 -5.668714002941878327e+00 5.228766443835533018e-01 -3.972679570868660193e-01 1.256086872966872825e-01 1.256086872966872825e-01 -8.826293226409378523e-01 -8.826293226409378523e-01
7.773842081293915740e-01 7.907698050621680963e-01 -1.207287819631974735e-01 3.240131961417578310e-01 2.032844141785603576e-01 2.032844141785603576e-01 2.642310528644509823e-03 2.642310528644509823e-03
-4.763518266148031977e+00 -5.042225707572120186e+00 -9.514550719579794036e-01 -8.005417872236793020e-01 -1.751996859181658817e+00 -1.751996859181658817e+00 -9.283058883490069579e-01 -9.283058883490069579e-01
3.510829338582817982e+00 -3.489160665594788213e-01 -3.848839402193804382e-02 3.065417991389272068e-01 2.680534051169891629e-01 2.680534051169891629e-01 -9.997935433376891057e-01 -9.997935433376891057e-01
2.104295716802432992e+00 -5.211010240136827676e+00 1.202392597800816532e-02 -6.954959970447249784e-01 -6.834720710667168131e-01 -6.834720710667168131e-01 -9.993918196721622849e-01 -9.993918196721622849e-01
-3.440507759588546932e-01 -1.185475099983419156e+00 8.828214111686099042e-01 4.266518702309862743e-01 1.309473281399596178e+00 1.309473281399596178e+00 4.125873620029939237e-02 4.125873620029939237e-02
-3.735164569647316579e+00 -3.306789120153060590e+00 8.616021795975978836e-01 9.641143186971288248e-01 1.825716498294726708e+00 1.825716498294726708e+00 7.256839484060535472e-01 7.256839484060535472e-01
-1.208755900685529738e+00 -4.070571551422382583e+00 -8.777071530602811311e-01 -9.017042636685184132e-01 -1.779411416728799544e+00 -1.779411416728799544e+00 5.370520201471481458e-01 5.370520201471481458e-01
-8.567491192454728122e-01 -1.536873866932992883e-01 4.754284804554527177e-01 -5.859186456505484086e-01 -1.104901651950956909e-01 -1.104901651950956909e-01 5.314910235870891064e-01 5.314910235870891064e-01
-2.176435456638343702e+00 5.702468222519526009e+00 -1.861703226013569079e-01 -8.075887880125327545e-01 -9.937591106138896624e-01 -9.937591106138896624e-01 -9.270085583430041076e-01 -9.270085583430041076e-01
-3.419089600175763355e+00 -6.205848306103345813e+00 -4.861312795666031805e-01 6.557136859367675985e-01 1.695824063701644180e-01 1.695824063701644180e-01 -9.800347890376864823e-01 -9.800347890376864823e-01
-1.662893556642339732e-01 -1.771618737586265979e+00 6.719591537969313855e-01 8.314359582095061096e-01 1.503395112006437495e+00 1.503395112006437495e+00 -3.589211483172622397e-01 -3.589211483172622397e-01
3.066707146429319408e-01 5.249492560269425567e+00 -8.412314229565022172e-01 5.975730157889245220e-01 -2.436584071675776952e-01 -2.436584071675776952e-01 7.471570114550111219e-01 7.471570114550111219e-01
1.076729120294419140e+00 3.016181583984172576e+00 1.920309126272909950e-01 -2.069754039971566373e-01 -1.494449136986564231e-02 -1.494449136986564231e-02 -5.806104616413259034e-01 -5.806104616413259034e-01
-8.024049002780104800e-01 4.205996352027872476e+00 9.010753421401871410e-01 -5.138900678262037225e-02 8.496863353575667688e-01 8.496863353575667688e-01 -9.658741958854387688e-01 -9.658741958854387688e-01
3.762701983951314944e+00 -2.067739891480053771e+00 1.062348820630085733e-01 4.332678632425979171e-01 5.395027453056064903e-01 5.395027453056064903e-01 -1.238469647479077673e-01 -1.238469647479077673e-01
4.163582050472568241e+00 -2.031072014412531601e-01 3.858267680543054912e-01 -2.153958400110613791e-01 1.704309280432441120e-01 1.704309280432441120e-01 -6.830380590455671364e-01 -6.830380590455671364e-01
5.035939049617503827e-01 4.283889229082742389e-01 7.135561208162612967e-01 8.263014906980405971e-01 1.539857611514301894e+00 1.539857611514301894e+00 5.962433337453183491e-01 5.962433337453183491e-01
-3.383546285669027043e+00 1.585207133229422638e+00 1.071300815939924211e+00 -1.194774229044156977e+00 -1.234734131042327654e-01 -1.234734131042327654e-01 -2.255843696160105549e-01 -2.255843696160105549e-01
1.439639185874156624e+00 1.373046238888847803e+00 8.415425041202457823e-01 -7.754571247720613014e-01 6.608537934818448090e-02 6.608537934818448090e-02 -9.463958834805953346e-01 -9.463958834805953346e-01
-6.015146638858256622e+00 -5.595706906576339179e+00 5.147576500439599023e-01 -8.930141036692867962e-01 -3.782564536253268939e-01 -3.782564536253268939e-01 5.771865901987042191e-01 5.771865901987042191e-01
6.042660346690873041e+00 -2.999322045012527749e+00 -1.197902526650175048e+00 2.245515547139871337e-01 -9.733509719361879142e-01 -9.733509719361879142e-01 -9.951769231710906327e-01 -9.951769231710906327e-01
6.167534717833719426e+00 1.282802487676627301e+00 3.787149642872167377e-02 -6.874711174127720037e-01 -6.495996209840503299e-01 -6.495996209840503299e-01 3.927724896849169589e-01 3.927724896849169589e-01
-2.458716845812052743e+00 -4.314096028944574002e+00 1.194500672906937400e-01 8.302761259974353880e-01 9.497261932881291280e-01 9.497261932881291280e-01 8.825080737535186959e-01 8.825080737535186959e-01
5.939926850929895252e+00 -2.891449261993828568e+00 -1.176942859150126308e+00 -1.915557948802630861e-01 -1.368498654030389394e+00 -1.368498654030389394e+00 -9.956679237996538534e-01 -9.956679237996538534e-01
1.728593160179912047e+00 6.165913587574491928e+00 3.468694862215448982e-01 -6.547031231296284171e-01 -3.078336369080835189e-01 -3.078336369080835189e-01 -4.051402239400769129e-02 -4.051402239400769129e-02
-3.851404556859837403e+00 8.910437099265511307e-02 -4.018753580429657024e-01 -3.303752494296543496e-01 -7.322506074726200520e-01 -7.322506074726200520e-01 -8.134671518519035471e-01 -8.134671518519035471e-01
-1.455843400574518220e+00 -3.067258540286187163e+00 8.146840357477860284e-01 3.335125363441138191e-01 1.148196572091899847e+00 1.148196572091899847e+00 -1.881587168292165324e-01 -1.881587168292165324e-01
-8.727782736898683780e-01 -3.034048362339607952e+00 -7.042245250697005687e-01 1.069442403588953150e+00 3.652178785192525812e-01 3.652178785192525812e-01 -7.212202961945481938e-01 -7.212202961945481938e-01
1.383637833415541252e+00 -5.140701407889816110e+00 -5.222621175945096894e-02 2.170899743211620603e-01 1.648637625617110913e-01 1.648637625617110913e-01 -8.165016545267571590e-01 -8.165016545267571590e-01
-4.247380062845948601e+00 4.718574012395270856e+00 -7.821127895848432043e-01 -2.738853746175112791e-01 -1.055998164202354594e+00 -1.055998164202354594e+00 8.910269294753313529e-01 8.910269294753313529e-01
1.944720602536866849e+00 1.105110719132033736e+00 -2.641904629640293711e-01 -8.019134915744710046e-01 -1.066103954538500265e+00 -1.066103954538500265e+00 -9.957928822693699056e-01 -9.957928822693699056e-01
-5.376302760328115937e+00 5.927280605991734674e+00 -1.024391374443435643e+00 -8.388275045070874292e-01 -1.863218878950523072e+00 -1.863218878950523072e+00 8.520130071163897201e-01 8.520130071163897201e-01
4.747784195899180659e-01 3.561069809561180577e+00 2.203280206673468022e-01 -2.230997552762700176e-01 -2.771734608923215326e-03 -2.771734608923215326e-03 -6.260994497235986556e-01 -6.260994497235986556e-01
-4.589834106344162556e+00 -2.445332576875749453e+00 -3.799909158902278206e-01 -9.140228707173000400e-01 -1.294013786607527861e+00 -1.294013786607527861e+00 7.303368507999773440e-01 7.303368507999773440e-01
-2.509739633962364103e+00 -5.530955623085188400e+00 7.476866345382895407e-01 -1.006018316995704875e-01 6.470848028387190531e-01 6.470848028387190531e-01 -1.856306448623087357e-01 -1.856306448623087357e-01
-2.908754666260788824e-01 9.522523757230096919e-01 -1.036016850642439424e+00 -1.656025263437961303e-01 -1.201619376986235554e+00 -1.201619376986235554e+00 7.891472767285645507e-01 7.891472767285645507e-01
4.081820167137054867e+00 5.996142712286648191e+00 -1.047345962109582196e+00 4.721072650772990542e-01 -5.752386970322831417e-01 -5.752386970322831417e-01 -7.941522947177757086e-01 -7.941522947177757086e-01
-5.465519061711639814e+00 6.006677099436068090e+00 2.103389576235883407e-01 3.969635054185842726e-01 6.073024630421726133e-01 6.073024630421726133e-01 8.571127175074406690e-01 8.571127175074406690e-01
-4.426792928747666167e+00 -5.651772643356949288e-01 8.132246510920653204e-01 -2.942009223659936001e-01 5.190237287260717203e-01 5.190237287260717203e-01 2.759531465284269514e-01 2.759531465284269514e-01
-4.613843420771607029e+00 2.098218894685336622e+00 -3.370621477112356601e-02 7.144479419894695926e-01 6.807417272183460266e-01 6.807417272183460266e-01 -8.103962907855122300e-01 -8.103962907855122300e-01
9.760367832583440872e-01 -3.554130177859420314e-01 9.797595140236341482e-01 -7.512378111101278844e-01 2.285217029135062639e-01 2.285217029135062639e-01 8.135158686813627194e-01 8.135158686813627194e-01
3.897389752413394248e+00 6.155250315824808638e+00 -1.596514255137222449e-01 7.449977446801292480e-02 -8.515165104570932009e-02 -8.515165104570932009e-02 -8.092851889521864850e-01 -8.092851889521864850e-01
4.256364147947357068e+00 -1.597278282280467643e+00 -9.206735555290104234e-01 -6.785750508473525899e-01 -1.599248606376363124e+00 -1.599248606376363124e+00 -8.858345546011181515e-01 -8.858345546011181515e-01
5.350868644191580259e+00 3.982051128415609043e-02 8.537298746327246501e-01 -4.620649479104042001e-01 3.916649267223204500e-01 3.916649267223204500e-01 6.274703787605713234e-01 6.274703787605713234e-01
-4.156030958662822350e+00 3.997138756802568693e+00 4.980342705234854783e-01 3.151399575544906462e-01 8.131742280779761245e-01 8.131742280779761245e-01 9.874031699815912777e-01 9.874031699815912777e-01
4.298410610401438348e+00 1.459169155941095752e-01 -2.979380740754347112e-01 1.161640695233381981e+00 8.637026211579472701e-01 8.637026211579472701e-01 -2.648626228352266021e-01 -2.648626228352266021e-01
-4.734799427920018289e+00 -8.307143736557227598e-01 2.475235010003127289e-01 -1.734463153283933856e-01 7.407718567191934333e-02 7.407718567191934333e-02 7.533390631654389713e-01 7.533390631654389713e-01
-6.203716367759573025e+00 -5.703426171593909189e+00 -6.214579761890490772e-01 -8.475208452010902782e-01 -1.468978821390139355e+00 -1.468978821390139355e+00 7.904652763072225197e-01 7.904652763072225197e-01
5.889532756850304196e+00 2.883623291719963788e+00 -7.636937150938316599e-01 -3.443301318856961668e-01 -1.108023846979527827e+00 -1.108023846979527827e+00 -7.951011926767390658e-01 -7.951011926767390658e-01
1.841437884237819844e-01 5.944477859155362864e+00 -5.179589578559177232e-01 1.723539880203284191e-01 -3.456049698355893041e-01 -3.456049698355893041e-01 9.880787989911001823e-01 9.880787989911001823e-01
-4.071334628081671347e+00 -9.715078692100140856e-01 -4.931400409028490195e-01 8.986182828104556375e-01 4.054782419076066180e-01 4.054782419076066180e-01 3.244720412534914944e-01 3.244720412534914944e-01
-1.301062615113120380e+00 2.540722930761697640e+00 1.140370806162032791e+00 8.154753468411832795e-01 1.955846153003216070e+00 1.955846153003216070e+00 3.251175337186530401e-01 3.251175337186530401e-01
4.139588043216493318e+00 4.760164667031109076e+00 -6.430072382770822825e-01 -4.867517153651654827e-01 -1.129758953642247654e+00 -1.129758953642247654e+00 -8.653112854571926027e-01 -8.653112854571926027e-01
6.063422958487700853e+00 2.827229225641101351e-01 -6.156151686557889136e-01 -6.617575426900000890e-01 -1.277372711345789114e+00 -1.277372711345789114e+00 9.980186377141860854e-01 9.980186377141860854e-01
-2.394006977949012516e+00 -3.349494100884858661e+00 1.008566683945508080e+00 -5.378340221909126972e-01 4.707326617545953829e-01 4.707326617545953829e-01 8.578709881719265296e-01 8.578709881719265296e-01
4.196877410107987316e+00 -2.512165657668836705e+00 4.154369763324199383e-01 -2.513361198749530789e-01 1.641008564574668593e-01 1.641008564574668593e-01 -1.136692106083452419e-01 -1.136692106083452419e-01
-6.082484314533207481e+00 -3.819599519876166749e+00 -6.226506842757695281e-02 1.175697244041150613e+00 1.113432175613573660e+00 1.113432175613573660e+00 -8.882357936804636811e-01 -8.882357936804636811e-01
2.983909501039782697e+00 2.708729056638118138e+00 -8.069097253563047856e-01 -3.971298104605548440e-01 -1.204039535816859630e+00 -1.204039535816859630e+00 8.306363648046539705e-01 8.306363648046539705e-01
-6.866636299331503324e-01 -4.102310694740050501e+00 1.081029157526984807e-01 -8.281020355571706570e-01 -7.199991198044721763e-01 -7.199991198044721763e-01 7.651050004687622030e-02 7.651050004687622030e-02
-3.497023519429542482e+00 -2.716612228674184504e+00 -1.466353303833280997e-01 6.769596319802839712e-01 5.303243015969558716e-01 5.303243015969558716e-01 9.975824041729419722e-01 9.975824041729419722e-01
6.027035701474343199e+00 -1.783132817676120752e+00 -1.089257422208507853e+00 -1.134260888261174882e+00 -2.223518310469682735e+00 -2.223518310469682735e+00 -4.515360186340116044e-01 -4.515360186340116044e-01
4.194420398600719579e+00 2.500758803796363949e+00 1.171505539117682071e+00 -9.465764649645880269e-03 1.162039774468036191e+00 1.162039774468036191e+00 9.163242150500291450e-01 9.163242150500291450e-01
1.745005218762402777e+00 -1.100368290501831936e+00 -4.456202768741089892e-01 -7.759994800862485276e-01 -1.221619756960357517e+00 -1.221619756960357517e+00 7.993179924318691842e-01 7.993179924318691842e-01
4.411332968747210259e-01 2.333934297756972143e+00 6.720792847306917839e-01 6.040523181310764045e-02 7.324845165437994243e-01 7.324845165437994243e-01 -9.335783063619942368e-01 -9.335783063619942368e-01
-2.291206072002607286e-01 2.324655045095136430e+00 -9.621844726610795373e-01 6.121987388967975452e-01 -3.499857337642819921e-01 -3.499857337642819921e-01 -5.009863687531085352e-01 -5.009863687531085352e-01
-2.228507426536372016e+00 2.745036845306833229e+00 9.201133582929610366e-01 -1.192959092890534700e+00 -2.728457345975736636e-01 -2.728457345975736636e-01 8.695384126883864973e-01 8.695384126883864973e-01
-5.341353585750336919e+00 3.992935666093726965e+00 -3.448859513095460239e-01 1.165302844225864165e+00 8.204168929163181412e-01 8.204168929163181412e-01 2.205500851096565684e-01 2.205500851096565684e-01
-2.092848830212505895e+00 1.531581930889116094e+00 -1.136068034675694838e+00 -1.111357009235644844e+00 -2.247425043911339682e+00 -2.247425043911339682e+00 8.465814718222018920e-01 8.465814718222018920e-01
4.340972920893266362e+00 -4.444579419541318188e+00 1.320410383307748514e-01 1.166209929235208831e+00 1.298250967565983682e+00 1.298250967565983682e+00 9.946376460571317857e-01 9.946376460571317857e-01
1.223134412817564964e+00 -7.218166587944283563e-01 -8.653914127295982972e-01 7.291259172950044221e-01 -1.362654954345938751e-01 -1.362654954345938751e-01 8.769500351906519553e-01 8.769500351906519553e-01
-1.734383853088540484e+00 3.459521435349463658e+00 2.471244895621946824e-01 -7.827236439108558042e-01 -5.355991543486611217e-01 -5.355991543486611217e-01 -1.537292186466295008e-01 -1.537292186466295008e-01
3.813843207925481593e+00 1.906003100506085346e+00 -6.526465003096170170e-01 5.898088521084570157e-01 -6.283764820116000127e-02 -6.283764820116000127e-02 8.454767612770457408e-01 8.454767612770457408e-01
4.096924175794846690e+00 -3.650861153876645560e-01 7.440485819169790904e-01 -1.092663240892215892e+00 -3.486146589752368019e-01 -3.486146589752368019e-01 -8.308041192920858631e-01 -8.308041192920858631e-01
-2.680569757546042986e+00 3.118663745361969220e+00 -6.576502796870206113e-01 -2.473537299004161527e-01 -9.050040095874367641e-01 -9.050040095874367641e-01 9.055618651107804062e-01 9.055618651107804062e-01
-4.781731246835168925e+00 -4.557453759837787999e+00 -1.003967925438340014e+00 1.048791055698205854e+00 4.482313025986583988e-02 4.482313025986583988e-02 -9.963391589138561599e-01 -9.963391589138561599e-01
1.265970373532173454e+00 -5.782924751629573201e+00 8.554776334779001790e-01 -1.028953565628090372e+00 -1.734759321501901930e-01 -1.734759321501901930e-01 -1.941928822108981434e-01 -1.941928822108981434e-01
-4.659776305099822657e+00 -1.563697343533263506e+00 3.801246827049871158e-01 -1.130435504152823567e+00 -7.503108214478364513e-01 -7.503108214478364513e-01 9.982177885481582358e-01 9.982177885481582358e-01
-4.034132823301757043e+00 -5.312967597166267097e+00 -6.403817637266848717e-01 -6.935725957952550980e-01 -1.333954359521940081e+00 -1.333954359521940081e+00 -9.969846165090359147e-01 -9.969846165090359147e-01
-9.265038443415782865e-01 5.814139812678737584e+00 -7.898033276117710777e-01 4.398300001394255254e-01 -3.499733274723455523e-01 -3.499733274723455523e-01 1.743513478721460119e-01 1.743513478721460119e-01
2.699457390403901869e+00 1.061238599515991865e+00 1.018530794092163960e+00 -6.405329869404300380e-01 3.779978071517339222e-01 3.779978071517339222e-01 -8.143991225306561610e-01 -8.143991225306561610e-01
-6.866788429290160423e-02 1.807832718914887948e+00 -1.080869231332284297e+00 1.058408924695386499e-01 -9.750283388627456471e-01 -9.750283388627456471e-01 -1.675741507854628387e-01 -1.675741507854628387e-01
1.569927287674165228e+00 5.504121185558245699e+00 -7.552024970998191256e-01 9.480594083037441333e-01 1.928569112039250077e-01 1.928569112039250077e-01 7.032319006961683661e-01 7.032319006961683661e-01
-4.754641696778673321e+00 -5.094390178342235842e+00 8.732806505703183397e-02 1.098811606434814570e+00 1.186139671491846403e+00 1.186139671491846403e+00 -9.113461059813018350e-01 -9.113461059813018350e-01
4.868995373149189732e+00 1.386415662187388875e+00 5.120385468185097988e-01 2.381859027836448206e-01 7.502244496021546194e-01 7.502244496021546194e-01 9.996143197058936503e-01 9.996143197058936503e-01
2.476562192906673232e+00 1.839941325529785843e-01 2.466199696561359733e-01 8.798443939911282374e-01 1.126464363647264211e+00 1.126464363647264211e+00 -8.865158918098323682e-01 -8.865158918098323682e-01
2.344875764169117360e+00 4.885137321055898596e+00 -2.875107874762979909e-01 7.830994524621457398e-01 4.955886649858477488e-01 4.955886649858477488e-01 5.842604929249978207e-01 5.842604929249978207e-01
3.507126184802933366e-01 5.989094617697782397e+00 -2.277991878646513646e-01 2.983343528117887722e-01 7.053516494713740759e-02 7.053516494713740759e-02 9.983974068120913259e-01 9.983974068120913259e-01
5.179296783383721348e+00 5.932338917957590496e+00 -1.417619048767000400e-01 5.510928965943309166e-01 4.093309917176308765e-01 4.093309917176308765e-01 1.158010264690306212e-01 1.158010264690306212e-01
3.304875565486078415e+00 -2.614498807925597745e+00 9.464800050751864813e-01 3.680780996075019296e-01 1.314558104682688411e+00 1.314558104682688411e+00 7.710061400691081701e-01 7.710061400691081701e-01
-5.242394220185763842e+00 1.139347201864112868e+00 2.019181004359236198e-01 1.132270056639675948e+00 1.334188157075599568e+00 1.334188157075599568e+00 -5.723279766189193207e-01 -5.723279766189193207e-01
3.699832526177255332e+00 -1.079622995133785679e+00 -5.855741784045597198e-01 -1.053938302895568224e+00 -1.639512481300128055e+00 -1.639512481300128055e+00 -8.671311036942449535e-01 -8.671311036942449535e-01
-2.249650887876892824e-01 -4.809311550688737391e+00 4.372914440265402991e-01 -4.731791096297938148e-01 -3.588766560325351573e-02 -3.588766560325351573e-02 3.163578319785740889e-01 3.163578319785740889e-01
6.133032042102835035e-01 4.173388134199713662e-01 -7.069157628283101458e-01 7.773475428846656765e-01 7.043178005635553074e-02 7.043178005635553074e-02 5.142683378415872086e-01 5.142683378415872086e-01
1.054568237923967366e+00 -3.670482903090255711e+00 -9.333845928484558740e-01 -4.333570731782304675e-01 -1.366741666026686453e+00 -1.366741666026686453e+00 -8.649839261531101497e-01 -8.649839261531101497e-01
7.936069556251403867e-01 2.334192910163386259e-01 -8.298865026688465596e-01 -4.140203547517963267e-01 -1.243906857420642886e+00 -1.243906857420642886e+00 5.173659606371863173e-01 5.173659606371863173e-01
3.320146258920091853e+00 -1.377780437560550020e+00 9.654778788327871286e-01 5.430459843108748075e-01 1.508523863143661936e+00 1.508523863143661936e+00 -3.630782686796669712e-01 -3.630782686796669712e-01
-2.653327273961559651e+00 -6.497760496792777118e-01 4.960336650904859646e-01 -2.431663615457769767e-01 2.528673035447089879e-01 2.528673035447089879e-01 -9.869854797365255061e-01 -9.869854797365255061e-01
5.935379480918872019e-01 -5.776030519763539317e+00 2.898876497321924983e-01 -3.063407972465248541e-02 2.592535700075400129e-01 2.592535700075400129e-01 4.529786416552956108e-01 4.529786416552956108e-01
1.873424449810778825e-01 3.354623238460710866e+00 -4.144209431098502261e-01 -5.362155074272418886e-01 -9.506364505370921147e-01 -9.506364505370921147e-01 -9.209156652562553447e-01 -9.209156652562553447e-01
3.597827128369480931e+00 5.213565031107982861e+00 5.391891947742875058e-01 2.116602143312342754e-01 7.508494091055217812e-01 7.508494091055217812e-01 -8.177037080901471411e-01 -8.177037080901471411e-01
-5.893091636212575146e+00 -3.364498052134714090e+00 -8.603851248905041160e-01 1.198305880252246380e+00 3.379207553617422644e-01 3.379207553617422644e-01 -9.860565650379777836e-01 -9.860565650379777836e-01
-3.139809345643925109e+00 1.866418979473543516e+00 -5.672823461024137925e-01 -1.113931149901770556e+00 -1.681213496004184460e+00 -1.681213496004184460e+00 2.930410346878755123e-01 2.930410346878755123e-01
-6.204893611256669494e+00 -4.760470340006666135e+00 1.442711685577386937e-01 1.597458710574271024e-01 3.040170396151657961e-01 3.040170396151657961e-01 -3.020574119412938741e-02 -3.020574119412938741e-02
5.136859108101647919e+00 -4.141216388939927384e+00 -9.588852208745490824e-01 1.122359915816142584e+00 1.634746949415935013e-01 1.634746949415935013e-01 5.439636906105161929e-01 5.439636906105161929e-01
3.537824442375690381e+00 -5.312363184460789256e+00 -1.048034256151433086e+00 4.206319421958324423e-01 -6.274023139556006434e-01 -6.274023139556006434e-01 -2.023357471325530621e-01 -2.023357471325530621e-01
-1.540933710522018885e-01 -4.206453721252296774e+00 1.065999681906831809e+00 -8.399082587038542158e-02 9.820088560364463870e-01 9.820088560364463870e-01 -3.446274442306868080e-01 -3.446274442306868080e-01
-6.181683108555517947e-01 -3.373478535945571899e+00 7.939734756703082930e-01 6.966195775041879035e-01 1.490593053174496196e+00 1.490593053174496196e+00 -6.599424306180843303e-01 -6.599424306180843303e-01
-5.308135105615425786e-01 6.176249252383209765e+00 2.456066078450707124e-01 3.336644325090176721e-01 5.792710403540883846e-01 5.792710403540883846e-01 8.034376749707211607e-01 8.034376749707211607e-01
8.465833757662837300e-01 -6.244908362642910937e+00 3.626041882337842637e-01 1.050996298116352312e+00 1.413600486350136576e+00 1.413600486350136576e+00 6.333975955211299524e-01 6.333975955211299524e-01
-2.629571859513013088e+00 5.578842535415065029e+00 2.871956413670835317e-01 2.153286906431404191e-01 5.025243320102239508e-01 5.025243320102239508e-01 -9.815630620948661011e-01 -9.815630620948661011e-01
-5.564314562177133716e+00 4.689157670375125875e-01 -8.761665252951484906e-01 -5.031871721512793938e-01 -1.379353697446427773e+00 -1.379353697446427773e+00 3.737138936351948604e-01 3.737138936351948604e-01
1.222288235974092530e+00 2.493519942216318341e+00 3.147381103008086711e-01 9.265777877092344905e-01 1.241315898010043162e+00 1.241315898010043162e+00 -8.396186691713646288e-01 -8.396186691713646288e-01
4.970014231072740429e+00 -4.856434866800401373e+00 1.339167467712834014e-01 -6.209840898594941594e-01 -4.870673430882107580e-01 -4.870673430882107580e-01 9.935567950671220228e-01 9.935567950671220228e-01
5.542994837235967864e+00 2.292354583788203115e+00 1.018591180910715099e-01 1.121459740271459227e+00 1.223318858362530737e+00 1.223318858362530737e+00 1.863113491117276976e-02 1.863113491117276976e-02
-3.924569045595513561e+00 1.578832336052123253e+00 -1.192537614844567440e+00 -1.267954549567078537e-01 -1.319333069801275293e+00 -1.319333069801275293e+00 -6.996734822846888413e-01 -6.996734822846888413e-01
3.603184530304240241e+00 1.351938237719641833e+00 -4.272627249820742934e-01 3.311425083332186770e-01 -9.612021664885561645e-02 -9.612021664885561645e-02 2.403571666226509140e-01 2.403571666226509140e-01
4.884580692061529561e+00 -5.988744530277758216e+00 -2.597705068449190913e-01 -8.212515316527129183e-01 -1.081022038497632121e+00 -1.081022038497632121e+00 4.498813567672415026e-01 4.498813567672415026e-01
2.429638526598292714e+00 3.665875558447437399e+00 1.645280173712748706e-02 8.190332010376411009e-01 8.354860027747685880e-01 8.354860027747685880e-01 9.824413823295873316e-01 9.824413823295873316e-01
-1.417412669055389429e+00 -1.980404958276241523e+00 5.179470971498849607e-01 -7.396795717792055136e-01 -2.217324746293205529e-01 -2.217324746293205529e-01 -9.673535757451267036e-01 -9.673535757451267036e-01
-5.431082843177017061e+00 3.152979391656208108e+00 -1.197623997213606684e+00 -1.082630025453429568e+00 -2.280254022667036473e+00 -2.280254022667036473e+00 -6.497892361349923984e-01 -6.497892361349923984e-01
-6.013386722047136423e+00 -7.169808700138178281e-01 9.017903562686813146e-02 -3.533479782530843938e-01 -2.631689426262162623e-01 -2.631689426262162623e-01 9.016691351365918594e-01 9.016691351365918594e-01
-4.175425353320370903e+00 1.314575375003887103e+00 -3.705199218793057137e-01 -3.034947798995273338e-01 -6.740147017788330475e-01 -6.740147017788330475e-01 -9.608499307798008537e-01 -9.608499307798008537e-01
-1.138065911916545936e+00 2.503143554232504897e+00 3.330544832121371535e-01 -8.715566644336270041e-01 -5.385021812214898507e-01 -5.385021812214898507e-01 2.042707432057453976e-01 2.042707432057453976e-01
-3.056079495790754219e+00 -5.671144562799295130e+00 -7.751571515106832067e-01 -4.270637099752782051e-01 -1.202220861485961301e+00 -1.202220861485961301e+00 -7.664157170186739476e-01 -7.664157170186739476e-01
-3.893941317659244117e+00 2.811305752706893202e+00 -8.024850435357266942e-01 1.170324703476449235e+00 3.678396599407225409e-01 3.678396599407225409e-01 4.690022728092748117e-01 4.690022728092748117e-01
1.586347642674661884e+00 -1.636899746482463058e+00 9.589848580979005721e-01 -3.702769099619185322e-01 5.887079481359820399e-01 5.887079481359820399e-01 9.987225144878715266e-01 9.987225144878715266e-01
-1.462976740753285654e+00 1.456723901578285130e+00 4.473320656791155425e-01 8.670988310245120179e-01 1.314430896703627560e+00 1.314430896703627560e+00 9.999804510648195865e-01 9.999804510648195865e-01
4.959334402687938237e+00 -5.471117559230403771e+00 -6.125064905155097605e-02 -5.271889962713635081e-01 -5.884396453229144841e-01 -5.884396453229144841e-01 8.718726241459296977e-01 8.718726241459296977e-01
2.069316374133896019e+00 1.766014401493420038e+00 3.426926203337479215e-01 -9.318703765412679196e-01 -5.891777562075199981e-01 -5.891777562075199981e-01 -7.688611783515506559e-01 -7.688611783515506559e-01
1.979010299973424480e+00 -6.075795522543245397e+00 9.668793889111444440e-01 5.100512952014568668e-02 1.017884518431290131e+00 1.017884518431290131e+00 -5.774515504495143503e-01 -5.774515504495143503e-01
2.770283060543439646e+00 4.575953882075179280e+00 -1.006164642612081606e+00 1.121379884562859752e+00 1.152152419507781467e-01 1.152152419507781467e-01 4.862076987832805175e-01 4.862076987832805175e-01
3.234287136929678397e+00 -1.253554555411351856e+00 3.641745881102820270e-01 -2.028487645369876358e-01 1.613258235732943913e-01 1.613258235732943913e-01 -3.985508650540972586e-01 -3.985508650540972586e-01
-1.060069818800778663e+00 5.592529942300787482e+00 -5.888858465765733907e-01 -8.615607737413186751e-01 -1.450446620317892066e+00 -1.450446620317892066e+00 -1.789595792675263419e-01 -1.789595792675263419e-01
-2.859207975022050263e+00 -4.751173938445709233e+00 -2.302684363256352063e-01 3.320353061848413390e-02 -1.970649057071510724e-01 -1.970649057071510724e-01 2.411976240306137886e-01 2.411976240306137886e-01
-2.020359388813331769e+00 -1.741670724405842918e+00 -4.452347515292723878e-01 3.053062492963585228e-01 -1.399285022329138650e-01 -1.399285022329138650e-01 -8.136241993683185347e-01 -8.136241993683185347e-01
3.903911530832351318e+00 1.349956519677292910e+00 4.168472208241185140e-01 1.039696422167390333e+00 1.456543642991508847e+00 1.456543642991508847e+00 5.154040401027903950e-01 5.154040401027903950e-01
-2.046058591467462939e+00 2.347083457737499046e+00 -8.627692388366408061e-01 -4.529324400179340904e-01 -1.315701678854575007e+00 -1.315701678854575007e+00 9.550331187674914180e-01 9.550331187674914180e-01
1.851525391157693434e-01 -5.778044319940716100e+00 -8.463508850355853097e-01 -1.032172222371765979e+00 -1.878523107407351400e+00 -1.878523107407351400e+00 7.710591413367000602e-01 7.710591413367000602e-01
3.791451069094929238e+00 2.086056214399098607e+00 8.109715070041552121e-01 -3.120474961703713079e-01 4.989240108337839041e-01 4.989240108337839041e-01 9.188350318710730713e-01 9.188350318710730713e-01
-4.712482414030313649e+00 -7.765192457481120414e-01 1.026521873394523832e+00 7.878346826163813432e-01 1.814356556010905175e+00 1.814356556010905175e+00 7.008672970394927981e-01 7.008672970394927981e-01
1.729261328019678245e+00 1.065154900247427427e+00 1.233906880074115975e-01 -4.991389496296116945e-02 7.347679304445042803e-02 7.347679304445042803e-02 -9.403371645201862306e-01 -9.403371645201862306e-01
