-4.663049668911513734e+00 4.862692590000024850e+00 1.296100250832255441e+00 -9.014814457992691432e-01
-5.316122073181275276e+00 -2.071173191651958234e-01 1.402489417409078731e+00 -1.934718513439271259e+00
-1.919720231115583431e+00 -1.359719771604684269e+00 1.409725487651419584e+00 -1.642570109777981902e+00
4.682866246035832347e+00 -3.004562673003345896e+00 7.293578999439354060e-01 -1.059011165645307395e+00
3.149069932239491720e+00 -1.110672212489289379e+00 1.795751977419482337e+00 -1.014953999902461490e+00
2.890146645225621924e+00 -1.189110627833997569e+00 1.691361235853024780e+00 -5.180384863830100883e-01
3.745366975381628549e+00 2.283811505174870859e+00 1.989539694332730146e+00 -1.934747814919578257e+00
-2.363168882688312600e+00 -3.482595973472248474e+00 1.630352065359340630e+00 -1.999902717275986674e+00
-5.260430110020104522e-01 -7.373761528186841829e-01 1.995391317349617388e+00 -1.315407182943920672e-01
-3.943414989485725108e+00 -3.501035510362544567e+00 1.658546535847165160e+00 -5.394583749848136378e-04
1.021305038435809998e+00 -4.427313597038175175e+00 1.539758973226292849e+00 -1.890745399619901512e+00
2.287169166986444679e-01 1.418325449707504404e+00 6.997623829029724352e-01 -1.441647227750603610e+00
-6.644420883848143333e-01 1.728915129596110489e+00 1.310992944584627118e+00 -2.911832371370248751e-02
5.271373990595645154e+00 6.031384473747463559e+00 1.482583182252753540e+00 -1.007858382585467005e-01
-2.886144662546531681e+00 2.863727056695058337e+00 1.527564601207894501e+00 -1.488959014272841053e+00
-5.062974688436875148e+00 5.125515883208485945e+00 1.735397983214396866e+00 -1.645113193485514103e+00
-2.279929784448087915e+00 2.266328176949791384e+00 1.983891525387065480e+00 -1.988389924771333916e+00
2.595894318578640281e+00 -3.547953347314400929e+00 1.726160882420237019e+00 -1.127280110785714440e-01
-2.720382404872440762e+00 -1.029069995076631550e+00 1.883579885007825583e+00 -1.746256529091589238e+00
5.942881569818020182e+00 -1.791654668532219219e+00 5.725079910900657820e-01 -3.707347362588835349e-01
4.033719890969331701e+00 -6.736276420374256446e-01 1.975118572152797736e+00 -1.977304182956666434e+00
-5.671325002628253564e+00 3.182309197219932884e+00 9.186568847554142936e-01 -1.940371424924230759e+00
-3.256841604158142722e+00 -3.563103143985592691e+00 1.746656111354836227e+00 -7.715377151384483767e-01
-4.436599300541655744e+00 -5.484545018646885595e+00 3.506872573530994686e-04 -4.759669806569416517e-01
-5.023697095689596992e+00 -5.396155197496890210e-01 1.881595113274869169e+00 -1.583162463345562099e+00
-6.372199358330092878e-01 -2.460827653938264969e+00 2.181640721695610186e-02 -4.359311336264670711e-02
2.955535248274317794e+00 -5.066710954605063932e+00 3.491952057882928839e-01 -6.364136823712016611e-01
-4.235439596227760006e+00 4.021520534049290774e+00 1.781856504889267612e-02 -1.843228354684719461e-01
-2.427695888066221386e+00 -1.771917590758741667e+00 6.085171335990805508e-01 -1.989792513093375348e+00
1.438405923852242196e+00 1.976927810860471979e+00 1.725845631473171160e+00 -1.261697719263038531e+00
3.446122176373439316e+00 1.115134827060323630e+00 2.096849661911489582e-01 -1.572095955171596060e+00
4.985847759630333442e+00 -5.730573730438305091e+00 1.064356051841801598e-01 -4.799431070221117368e-01
-6.047065711126499821e+00 2.469071043404564847e+00 1.974625807813545464e+00 -1.454881541002591705e+00
-4.580768007526780039e+00 -1.503752433291788648e+00 1.133686342064343044e+00 -7.397878207308424825e-01
-3.769954853747511603e+00 -4.903593119469630501e+00 6.268441256123209460e-01 -4.891649813420706483e-02
-2.556549372374851359e+00 -4.882084529124099959e+00 6.670870153386228019e-01 -1.920784366764293427e+00
-8.059451184917563182e-01 4.518626056270223401e+00 6.221011115779028211e-01 -8.442359114990694025e-04
1.141940796594720808e+00 1.969928868000328848e+00 1.716146283182592658e+00 -1.756347188981771223e+00
2.084247141019320182e+00 -2.377054952637743135e+00 8.701915520211711552e-04 -1.443002233141933432e-01
-9.593820861349424689e-01 -3.708038309183052217e+00 1.905642013639790910e+00 -5.993240594172866142e-02
2.816973601405642569e+00 5.214676493912179467e+00 1.843934067506347585e+00 -3.954203026246533303e-01
4.130024593279175704e+00 -2.628370684314717654e+00 1.445371549139977674e-01 -1.918681237763961489e+00
3.625969846753848813e+00 3.987800885058168987e+00 7.386617117115634734e-03 -1.824180928768768695e+00
1.964495559211245634e+00 5.681792704790270321e+00 1.933044710130066290e+00 -2.914802076868220349e-01
-3.950415231684452522e+00 -2.798024671670973795e+00 3.656743018962559377e-01 -1.097205705693826694e-03
-4.213577498607545380e+00 4.387781397015499962e-01 2.308204402624032259e-01 -1.598157095369756586e-01
4.800873950981221938e+00 -8.409735770517761111e-01 1.993829103918690171e+00 -8.239523481160223595e-01
5.077371585847187063e+00 2.859439825254375123e+00 1.534829252532346811e+00 -3.331562893280216597e-01
-1.649648157811076210e+00 4.854447604099979330e+00 1.280310198069399164e+00 -1.157050781057469502e+00
-5.973063259923010015e+00 -8.421453008861261580e-01 1.993566435092898104e+00 -1.581233806491320504e+00
-2.948202606878399301e+00 -3.688361820988905748e-01 1.672567200716642777e+00 -1.377208328647381963e+00
-3.199810011557497447e+00 4.503003572152453060e+00 5.933622085907048760e-01 -8.838281908659179065e-01
-1.235104140795064254e+00 5.701056940033119247e+00 1.918494679781624690e+00 -3.779295075983893915e-01
2.012800034746033973e+00 4.374986708970320493e+00 3.752552899802150677e-01 -2.267139870946001112e-01
1.833359495248821247e+00 -1.989280157561491791e+00 2.573842736519734720e-01 -4.986776769753543670e-01
5.773409633506014771e+00 5.319411377808023644e+00 1.937036235215372271e+00 -1.481268733252744108e-01
3.502189633911475752e+00 2.931597722126996430e+00 1.407751196988092035e+00 -1.660281828220034228e+00
-1.165641817767911093e+00 -3.983121124137045665e+00 1.993705392027293133e+00 -2.754997927511539935e-01
-2.854804169599198360e+00 2.981730571536999719e+00 1.314304715451915184e+00 -1.542640042932299060e+00
-3.364845007351741302e+00 -1.218611193743684318e+00 1.647554088462684252e+00 -5.681844424616135925e-01
-5.022854458296198921e+00 -4.196566804537535944e+00 1.858144373025207852e+00 -1.581792593530925606e+00
4.179824252846294996e+00 -1.181963641272615995e+00 1.701617784768787445e+00 -1.874851642348288383e+00
-2.974178730046641128e+00 4.754769007224910027e+00 1.084658600325506539e+00 -1.328606582016374160e+00
2.183923014452595623e-01 -2.925362714034810185e+00 5.808945152095099651e-01 -1.423028132351090047e+00
1.683864731330286801e+00 5.306759506974463747e+00 1.927900331650541421e+00 -7.757856274879293412e-01
-5.414670448451612828e-01 -6.675637592120260422e-01 1.972358396501370459e+00 -1.166630717379628646e-01
4.495275324084746060e+00 -6.488120330914419753e-01 1.962919906830856709e+00 -1.420709548580498804e+00
-5.960698081134536253e+00 -5.260664771247216542e+00 1.103621249234099100e-01 -1.601178022988996918e+00
2.419423315889083881e+00 -3.243358839938642380e+00 1.202130044554451160e+00 -7.985119089777503731e-03
1.752663331583647732e+00 1.755586139658406708e+00 1.361223473595066791e+00 -6.442335829891999710e-01
4.471156666333282459e+00 4.639881157957033153e-01 1.995915773895039491e-01 -1.463963883428919921e+00
-2.092206889390706870e+00 -1.324666939086567297e-01 1.261844980650524306e+00 -1.863828904242796902e+00
1.129842084799808966e+00 4.307461094525031342e+00 2.758122783362683128e-01 -1.771953467283847061e+00
3.964989244303732008e+00 -1.238692921244236800e+00 1.616434765024443720e+00 -1.997113628635959426e+00
-1.072389689589503980e+00 1.849727706026012441e+00 1.529374197307027616e+00 -1.602550801197886177e-01
-2.829650474662135373e+00 -3.037769820170703738e-01 1.570860859810235155e+00 -1.584192164371454270e+00
4.615494791768968597e+00 -9.598939449471455276e-02 1.190801703128025357e+00 -1.192577733332286671e+00
4.596679235730869451e-01 3.154431071757032967e+00 9.743259850285539425e-01 -1.795199087410467520e+00
-3.359908300376878820e+00 -2.505622733656673873e-01 1.480412117855631537e+00 -5.771107887283017934e-01
2.480963133272828358e+00 1.439197521426563320e+00 7.398306286904106077e-01 -3.097320478171905478e-02
9.079442257618781653e-01 6.274112311219768756e+00 1.018144996092998467e+00 -1.970114975420251380e+00
-2.382824816326356121e+00 -2.669794523400604191e+00 1.903260949653827749e-01 -1.998581986713720671e+00
3.767346194174027829e+00 -4.058865055118127785e+00 1.965419530644388679e+00 -1.949458757858891556e+00
-2.603826994425694430e+00 8.624247986254207632e-02 8.283690373544930763e-01 -1.879842791528265389e+00
5.108927078519146292e+00 -2.656908271158448187e+00 1.754712879060930097e-01 -2.874849256913037943e-01
-3.032465450617610525e+00 4.725292731919209288e+00 1.025804638414539616e+00 -1.216525770676035512e+00
-5.722570595660948278e+00 2.644665071859884975e+00 1.838135049841526314e+00 -1.900635399835685302e+00
-3.148880632615539188e+00 -2.232622606648139829e+00 3.038488814255257964e-02 -9.854245580741849420e-01
-1.651414543807210755e+00 -1.152299638061630382e+00 1.742632948519843961e+00 -1.160538725926079762e+00
1.109825580505052756e+00 1.336022386861390743e-02 9.732827318038401732e-01 -1.796776315168899352e+00
-3.897486085847319703e+00 2.626817064206342422e+00 1.857067841220172433e+00 -1.740553163903091338e-03
-4.006775184846064874e+00 -4.935935346282763092e+00 5.676541416393146022e-01 -1.270410018110912365e-02
5.804863733079393739e+00 2.207774942218724945e+00 1.956265826059364166e+00 -1.827382651875741892e-01
2.175052419489720279e-01 2.747340247106469846e+00 1.709300098393121026e+00 -1.421419908876460969e+00
-7.843022343487078274e-01 2.214728350293226455e+00 1.960240955685007780e+00 -2.402119998023977132e-06
-3.249429454090185576e+00 -5.417966003829151056e+00 1.271578846634868754e-02 -7.859945278740526620e-01
3.631042704871649818e-01 2.643170546739046500e+00 1.839761718928237588e+00 -1.664039550385620014e+00
3.559228922601226586e+00 -4.519068465162435544e+00 1.377079534822131857e+00 -1.741479405633232336e+00
-4.626964522025678761e+00 1.347735381987044789e+00 5.685297612739125261e-01 -8.299810326092778023e-01
5.689947772599243336e+00 3.063657415044049870e-01 4.248958251301507838e-01 -7.294687293335011535e-02
-8.947793404148196572e-01 5.041152512838163346e+00 1.611161379723212939e+00 -2.383320714976155941e-02
-1.508882372953379125e+00 -4.109814491152904203e+00 1.933892494923783900e+00 -8.764882992502556203e-01
3.957985510866441459e+00 4.443544578971719616e+00 4.878477136247236778e-01 -1.998079273083108953e+00
