-3.095352824780222001e+00 -4.925878688010152828e+00 2.045173967026619799e+00 -1.788354797812702124e+00
6.301711604281958756e-01 5.732853195563571091e+00 2.308177553984269270e+00 -2.688637001771997159e+00
7.297380358339733419e-02 2.148804533154265783e+00 1.938934836228479952e+00 -1.455097287759451241e+00
3.260799006606470485e+00 5.730483928980929065e+00 1.937566169408923900e+00 -1.154930603496136410e+00
-3.901143322501069211e+00 -4.731907522690196544e+00 1.311535479965959539e+00 -1.985847115734387325e+00
-5.190971443704663457e+00 2.581275376959590417e+00 1.528254715428058574e+00 -1.609898553142900424e+00
2.971949967356209754e+00 2.064278444279084468e+00 1.851313165990942533e+00 -2.466895591252890263e+00
2.947053336235232024e+00 1.857884907486184289e+00 1.814597349925411773e+00 -2.277819850261324053e+00
-1.499923358280580210e+00 2.682263927521542968e+00 2.442233516490023071e+00 -1.936526162057158995e+00
5.120351759264089253e+00 -4.378272614361860882e+00 2.867169806926528342e+00 -1.869895214397587768e+00
5.576923936654596403e+00 6.164133937022981513e+00 1.922918759697085145e+00 -2.755408449772695612e+00
-2.771467747401985093e+00 4.387199419326464067e+00 1.657226419939448192e+00 -2.297853355535278030e+00
-1.916983039613961992e+00 5.695513530213291986e-01 2.507262180983685695e+00 -1.714249744426903144e+00
-1.136108104165499455e+00 -1.788632652733740613e+00 1.114433468701650609e+00 -1.908986909542286448e+00
-8.133418988104423875e-01 -1.505411805637563383e+00 1.274965216951045477e+00 -2.044892008023124319e+00
-5.219296126288396565e+00 7.914129080454115339e-01 1.378104720901231151e+00 -2.341212163243376221e+00
2.097676242996017848e+00 2.237850903171592520e+00 1.320902023664682456e+00 -2.311093632148687238e+00
-2.929192127701579995e+00 -4.417919568021829058e+00 2.201733162351137807e+00 -2.283709953388178615e+00
-1.122082573649212378e-01 4.885782360793179180e+00 1.889706092739445120e+00 -2.171440861814839973e+00
-8.075810591555905305e-01 4.867417711461401453e+00 1.286049078470618223e+00 -2.106734622172844240e+00
1.202452342470878399e+00 9.220286004388196233e-01 1.256618426078646156e+00 -2.217556674606564915e+00
3.572461909140022485e+00 2.246090150475346547e+00 2.325993964459129426e+00 -2.567992001185810835e+00
-3.408076087544243293e+00 -1.053976003735983547e+00 2.228946950595366516e+00 -1.523322688157697113e+00
-4.830152789048730355e+00 1.763740174604841116e+00 1.025353616799344669e+00 -1.977471071530361169e+00
-4.009114109521413560e+00 4.430587211230802680e+00 2.732643264016121787e+00 -2.179844013178609874e+00
6.081692548919852115e+00 -4.003360514904489520e+00 2.151899231250556710e+00 -1.362075699964063968e+00
-1.017448328965192772e+00 2.508679640531314092e+00 2.503226970910858551e+00 -1.576254121949415943e+00
-2.867728491181014139e+00 -4.188419654423730876e+00 2.234169566590414213e+00 -2.481675418748701567e+00
2.552605355580052304e+00 -2.301603235705413475e+00 2.413659658178423761e+00 -2.555004348636764622e+00
1.903822604292018994e+00 -6.114657438541948764e+00 1.841484340517119511e+00 -1.677726808876198072e+00
5.498686694239715678e+00 6.275193593538594072e+00 1.994354150830038197e+00 -2.707719972487642401e+00
4.906637909707720624e+00 -3.015357983509288076e+00 1.876468129782878469e+00 -1.808506296720482576e+00
-4.294891332628736791e+00 -4.571969197392233397e+00 1.094890806239311454e+00 -2.056749688816408295e+00
-7.371344488302868925e-01 2.159561835503167160e+00 2.558993822815622377e+00 -1.588831366760027564e+00
4.827972747958373390e+00 -4.170397272784448717e+00 2.850966866198486382e+00 -1.940509558958723568e+00
3.333146823815130944e+00 -5.721231989882401336e+00 2.101444700027672585e+00 -1.169261766427051707e+00
-1.832861222995995298e+00 2.320475494875260836e+00 2.706918058014953665e+00 -2.176535073960644606e+00
2.868518385400635751e+00 2.632377666200715893e+00 1.868526795028995435e+00 -2.840774895217746732e+00
4.212237937989897318e+00 5.826137342207280412e+00 1.612753900166121968e+00 -1.569664168194228937e+00
2.484733691030923453e+00 -5.467635892573700751e+00 1.555397109574225833e+00 -1.457167818784166791e+00
5.113697459119087796e+00 1.870809100332502695e+00 2.879432160629570525e+00 -1.884558185224340932e+00
-1.965125634458130044e+00 4.784773339065589326e+00 1.079163193170449286e+00 -1.972214999669226421e+00
2.947054932006301087e+00 1.610810201037256029e+00 1.806841739940281633e+00 -2.039248622568800240e+00
-2.121523763310301014e+00 2.769562430840379008e+00 2.309760777249510344e+00 -2.487508461089397827e+00
5.704579011311896153e+00 -1.701117719475955248e+00 1.457779631263918851e+00 -1.891200172438615157e+00
-4.794755051322626471e+00 9.240041987999507711e-01 1.204684365374838029e+00 -2.049580124802311776e+00
3.210101720182390039e-02 3.393115521798346634e-01 1.989317397328093540e+00 -2.942498211400102814e+00
2.819855941364252772e+00 1.342426219469859738e+00 1.691995347445971243e+00 -1.785226360319279504e+00
4.536639638576904332e+00 4.554946459962703642e+00 1.027582169860767891e+00 -2.027414604686032629e+00
-1.341501175641218069e+00 4.131482582919170810e+00 1.185914279616028466e+00 -1.875266719484517397e+00
4.319149469233897420e+00 -4.989844648872201915e+00 2.888347157749633798e+00 -1.895042621951532391e+00
7.889621511765936290e-01 -2.848098439603131027e+00 2.205292897270138663e+00 -1.325546568743113163e+00
-2.119767843200290436e+00 4.975626362544769421e+00 1.176324069001190908e+00 -1.864220944242483524e+00
-5.857466605136528948e+00 1.703593104834010497e+00 1.590660618897098200e+00 -1.879411535121623178e+00
-3.567724619846648348e+00 -5.494622767963957877e+00 1.706792720563399257e+00 -1.358169447631492055e+00
-5.508731272270548374e+00 -5.759463475472371918e+00 1.650262514614326825e+00 -2.618993526642655389e+00
4.342172397578959675e+00 -1.496364885126810762e-01 1.861021536959492462e+00 -1.642225838087572942e+00
4.624026398174047259e+00 -4.796960038157776829e+00 2.992538509304651484e+00 -1.992545697124821213e+00
-8.398274648947321452e-01 -2.146396813405706538e+00 1.375441126782970702e+00 -1.636604279292006581e+00
-2.851357538180761431e+00 -1.167501205953081822e+00 1.736781701210733164e+00 -1.623962408021932591e+00
-9.296882438887106304e-01 1.454906402377114993e+00 2.796057727916820834e+00 -2.069156849243783736e+00
-1.425387300611547836e+00 5.449247084305531175e+00 1.267232130231958243e+00 -2.097365726826571741e+00
-1.610585146113084676e+00 2.677037799624512715e+00 2.447670277366968961e+00 -2.035562658405443592e+00
1.710710482746868877e+00 4.851300047218076728e-01 1.538233557802863416e+00 -1.876633357149436243e+00
3.896608689425038463e+00 -2.783311660930933407e+00 1.759689222294183342e+00 -2.682016738887614160e+00
9.120818494779543428e-01 -2.113480922890547120e-01 2.165888342316999005e+00 -2.598480939755320129e+00
4.679515156390207764e+00 3.510354575150357093e+00 1.639733894652199986e+00 -2.030658336739738168e+00
-4.740170049461602808e+00 1.717141411935477535e+00 1.011071088216641600e+00 -1.995949394792202902e+00
5.561697816340309686e+00 5.123343268928339356e+00 1.394491159607318398e+00 -2.299942460892432372e+00
5.120321129886763245e+00 -5.798146322874848657e+00 2.427984416901698417e+00 -2.350953965373532739e+00
5.277716664513510736e+00 3.248488173528532030e-01 2.269507543468999078e+00 -2.507675284108551672e+00
2.753272875051607116e+00 2.193180697354570441e+00 1.692363521104975899e+00 -2.539569664998591492e+00
1.405075411791251838e+00 -5.178491867350722977e+00 1.118912389655962292e+00 -2.074135928658020767e+00
-2.662825599530599163e+00 3.739486766239627613e+00 1.740678841171325875e+00 -2.733591600481545925e+00
-1.150528385349881333e+00 -6.271791753229264188e+00 2.010401857863260311e+00 -2.407978610878953596e+00
-2.691003122487864108e+00 2.210714371211921048e+00 2.349331048398713317e+00 -2.537530498078661712e+00
4.937022848235590899e+00 4.567097009895114468e+00 1.035395878222237886e+00 -1.967750039264913875e+00
-3.333643828630383332e+00 3.278492517525926075e+00 2.026048910196653008e+00 -2.972430641695113174e+00
3.317421902960514757e+00 -1.555765661657897425e-01 1.972895471346709284e+00 -1.027309607231869704e+00
-1.679669611911315918e+00 -1.269778193327618432e+00 1.050619499039400662e+00 -1.967783598014912316e+00
2.927948237981683022e+00 -3.811780871555258354e+00 1.868305498541181331e+00 -2.765887013609119371e+00
4.770425957341313250e+00 -1.414764902871985086e+00 1.013811445105544884e+00 -2.009013830387385013e+00
5.718527226771874084e+00 -4.109683497552198972e-01 1.786218241966389009e+00 -2.774431204082892677e+00
-4.707783117177681831e-01 -1.906398172354069942e+00 1.571724135929413180e+00 -1.706489305391726496e+00
2.811505648550985725e+00 1.602105133589042829e+00 1.676033509939110377e+00 -2.029613735484681047e+00
5.796914479574329704e+00 4.806967343342295251e+00 1.534756349476247728e+00 -2.083490404774482219e+00
2.476221398513761329e+00 3.057626082886084617e+00 1.948224023880561262e+00 -2.783916048161169332e+00
2.323884450653634914e+00 3.392374613563598373e+00 2.181053791046805301e+00 -2.662501902181473312e+00
2.225093726515204651e+00 -5.640844071979031149e+00 1.524651148642892418e+00 -1.512695268976464336e+00
5.802563323204426027e+00 8.318080034680113144e-01 2.341731956258235492e+00 -2.597233412520198570e+00
-3.146126704048937128e-01 -2.425195552215456019e+00 1.796794134261586073e+00 -1.282841227934839345e+00
5.135126872344411453e+00 3.320433651935381647e+00 1.837770564646514115e+00 -1.596284551895802650e+00
1.800867991033829441e+00 3.391477092683839345e+00 2.240775858809313625e+00 -2.220964380166502217e+00
-3.363083703811266201e+00 -4.085498135694603405e+00 1.822087340465859073e+00 -2.572298840460493174e+00
5.985041312870100327e+00 -1.553509758884081826e+00 1.706297299660799460e+00 -2.016523119158232014e+00
-2.720552896547303590e-01 4.665628601753075699e+00 1.731582019694758889e+00 -1.954975849647720310e+00
-3.799001394825565203e+00 -6.049816563334013964e+00 1.858686766299201043e+00 -1.229879091589914708e+00
3.325771391813200140e+00 2.050267412767823316e-01 2.037285926435365546e+00 -1.037503238179833698e+00
-1.702074997394681155e+00 -2.538242233193114483e+00 1.437477811819038553e+00 -2.107789769630207033e+00
5.515304404536786720e+00 -1.790515298665318333e+00 1.322087002442405179e+00 -1.843206350216867184e+00
-2.087242074740259135e+00 3.854029656253990410e+00 1.431573152688797812e+00 -2.373687939572319383e+00
5.133481580977839798e+00 6.209201840519305904e+00 1.932541095511360218e+00 -2.407639682210787946e+00
-3.840296620633718128e+00 -5.855235760214943852e+00 1.733057310681087815e+00 -1.303373294750471478e+00
