-3.095352824780222001e+00 -9.407735307214031284e-01 -9.407735307214031284e-01 9.234789213184087242e-02
6.301711604281958756e-01 1.094894308912932823e+00 1.094894308912932823e+00 9.521949733097747615e-01
7.297380358339733419e-02 4.103914358277287455e-01 4.103914358277287455e-01 1.454300275840274825e-01
3.260799006606470485e+00 1.094441812327176633e+00 1.094441812327176633e+00 2.361605287214311177e-01
-3.901143322501069211e+00 -9.037277669878436281e-01 -9.037277669878436281e-01 -9.986641115965478877e-01
-5.190971443704663457e+00 4.929872828694170650e-01 4.929872828694170650e-01 8.175623070635422707e-01
2.971949967356209754e+00 3.942481419900767392e-01 3.942481419900767392e-01 -3.328132886027883597e-01
2.947053336235232024e+00 3.548298800667057940e-01 3.548298800667057940e-01 -3.793360747651392528e-01
-1.499923358280580210e+00 5.122746752905618095e-01 5.122746752905618095e-01 -1.412717558557126662e-01
5.120351759264089253e+00 -8.361884745354788429e-01 -8.361884745354788429e-01 -7.283600976163415730e-01
5.576923936654596403e+00 1.177262863149256100e+00 1.177262863149256100e+00 -9.875008612438449518e-01
-2.771467747401985093e+00 8.378933686988394580e-01 8.378933686988394580e-01 6.744723691713196967e-01
-1.916983039613961992e+00 1.087762958136260227e-01 1.087762958136260227e-01 6.383658827150565651e-01
-1.136108104165499455e+00 -3.416036736697730669e-01 -3.416036736697730669e-01 -7.639267038073940252e-01
-8.133418988104423875e-01 -2.875124763073364509e-01 -2.875124763073364509e-01 -9.984387017469458225e-01
-5.219296126288396565e+00 1.511487316105906142e-01 1.511487316105906142e-01 8.488543514956969904e-01
2.097676242996017848e+00 4.273980397709058465e-01 4.273980397709058465e-01 -8.692878738471638833e-01
-2.929192127701579995e+00 -8.437604849197020140e-01 -8.437604849197020140e-01 4.121395240471827370e-01
-1.122082573649212378e-01 9.331156963097095858e-01 9.331156963097095858e-01 -2.225375461822643175e-01
-8.075810591555905305e-01 9.296083066465474776e-01 9.296083066465474776e-01 -9.990159996900268569e-01
1.202452342470878399e+00 1.760944913183282168e-01 1.760944913183282168e-01 6.718383867661374964e-01
3.572461909140022485e+00 4.289716200938045176e-01 4.289716200938045176e-01 7.589756868453700900e-01
-3.408076087544243293e+00 -2.012945890737884991e-01 -2.012945890737884991e-01 -5.080909471307792913e-01
-4.830152789048730355e+00 3.368495605417476391e-01 3.368495605417476391e-01 2.333560684974846922e-01
-4.009114109521413560e+00 8.461798265605409153e-01 8.461798265605409153e-01 -9.865418255310534068e-01
6.081692548919852115e+00 -7.645855379111576866e-01 -7.645855379111576866e-01 -3.921664455349563871e-01
-1.017448328965192772e+00 4.791225185094691863e-01 4.791225185094691863e-01 -8.942246358535145268e-01
-2.867728491181014139e+00 -7.999292300937417277e-01 -7.999292300937417277e-01 5.207492231318953113e-01
2.552605355580052304e+00 -4.395738383985806630e-01 -4.395738383985806630e-01 -9.238325897928945096e-01
1.903822604292018994e+00 -1.167813547989094092e+00 -1.167813547989094092e+00 -6.178870639561506728e-01
5.498686694239715678e+00 1.198473695124313343e+00 1.198473695124313343e+00 -9.999983816183850571e-01
4.906637909707720624e+00 -5.758909539205356864e-01 -5.758909539205356864e-01 -3.787986425642750343e-01
-4.294891332628736791e+00 -8.731817969146311587e-01 -8.731817969146311587e-01 -7.412933541718829122e-01
-7.371344488302868925e-01 4.124459292395226129e-01 4.124459292395226129e-01 -9.953448439489203103e-01
4.827972747958373390e+00 -7.964872087447253390e-01 -7.964872087447253390e-01 -2.291141576324688400e-01
3.333146823815130944e+00 -1.092674822118317790e+00 -1.092674822118317790e+00 3.738052787419571255e-01
-1.832861222995995298e+00 4.431781743996117129e-01 4.431781743996117129e-01 5.004598035256901944e-01
2.868518385400635751e+00 5.027471011926616384e-01 5.027471011926616384e-01 -5.193998931582410883e-01
4.212237937989897318e+00 1.112710268573479544e+00 1.112710268573479544e+00 8.416341635194849458e-01
2.484733691030923453e+00 -1.044241535195726156e+00 -1.044241535195726156e+00 -9.671369387529484829e-01
5.113697459119087796e+00 3.572982190790634505e-01 3.572982190790634505e-01 -7.191768842518915239e-01
-1.965125634458130044e+00 9.138243941839221396e-01 9.138243941839221396e-01 7.094085063079967890e-01
2.947054932006301087e+00 3.076420870535148122e-01 3.076420870535148122e-01 -3.793331217602489702e-01
-2.121523763310301014e+00 5.289474612838223067e-01 5.289474612838223067e-01 8.918663414032417247e-01
5.704579011311896153e+00 -3.248895526029725866e-01 -3.248895526029725866e-01 -9.156864262935748844e-01
-4.794755051322626471e+00 1.764718028120142446e-01 1.764718028120142446e-01 1.639881049309872274e-01
3.210101720182390039e-02 6.480373293312502447e-02 6.480373293312502447e-02 6.415793775205848315e-02
2.819855941364252772e+00 2.563845222777523247e-01 2.563845222777523247e-01 -5.999778522963132854e-01
4.536639638576904332e+00 8.699306935463930746e-01 8.699306935463930746e-01 3.443052443389226780e-01
-1.341501175641218069e+00 7.890550504435889234e-01 7.890550504435889234e-01 -4.426845031283122012e-01
4.319149469233897420e+00 -9.529901293543844298e-01 -9.529901293543844298e-01 7.078706506575361823e-01
7.889621511765936290e-01 -5.439467340901826820e-01 -5.439467340901826820e-01 9.999745960897806762e-01
-2.119767843200290436e+00 9.502746366928163102e-01 9.502746366928163102e-01 8.902724429811578188e-01
-5.857466605136528948e+00 3.253623163819225894e-01 3.253623163819225894e-01 7.522282911627296009e-01
-3.567724619846648348e+00 -1.049395648736083375e+00 -1.049395648736083375e+00 -7.527726358645304705e-01
-5.508731272270548374e+00 -1.099976498014386239e+00 -1.099976498014386239e+00 9.997604616669714117e-01
4.342172397578959675e+00 -2.857846417644815951e-02 -2.857846417644815951e-02 6.746077275437837306e-01
4.624026398174047259e+00 -9.161518822645164928e-01 -9.161518822645164928e-01 1.758066928509601223e-01
-8.398274648947321452e-01 -4.099315952282528430e-01 -4.099315952282528430e-01 -9.940807510967943905e-01
-2.851357538180761431e+00 -2.229763055918183579e-01 -2.229763055918183579e-01 5.484172067048181942e-01
-9.296882438887106304e-01 2.778666548092365574e-01 2.778666548092365574e-01 -9.586489156203451545e-01
-1.425387300611547836e+00 1.040729531515588002e+00 1.040729531515588002e+00 -2.867360230066481885e-01
-1.610585146113084676e+00 5.112765583849103734e-01 5.112765583849103734e-01 7.949367632579745768e-02
1.710710482746868877e+00 9.265300595240422155e-02 9.265300595240422155e-02 -2.761906427134765973e-01
3.896608689425038463e+00 -5.315733708029656279e-01 -5.315733708029656279e-01 9.981544206230198446e-01
9.120818494779543428e-01 -4.036451232101434528e-02 -4.036451232101434528e-02 9.680738287417913757e-01
4.679515156390207764e+00 6.704283391685152971e-01 6.704283391685152971e-01 6.570028974988979809e-02
-4.740170049461602808e+00 3.279498524367934209e-01 3.279498524367934209e-01 5.553355444608296804e-02
5.561697816340309686e+00 9.784864876878420770e-01 9.784864876878420770e-01 -9.918419683075414550e-01
5.120321129886763245e+00 -1.107364377666754551e+00 -1.107364377666754551e+00 -7.283181220850464266e-01
5.277716664513510736e+00 6.204155404711531041e-02 6.204155404711531041e-02 -9.046916144278120964e-01
2.753272875051607116e+00 4.188666588932521417e-01 4.188666588932521417e-01 -7.008864684139467505e-01
1.405075411791251838e+00 -9.890190941400565094e-01 -9.890190941400565094e-01 3.254067233391079728e-01
-2.662825599530599163e+00 7.141893641685164162e-01 7.141893641685164162e-01 8.177748408604509356e-01
-1.150528385349881333e+00 -1.197823991483306427e+00 -1.197823991483306427e+00 -7.450006949420843183e-01
-2.691003122487864108e+00 4.222153439312021916e-01 4.222153439312021916e-01 7.840592817911508083e-01
4.937022848235590899e+00 8.722512776460267236e-01 8.722512776460267236e-01 -4.343060522880407559e-01
-3.333643828630383332e+00 6.261459480648519094e-01 6.261459480648519094e-01 -3.747270450132337283e-01
3.317421902960514757e+00 -2.971293544145847676e-02 -2.971293544145847676e-02 3.444552836128890738e-01
-1.679669611911315918e+00 -2.425097713180640602e-01 -2.425097713180640602e-01 2.160299545011606648e-01
2.927948237981683022e+00 -7.279965212293828536e-01 -7.279965212293828536e-01 -4.144049137920112758e-01
4.770425957341313250e+00 -2.702001931260019640e-01 -2.702001931260019640e-01 -1.158134822315053103e-01
5.718527226771874084e+00 -7.848917318143455724e-02 -7.848917318143455724e-02 -9.041202112385653411e-01
-4.707783117177681831e-01 -3.640952311578062872e-01 -3.640952311578062872e-01 -8.084751995087759990e-01
2.811505648550985725e+00 3.059795416363169096e-01 3.059795416363169096e-01 -6.132543092998201661e-01
5.796914479574329704e+00 9.180631367690910150e-01 9.180631367690910150e-01 -8.263198439063287326e-01
2.476221398513761329e+00 5.839635662616358136e-01 5.839635662616358136e-01 -9.713251810880794146e-01
2.323884450653634914e+00 6.478958262817260394e-01 6.478958262817260394e-01 -9.979128491275035540e-01
2.225093726515204651e+00 -1.077321860719293367e+00 -1.077321860719293367e+00 -9.658216668132799665e-01
5.802563323204426027e+00 1.588636265464011821e-01 1.588636265464011821e-01 -8.199043747670587967e-01
-3.146126704048937128e-01 -4.631782321194822805e-01 -4.631782321194822805e-01 -5.885186352976644608e-01
5.135126872344411453e+00 6.341561146970278173e-01 6.341561146970278173e-01 -7.482868201748890113e-01
1.800867991033829441e+00 6.477244124202758968e-01 6.477244124202758968e-01 -4.440765322456134423e-01
-3.363083703811266201e+00 -7.802726679462228532e-01 -7.802726679462228532e-01 -4.286356274806649158e-01
5.985041312870100327e+00 -2.966985087214800698e-01 -2.966985087214800698e-01 -5.615749351271192014e-01
-2.720552896547303590e-01 8.910694255199158587e-01 8.910694255199158587e-01 -5.176573176470594673e-01
-3.799001394825565203e+00 -1.155429853024596998e+00 -1.155429853024596998e+00 -9.674159231650867330e-01
3.325771391813200140e+00 3.915722320826775515e-02 3.915722320826775515e-02 3.600835752310344029e-01
-1.702074997394681155e+00 -4.847685578127546302e-01 -4.847685578127546302e-01 2.595510974521018643e-01
5.515304404536786720e+00 -3.419632325570960418e-01 -3.419632325570960418e-01 -9.993863539218308389e-01
-2.087242074740259135e+00 7.360654447386969501e-01 7.360654447386969501e-01 8.587839998608897130e-01
5.133481580977839798e+00 1.185870198688730559e+00 1.185870198688730559e+00 -7.460998814953719860e-01
-3.840296620633718128e+00 -1.118267657047967933e+00 -1.118267657047967933e+00 -9.850058539237347421e-01
