3.475345215478682803e+00 -2.433814127731011023e+00 -6.501474827279613011e-01 9.448196939193218569e-01
1.816169659160490113e+00 -2.236466234384657525e+00 -7.865032359882541124e-01 2.429184915392483546e-01
4.426666489323629605e+00 2.724331367257622816e+00 4.052582378114853445e-01 2.818507248195064596e-01
-3.697105692533277033e+00 1.689397062580517250e+00 9.929751728770066510e-01 8.496299859969768109e-01
4.296035372204642044e+00 -1.312262208104236549e+00 -9.667657892824853549e-01 4.044282695711239328e-01
-9.378622698701972737e-01 -1.945078985658059700e+00 -9.307701248326795129e-01 -5.915130173663183388e-01
3.812814836473650715e+00 4.588540975032508129e+00 -9.923406334545837870e-01 7.830621222160363271e-01
-5.966494877323470725e+00 -3.680857692712197871e+00 5.135054705249205709e-01 -9.502712976753555640e-01
2.679049188927296044e+00 -3.451833971063363204e+00 3.052884422898826111e-01 8.949204340455034767e-01
2.035347282254226897e+00 -5.420032033156224394e+00 7.598961059430321408e-01 4.480213905545443187e-01
-4.062554792645165058e+00 -7.080272205131654673e-01 -6.503364228172862083e-01 6.050543969630708396e-01
-2.126895596737694127e+00 -3.100740139914775373e+00 -4.084115130674504518e-02 5.278772516458628550e-01
-2.968446548136265406e+00 -5.616209550327382338e+00 6.186126835665961554e-01 9.850476246316807183e-01
-5.890516858959044200e+00 -4.958817215351086105e+00 9.697899081964025392e-01 -9.238912550023719028e-01
-5.736677645005793025e+00 4.791490418596231038e+00 -9.968731121678489071e-01 -8.543447198600478965e-01
-5.709166500625457275e+00 -4.755597198508671575e+00 9.990666701635179114e-01 -8.397255055050797390e-01
-2.346662540823035936e+00 1.794210176551709779e+00 9.751467609024765393e-01 7.003346542830863886e-01
3.979567499483849247e-01 2.121702689031625511e+00 8.520504279872170850e-01 -9.218547498426210574e-01
-4.138287728529163267e+00 -1.990894452951778248e+00 -9.130489239502361798e-01 5.430803486197434138e-01
-6.093984344195022551e+00 -3.491421848206421874e+00 3.427373525379526220e-01 -9.821548268637231294e-01
-1.801712420511583979e+00 1.857820414258194219e+00 9.590905999409421456e-01 2.288693974145220855e-01
3.432963678325394952e+00 -5.666875867942236411e+00 5.780275425437101378e-01 9.578509274521067596e-01
1.782059179235798041e+00 9.215643273540852221e-01 7.965483472263887865e-01 2.096948420202298102e-01
-2.668654050681838807e+00 -6.037654219148476109e+00 2.430715188791277848e-01 8.902335876396904046e-01
3.755906108829487167e+00 -2.624912270967735495e+00 -4.939965777328684804e-01 8.171693622295898018e-01
5.671124572225627603e+00 3.135356957243651266e-01 3.084238843700759514e-01 -8.184657503122875211e-01
4.635943053544595571e+00 -4.905812134623731779e+00 9.813519897031466321e-01 7.637149051915312348e-02
5.761857692738324488e+00 -6.818099932092813731e-03 -6.818047107296978417e-03 -8.671587498332358201e-01
4.778977627329034306e+00 1.535425087930996746e+00 9.993745029492553389e-01 -6.653944831135391591e-02
4.126907635772818495e-01 2.612666414859528885e+00 5.046066011366433512e-01 -9.160449405785189292e-01
-3.748005156997512355e+00 2.515759086818412982e+00 5.857730614988134743e-01 8.216978990147054684e-01
5.196137579899474446e+00 6.075362417869776266e+00 -2.063301259383188702e-01 -4.651009120352117554e-01
6.580656455672251326e-02 2.540445958163308759e+00 5.655885105354701015e-01 -9.978355293038516649e-01
-3.582365842130374567e+00 -1.967161297722829438e+00 -9.224704526972908880e-01 9.044220612998654651e-01
-5.750004357115751752e+00 2.574533385208855663e+00 5.371539141436302289e-01 -8.611946317841210341e-01
-5.514704386571034789e+00 -3.631420864726321529e+00 4.704743062685015631e-01 -7.189673255729340795e-01
4.651390477457944428e+00 -3.834637336187024292e+00 6.388824275371324246e-01 6.096068258213065139e-02
6.219953980295640505e-01 1.123177737708426882e+00 9.014803797739142643e-01 -8.127174407433634951e-01
5.544062749376683641e+00 -1.273921904600141985e+00 -9.562554925703151687e-01 -7.390599230450949353e-01
-1.000687711804611801e+00 -9.594557615169012621e-01 -8.188793153487241572e-01 -5.397234886169495205e-01
-5.870330543259650646e+00 5.096789639804919503e-01 4.878970393081578094e-01 -9.159791517178416109e-01
3.070729498955611092e+00 4.425666830694824583e+00 -9.591760345974881252e-01 9.974902571623269765e-01
-5.492741241053132661e+00 -6.491329582045857194e-01 -6.044959404186295293e-01 -7.035298024392167004e-01
3.329583804364718347e+00 6.261565245687204850e+00 -2.161837723145267065e-02 9.823816424807165770e-01
-5.741209852123060564e+00 -4.016330478534797521e+00 7.673754224725686246e-01 -8.566913559095937769e-01
-2.112737238240207205e+00 -2.686436091727339992e+00 -4.396029418388536225e-01 5.157997587941834938e-01
-2.433293300833121009e+00 -2.892165039925053804e+00 -2.468493265265565562e-01 7.594693180947096334e-01
-8.979893071688032080e-01 1.959691150178482388e+00 9.253286702689983434e-01 -6.231837404624680499e-01
3.024332745539437539e-01 2.508080228939199685e+00 5.919792536719942211e-01 -9.546145798474385824e-01
-1.032500208929649332e+00 5.509486766075561093e+00 -6.987856934110373563e-01 -5.126738115379493310e-01
-1.069324784668230777e+00 -1.462359172716571010e+00 -9.941264505942438712e-01 -4.807164187649561882e-01
-1.533066946981390899e+00 3.857155636383227559e+00 -6.560424172780801033e-01 -3.772042911687208816e-02
2.056376691043341864e+00 -1.752723443271130499e+00 -9.834968552730656288e-01 4.667217146170398734e-01
-2.573940724693557947e+00 -2.313567542904253926e+00 -7.365971280141748734e-01 8.431657475349161324e-01
-2.132075519616905446e+00 -4.514577274242104643e+00 9.804989777833285070e-01 5.322695656826927912e-01
1.395989319096750947e+00 7.682035628495151869e-01 6.948444346446142061e-01 -1.739180897109170454e-01
-5.407804510841721424e+00 -1.184578143157547281e+00 -9.263402451200077881e-01 -6.407045339414383367e-01
5.559621382814249557e+00 -4.147699832236190431e+00 8.447549946125804121e-01 -7.494509624705305573e-01
-2.622127563408910955e+00 5.283487304051631028e+00 -8.413077768320814664e-01 8.680848415757288494e-01
-1.617654165573434000e+00 5.590851067585370870e+00 -6.383357194310416149e-01 4.684069337020147633e-02
-5.185146162528652347e+00 5.158770230180346417e+00 -9.020152347027936557e-01 -4.553427769970564976e-01
-7.242203736951591253e-02 -6.108464686951585954e+00 1.738330181264176044e-01 -9.973786702810875093e-01
-1.927304072751052644e+00 4.649881049024608970e+00 -9.980470152813670781e-01 3.490037023138230499e-01
3.539436729947526672e+00 -3.910657527667549260e-02 -3.909660826665920658e-02 9.218984090153934385e-01
-8.152732173372454483e-01 -5.580304961258192975e+00 6.464180219265864835e-01 -6.856695406096627865e-01
-2.101600354146552441e+00 -3.344419335603250332e-01 -3.282420750065411230e-01 5.062268982104705106e-01
-2.179155675769786527e+00 -2.195745658977041437e+00 -8.109927640662946136e-01 5.715219333393131151e-01
-3.410384156402881839e+00 -3.951788529386996984e-01 -3.849732633006169302e-01 9.640925367013650771e-01
-1.348853236552409740e-01 -5.621822644112143053e+00 6.141927756445946240e-01 -9.909167590139151827e-01
-4.212516058419225828e+00 -1.071370001458048726e+00 -8.778574517522963472e-01 4.793140132663150643e-01
5.700859220192507237e+00 4.724866570006213351e+00 -9.999221558885903471e-01 -8.351856368016267185e-01
5.328332044693427250e+00 -4.218474414120914062e+00 8.804838067402904755e-01 -5.777285354924522887e-01
2.711157820109713512e+00 -5.082875675684503491e+00 9.321512386606389811e-01 9.087843943651423562e-01
2.440880756566984999e+00 -4.295245290176367803e+00 9.142499041852575337e-01 7.643833768596444145e-01
-1.887138559183689779e+00 -6.238280217891774448e+00 4.488999920388284104e-02 3.110923814585906944e-01
3.405209645356094939e+00 -4.364665415370330592e+00 9.401508627515514638e-01 9.654538004684438679e-01
5.185854042571982347e+00 -4.096180286894915312e+00 8.160754844324605850e-01 -4.559728999375916580e-01
4.301883930878725337e+00 -5.690936316184403765e+00 5.582283924167990019e-01 3.990724685455679932e-01
8.056025234095374188e-01 8.531303809096071333e-01 7.533427194043560426e-01 -6.926767918997767115e-01
4.728303681864339580e+00 2.530137465736748581e+00 5.740595949750193494e-01 -1.591402968159802769e-02
5.258506439828066092e+00 5.981077002394696862e-01 5.630796810055294088e-01 -5.193733366936691409e-01
-2.933118568713912744e+00 5.318955492608187896e+00 -8.216101160584181606e-01 9.783478680829873486e-01
2.378209197916911322e+00 1.817227229000476285e+00 9.697892575421963590e-01 7.225009311417677216e-01
3.297799656165173232e+00 6.157776477715342978e+00 -1.250803625954820808e-01 9.878244739472632485e-01
-5.916884175951999225e+00 2.478457673422338914e+00 6.155904450102961389e-01 -9.336585327132255197e-01
9.149861933388425683e-01 6.228610028387775444e+00 -5.454819110236408530e-02 -6.098015180174125582e-01
-4.811600027808481173e+00 -6.255425692505668600e+00 2.775604956898826761e-02 -9.904837455826935588e-02
-8.280063670594142167e-01 -1.240944432501259520e+00 -9.460903257739624594e-01 -6.763455822152549812e-01
4.940672013435749577e+00 -2.775910280443684375e+00 -3.575866322935030706e-01 -2.263054353010565400e-01
8.688455502850951362e-01 3.700435195724589121e+00 -5.302051802304252881e-01 -6.457084966698658501e-01
-4.593101934047165713e-01 -3.166371872412773847e+00 2.477668312076983584e-02 -8.963585226476594725e-01
-3.736622223295786416e+00 7.271028809066288900e-01 6.647079804185868079e-01 8.281319243984622824e-01
-3.783745604390641226e+00 -5.090486350176393060e-01 -4.873467275215791483e-01 8.008081675385512188e-01
1.801118539097027238e+00 -5.222959136821032189e+00 8.724660284062717430e-01 2.282912389860010938e-01
-3.711494726137698041e+00 -2.438917011722137484e+00 -6.462618225794006799e-01 8.419538159169607239e-01
7.970350762528983779e-01 2.684872062842185159e-01 2.652731454761003693e-01 -6.988305500470505249e-01
3.662103571638679611e-01 2.427486690016781523e+00 6.549420739058021690e-01 -9.336910409054774984e-01
-5.044769364967241820e+00 -2.263505719935035465e+00 -7.695185568482241223e-01 -3.262940528263181261e-01
2.995819721204002306e+00 -9.445357193483285840e-01 -8.102248973580481461e-01 9.893939274275828089e-01
-4.936228660414422542e+00 -3.574274946878670978e+00 4.193074126070873153e-01 -2.219751391274519814e-01
-4.347133332839677955e+00 1.243124039977292483e-01 1.239924728171628021e-01 3.571880892562596110e-01
-1.948039279349318420e+00 -3.739444728941684559e+00 5.628684135367426622e-01 3.683586904554059793e-01
5.882811078578358277e-01 -1.300362233066608475e+00 -9.636550191205003335e-01 -8.318957756754403743e-01
