2.483506852981040680e+00 4.654953862429140887e-01 4.654953862429140887e-01 -9.677578887979926270e-01
-4.233513139989844021e-01 1.007478745867580239e+00 1.007478745867580239e+00 -7.491001149314688856e-01
-3.349939868069089943e+00 5.515863252702422059e-01 5.515863252702422059e-01 -4.047399504405208015e-01
-2.561777831306783160e+00 5.757214027898425179e-01 5.757214027898425179e-01 9.166551483346301321e-01
1.308382912879618942e+00 1.052188852066525682e+00 1.052188852066525682e+00 5.010631471349653587e-01
-5.883085518724707086e+00 -1.129943436362608189e+00 -1.129943436362608189e+00 7.174951231841747434e-01
-5.462548437433431658e+00 7.533123406095263430e-01 7.533123406095263430e-01 9.975174949687878323e-01
-2.890165047214886762e+00 -8.797453638105503515e-01 -8.797453638105503515e-01 4.819292659247744748e-01
5.975579466964113351e+00 5.432219146028045564e-01 5.432219146028045564e-01 -5.771314043129778248e-01
-3.980022959174426500e+00 -4.362395779750501967e-01 -4.362395779750501967e-01 -9.943804549060275555e-01
7.371915331490708212e-02 -9.420658373548691511e-01 -9.420658373548691511e-01 1.469047166022754702e-01
-5.414007208008625227e+00 -1.637756936296337340e-01 -1.637756936296337340e-01 9.859946589673893591e-01
-3.955487258502183412e+00 -1.063494578051146888e+00 -1.063494578051146888e+00 -9.983763452081227951e-01
5.340291714443555549e+00 -7.684913019995001093e-01 -7.684913019995001093e-01 -9.507992110067102765e-01
-3.806928191221065294e+00 4.659788432859013341e-01 4.659788432859013341e-01 -9.713081946147541501e-01
3.495420821321824079e+00 -1.141648320695621388e+00 -1.141648320695621388e+00 6.500546366309202240e-01
-1.765475789779202387e+00 -1.391144694481794009e-01 -1.391144694481794009e-01 3.795954018599667079e-01
-5.479499730363368570e+00 -8.662255172433293016e-01 -8.662255172433293016e-01 9.993312155796328922e-01
-3.086847489088335728e+00 8.550628310946766231e-01 8.550628310946766231e-01 1.092716960053490977e-01
4.796837659178907032e+00 -7.764014666662556463e-01 -7.764014666662556463e-01 -1.680954988753676771e-01
-7.912798054195659958e-01 4.788569897001160314e-02 4.788569897001160314e-02 -9.999308133720602454e-01
2.467325048171348456e+00 -1.046170431862400996e-01 -1.046170431862400996e-01 -9.754015125600855596e-01
-4.562845755971888906e+00 -2.942242257866704014e-01 -2.942242257866704014e-01 -2.946473346941591021e-01
2.303181189186874533e+00 -4.970674439351647766e-01 -4.970674439351647766e-01 -9.943844434634938612e-01
-3.464334385971067576e+00 -3.553530228103422006e-01 -3.553530228103422006e-01 -6.015847048165564592e-01
-3.095819343806764934e+00 -6.339978621464747999e-01 -6.339978621464747999e-01 9.141880107149145951e-02
-6.050433573544526489e+00 2.551395193082042212e-01 2.551395193082042212e-01 4.488727544972875294e-01
-2.287290825782624992e+00 4.141975471116512431e-01 4.141975471116512431e-01 9.905195877506886015e-01
-3.639440073927648012e+00 2.959072152483135376e-01 2.959072152483135376e-01 -8.391371064167613136e-01
8.221084508915943445e-01 -6.055559460184417597e-01 -6.055559460184417597e-01 9.973059201317284739e-01
2.718447820922021307e+00 -5.364839309660140998e-02 -5.364839309660140998e-02 -7.488264811384456321e-01
-5.864667026820976403e+00 -9.117115628076576384e-01 -9.117115628076576384e-01 7.426618675928027269e-01
-1.077402986294002218e+00 6.945582967411967346e-02 6.945582967411967346e-02 -8.342585499259959070e-01
-4.618296586990918051e+00 5.885591040771098736e-01 5.885591040771098736e-01 -1.870760377482923176e-01
-2.794400090694913796e+00 -4.790311604196306750e-01 -4.790311604196306750e-01 6.399130620922404145e-01
-1.519815867141989685e+00 1.514933765613268868e-02 1.514933765613268868e-02 -1.017843463335850324e-01
-1.622911588835067143e+00 -1.187632885754344114e+00 -1.187632885754344114e+00 1.040418997972789861e-01
5.678422147049820623e+00 2.908061936809311909e-01 2.908061936809311909e-01 -9.354486784580422487e-01
-2.659062905087758999e+00 -6.543301222139956685e-01 -6.543301222139956685e-01 8.220827935529756436e-01
-8.618213576492861350e-01 1.945966312129514542e-01 1.945966312129514542e-01 -9.883417140550334601e-01
1.156633020423304181e+00 -2.465838067966991121e-01 -2.465838067966991121e-01 7.368010099535252655e-01
2.366894607935705608e-01 -8.632415569837934566e-01 -8.632415569837934566e-01 4.558962336579928110e-01
4.047850816776154659e+00 7.424759315740760979e-01 7.424759315740760979e-01 9.709276898344433304e-01
-5.818626119230172478e-01 6.755510405631872661e-01 6.755510405631872661e-01 -9.182843731034776580e-01
-5.587331074248535145e+00 7.486525480584462766e-01 7.486525480584462766e-01 9.840065833557785080e-01
1.619785556861718767e+00 7.460126763094832025e-01 7.460126763094832025e-01 -9.782177343880803233e-02
-3.981134758848920097e+00 -6.278081257822607508e-01 -6.278081257822607508e-01 -9.941425942682124983e-01
5.731315985076042452e+00 6.554005297316918277e-01 6.554005297316918277e-01 -8.928969622220019886e-01
2.790432959938090818e+00 7.737761720536566745e-01 7.737761720536566745e-01 -6.459899181032059401e-01
3.525233597356498549e+00 -9.223122400149752487e-01 -9.223122400149752487e-01 6.941813075200998773e-01
5.348205089010944491e+00 -3.055702324296106775e-01 -3.055702324296106775e-01 -9.555831778646951546e-01
-4.896170376696716176e+00 -2.660767749571542051e-01 -2.660767749571542051e-01 3.593420851373497760e-01
-1.142859943400270417e+00 -5.858611899637500287e-02 -5.858611899637500287e-02 -7.551433543971035611e-01
2.284821263748009201e+00 -9.666169784821807553e-01 -9.666169784821807553e-01 -9.898290135051356353e-01
6.872272717265524022e-01 5.466510557146033733e-01 5.466510557146033733e-01 9.807867937883689713e-01
-1.581226661532224576e+00 1.119335931450944122e+00 1.119335931450944122e+00 2.085915652657077332e-02
-3.267001596930349194e+00 6.500946157647546908e-01 6.500946157647546908e-01 -2.481963369820253673e-01
-6.768811108769261509e-01 2.891997606719705072e-01 2.891997606719705072e-01 -9.765404022668084938e-01
4.133582317043519083e+00 -1.043522609696272418e-01 -1.043522609696272418e-01 9.158474055270217073e-01
6.558699203237550179e-01 1.118753869505211052e+00 1.118753869505211052e+00 9.666321070114392011e-01
-1.814423848170092057e+00 -1.329905092528782529e-01 -1.329905092528782529e-01 4.682021522032718819e-01
-1.348677224444572609e+00 9.575066213448761854e-01 9.575066213448761854e-01 -4.297701509011195298e-01
9.519171767242449178e-01 -4.369042168935743931e-03 -4.369042168935743931e-03 9.450535278898987146e-01
1.143340741495550539e+00 -3.261492266720278366e-02 -3.261492266720278366e-02 7.545126216602834335e-01
2.162016510597158714e+00 -6.830443095762283034e-01 -6.830443095762283034e-01 -9.255328548912751252e-01
-3.294811362655223785e+00 8.377967611968317740e-02 8.377967611968317740e-02 -3.016639414123484797e-01
-2.493484392889774970e+00 5.889553774735030167e-01 5.889553774735030167e-01 9.625392152182489225e-01
-5.477084094077509846e+00 -4.693287255662921265e-01 -4.693287255662921265e-01 9.991428899334592328e-01
5.891730505957459840e-01 -1.175847130425375919e+00 -1.175847130425375919e+00 9.239747370073935206e-01
1.432138440087186382e+00 -1.154105046123144573e+00 -1.154105046123144573e+00 2.737749655245292346e-01
5.587874412330807061e+00 1.077266449729217479e+00 1.077266449729217479e+00 -9.838124305006840098e-01
5.394695122077866500e+00 -4.128287978206087727e-01 -4.128287978206087727e-01 -9.788192659204455470e-01
5.878481217242487844e+00 2.229126498747782126e-01 2.229126498747782126e-01 -7.238789885034606630e-01
1.317527658371360211e+00 -6.062429867060311617e-01 -6.062429867060311617e-01 4.851523060448962865e-01
-1.500892038791299399e-01 -9.959239904053207582e-02 -9.959239904053207582e-02 -2.956906413987393512e-01
-5.600354007269798373e+00 5.694101822315456030e-01 5.694101822315456030e-01 9.790337533447907026e-01
-5.837998672162747482e-01 -1.031898743652852835e+00 -1.031898743652852835e+00 -9.198114786340836346e-01
-5.075577098134187004e+00 3.866820276194387063e-01 3.866820276194387063e-01 6.641649258164882275e-01
1.422385296562289625e-01 1.090401156942460981e+00 1.090401156942460981e+00 2.806555667500824081e-01
2.103740879314313972e+00 -1.048301715987286498e+00 -1.048301715987286498e+00 -8.752193574641898843e-01
5.770057707476942355e+00 8.782691245595455332e-01 8.782691245595455332e-01 -8.553650886051055169e-01
1.159001624078786818e+00 5.010489382585168183e-01 5.010489382585168183e-01 7.335898830013325433e-01
5.137681688927171919e+00 3.065634148686826599e-01 3.065634148686826599e-01 -7.516666417907749143e-01
1.336976559584371671e+00 -9.431900635349002027e-01 -9.431900635349002027e-01 4.507805093830153931e-01
-1.306152296290183479e+00 -1.196679960002402066e+00 -1.196679960002402066e+00 -5.049189471453128242e-01
-3.371536796992616658e+00 -4.699231401614212267e-01 -4.699231401614212267e-01 -4.438480033087210952e-01
-3.211642730453301287e+00 -1.113518838171433156e+00 -1.113518838171433156e+00 -1.396422877667799767e-01
2.830628762684169075e+00 -1.625244451648832911e-01 -1.625244451648832911e-01 -5.826030599882572325e-01
8.550731729977583129e-01 -1.181078151579743052e+00 -1.181078151579743052e+00 9.903064873806914914e-01
5.531838104463927763e+00 8.971972280033233549e-01 8.971972280033233549e-01 -9.976819602586607383e-01
1.085862173145748066e+00 8.261639077272577847e-01 8.261639077272577847e-01 8.248112603631523321e-01
-6.054265911480039009e-01 -4.252091098845899309e-01 -4.252091098845899309e-01 -9.359168508933197739e-01
-1.904106878779299628e+00 1.076496722709218590e+00 1.076496722709218590e+00 6.183339952840787301e-01
3.400217966796597935e+00 -1.790358591478686812e-01 -1.790358591478686812e-01 4.944923037483080486e-01
8.683454911569397083e-01 3.340485581409420313e-01 3.340485581409420313e-01 9.862710113427338721e-01
-5.044658427079271590e-01 1.006817776573969647e+00 1.006817776573969647e+00 -8.462631669178424243e-01
4.477750088400842543e-01 4.355955309881842652e-02 4.355955309881842652e-02 7.805530095470891716e-01
6.000380892583942583e+00 8.228517308050971035e-01 8.228517308050971035e-01 -5.359299269418965617e-01
5.800261626495508693e+00 -8.246799627168888147e-01 -8.246799627168888147e-01 -8.225311230911004357e-01
-3.503995279529781737e+00 5.413764818435744530e-01 5.413764818435744530e-01 -6.629896612336921846e-01
-6.023677194336306329e+00 4.578834627756709352e-01 4.578834627756709352e-01 4.960261593205335107e-01
2.899176043740794739e+00 5.635530591133466327e-01 5.635530591133466327e-01 -4.660608066102212010e-01
-5.867557732779857815e+00 4.158260043859218769e-02 4.158260043859218769e-02 7.387778591196726419e-01
1.743731670167591119e+00 -4.843503368086461425e-01 -4.843503368086461425e-01 -3.390159308745924194e-01
9.543718100207305710e-01 -7.808198750519861342e-01 -7.808198750519861342e-01 9.434372300566332692e-01
-2.989311499083881607e+00 9.956714108001187835e-01 9.956714108001187835e-01 2.998756562432607908e-01
-8.951189032577548943e-01 -2.404759386611379224e-01 -2.404759386611379224e-01 -9.760191827812088050e-01
-9.568656802302966113e-01 -9.184308470764535048e-01 -9.184308470764535048e-01 -9.417718104504881893e-01
3.690714188975467991e+00 4.877219915213177881e-01 4.877219915213177881e-01 8.904090486984717057e-01
4.530819675774859334e+00 2.537086974486690849e-01 2.537086974486690849e-01 3.552099077498269697e-01
-3.646210986451648761e+00 -9.952537845151119278e-01 -9.952537845151119278e-01 -8.464256104229589406e-01
-5.390519872881752050e+00 7.328931495067636526e-02 7.328931495067636526e-02 9.770755926814451708e-01
4.643129812603950413e+00 -3.169980292371038511e-01 -3.169980292371038511e-01 1.380757941814822753e-01
5.088730989851965703e+00 2.949456772458058929e-01 2.949456772458058929e-01 -6.836001691967547034e-01
1.809434208355037654e+00 1.100978215335823185e+00 1.100978215335823185e+00 -4.593610807112775696e-01
1.911386062497161475e+00 -5.335421219179625751e-03 -5.335421219179625751e-03 -6.297097112189987689e-01
4.353099762300352893e+00 7.513292717939055176e-01 7.513292717939055176e-01 6.583152662421254409e-01
-7.715561369932251168e-01 8.922857634131828863e-01 8.922857634131828863e-01 -9.996168210835639778e-01
-1.218266082463452804e-01 -8.377562464535002196e-01 -8.377562464535002196e-01 -2.412495402570252190e-01
2.506730503523549203e+00 1.142941592289168140e+00 1.142941592289168140e+00 -9.550191346895081645e-01
-1.464717072682083732e+00 -5.215208377307121168e-01 -5.215208377307121168e-01 -2.105705003575417122e-01
4.649709786684738333e+00 -3.777336375801831903e-01 -3.777336375801831903e-01 1.250303165130571825e-01
-6.029113431716042193e+00 -9.852130919210396742e-01 -9.852130919210396742e-01 4.865563755837313820e-01
-2.033754591834550318e+00 -9.542069797142005427e-01 -9.542069797142005427e-01 7.991720271966409328e-01
6.134085813362402106e-01 5.762340614824379426e-01 5.762340614824379426e-01 9.414202054982708789e-01
2.279445514916902837e+00 -5.834000551519941125e-01 -5.834000551519941125e-01 -9.882423026779827424e-01
9.570212892962297602e-01 3.820235324400678145e-01 3.820235324400678145e-01 9.416671169164004818e-01
3.226775590483876854e+00 7.094168845037114313e-01 7.094168845037114313e-01 1.695429373674984530e-01
-3.358436320342633952e+00 -4.450240919897107128e-01 -4.450240919897107128e-01 -4.202196207246144954e-01
6.544349258684487580e-01 4.819539992561550079e-02 4.819539992561550079e-02 9.658929258857599232e-01
-1.903561743853252608e+00 5.322208560508578934e-02 5.322208560508578934e-02 6.174767680460696573e-01
-3.092060511911354226e+00 -1.190735156375373416e+00 -1.190735156375373416e+00 9.890233111991524051e-02
-3.191064130033505197e+00 -2.514402155127916094e-01 -2.514402155127916094e-01 -9.878159478842588048e-02
5.987366220077628753e+00 -1.433669932092196397e-01 -1.433669932092196397e-01 -5.577215013602864202e-01
-5.511538925209018558e-01 -1.081562527707744747e+00 -1.081562527707744747e+00 -8.922517882492728702e-01
1.061557590542353324e+00 7.005109671141631633e-01 7.005109671141631633e-01 8.513101955751981587e-01
-4.421592345374696365e+00 -6.187713740973949106e-01 -6.187713740973949106e-01 -5.493559515091740453e-01
5.576302814024520771e+00 6.980163917457717915e-01 6.980163917457717915e-01 -9.876958940070702520e-01
-4.405162523159576793e+00 -9.184426459603346471e-01 -9.184426459603346471e-01 -5.765115910148582712e-01
1.829289642257007742e+00 -5.211915547774009783e-01 -5.211915547774009783e-01 -4.942628263901533980e-01
-4.123615573320728700e+00 -5.034046978561718122e-01 -5.034046978561718122e-01 -9.236687517538622050e-01
4.604096094170090581e+00 3.682107866727286627e-01 3.682107866727286627e-01 2.148964216317981735e-01
-1.759567535904782432e+00 -2.279145280873201562e-01 -2.279145280873201562e-01 3.686370822968823568e-01
4.968565557651777098e+00 4.251387458674178443e-01 4.251387458674178443e-01 -4.902295960827481314e-01
2.254316077320787315e+00 -3.613432990835162562e-01 -3.613432990835162562e-01 -9.793132973464792057e-01
2.725139125177907573e+00 -3.073950035700928618e-01 -3.073950035700928618e-01 -7.398901524109410266e-01
2.891798709436228521e+00 -3.042817062124939520e-01 -3.042817062124939520e-01 -4.790638358673572350e-01
-1.069940135221244759e+00 1.137164872430360019e+00 1.137164872430360019e+00 -8.423949552148696229e-01
-4.368639610665949746e+00 5.684475880338852871e-01 5.684475880338852871e-01 -6.346061058079979222e-01
2.562139504804974877e+00 -9.219983968778753258e-01 -9.219983968778753258e-01 -9.163658019119776954e-01
3.759890601445327718e+00 -9.417175076410033707e-01 -9.417175076410033707e-01 9.446728813277857073e-01
-9.539259050260229245e-01 -3.936538983833873795e-01 -3.936538983833873795e-01 -9.437325355128933779e-01
-4.952329314587732512e+00 -4.403982109113445675e-01 -4.403982109113445675e-01 4.616733257359301734e-01
-5.838807833649621415e+00 -3.848854940011220416e-01 -3.848854940011220416e-01 7.762874941436285203e-01
5.394635051389425229e+00 -9.685179343262779739e-01 -9.685179343262779739e-01 -9.787946627607116978e-01
-5.427741264383949549e+00 1.311481406886230161e-01 1.311481406886230161e-01 9.902031877357633238e-01
-5.611799539965599770e+00 6.457787772523282399e-02 6.457787772523282399e-02 9.741147983048052961e-01
6.054846685346706892e+00 -5.990442891514252688e-01 -5.990442891514252688e-01 -4.409682975834325891e-01
-1.240809707548686802e+00 1.153165592325616329e+00 1.153165592325616329e+00 -6.130957103707941336e-01
-3.469264687308081019e+00 3.234871750408674362e-01 3.234871750408674362e-01 -6.094320692348680346e-01
1.488866851522643309e+00 -1.096981942538803212e+00 -1.096981942538803212e+00 1.631266721797163810e-01
-5.201979583821314534e-01 -3.423674887729093452e-01 -3.423674887729093452e-01 -8.626045807333835302e-01
2.901019626350690217e+00 1.129755462649518760e+00 1.129755462649518760e+00 -4.627954165625644545e-01
-6.116846046811699189e+00 1.038146889257616889e+00 1.038146889257616889e+00 3.265758569805810585e-01
5.621824642048528275e+00 -1.087664748690746919e+00 -1.087664748690746919e+00 -9.693868796769175011e-01
2.234508502743262071e+00 1.129184864630346175e+00 1.129184864630346175e+00 -9.705309269259767557e-01
-6.087073717509168702e+00 -3.608245162063083988e-02 -3.608245162063083988e-02 3.822437125981036909e-01
-5.000852396047723580e+00 1.013635156311919028e+00 1.013635156311919028e+00 5.454507621583056798e-01
-3.575035966330960768e+00 -8.163713115499409145e-01 -8.163713115499409145e-01 -7.623176493725457581e-01
2.507934172167278319e+00 -6.867951676761921975e-01 -6.867951676761921975e-01 -9.543024862134208419e-01
-4.968392480643719189e+00 3.350933831129798701e-01 3.350933831129798701e-01 4.899278611848510434e-01
-4.727217513229907908e+00 4.113203488083674308e-01 4.113203488083674308e-01 2.965271844472159787e-02
5.534631054449997478e+00 -3.933545606402703010e-01 -3.933545606402703010e-01 -9.972862807610606284e-01
5.646306846482886499e+00 -1.019138234199983062e+00 -1.019138234199983062e+00 -9.562072165584679651e-01
-1.166369086260907295e+00 -2.420132513885445702e-01 -2.420132513885445702e-01 -7.234968658246386797e-01
4.731304450898498715e+00 7.632799338140121570e-01 7.632799338140121570e-01 -3.782191785834317782e-02
2.095652352429636878e+00 -6.533771963091337120e-01 -6.533771963091337120e-01 -8.672799146834442308e-01
-1.172023342189252304e+00 9.108515592569521591e-01 9.108515592569521591e-01 -7.156441928462545787e-01
-2.545482348329041411e+00 9.355047754692964457e-01 9.355047754692964457e-01 9.291919894493316789e-01
-2.493185089507417462e+00 -4.947708146594864687e-02 -4.947708146594864687e-02 9.627013504941575039e-01
-3.557577416091483258e+00 9.496590989044879638e-01 9.496590989044879638e-01 -7.392591237062388076e-01
-3.479858834161252190e+00 -3.554568091366977489e-01 -3.554568091366977489e-01 -6.260929075852985637e-01
-4.126423174289471696e+00 -4.294968238962794116e-01 -4.294968238962794116e-01 -9.215025012994678688e-01
-4.791208788603078972e+00 9.553496573129642844e-01 9.553496573129642844e-01 1.569875299118203837e-01
-1.036896795047643316e+00 -9.655767181254620857e-01 -9.655767181254620857e-01 -8.761416575529354933e-01
8.369385570150944531e-01 -3.307462585454655768e-01 -3.307462585454655768e-01 9.946918783359929295e-01
5.826558088532788560e+00 1.048273291874284308e-01 1.048273291874284308e-01 -7.914969522637130828e-01
-5.510311766833764224e-01 1.110648767616581933e+00 1.110648767616581933e+00 -8.921409396003717740e-01
-6.224180213133140072e+00 -3.900542837658241835e-01 -3.900542837658241835e-01 1.177364691561652021e-01
-5.705040387599771279e+00 -3.707864247447972827e-01 -3.707864247447972827e-01 9.153151882622105884e-01
-4.831966829195299518e+00 9.675591524437716640e-01 9.675591524437716640e-01 2.368824388390631808e-01
-2.845754719080367146e+00 -9.671291103672929879e-03 -9.671291103672929879e-03 5.577527887214873692e-01
2.745541084131648546e-01 -1.193512286655593391e+00 -1.193512286655593391e+00 5.219267541669040389e-01
-2.718067380103050823e-01 -3.985551551425903227e-02 -3.985551551425903227e-02 -5.172319380742883554e-01
3.724565115721182096e+00 -8.603844345074393996e-01 -8.603844345074393996e-01 9.191609372082026885e-01
-4.256110121813124536e+00 1.015934562933991314e+00 1.015934562933991314e+00 -7.910709435708175308e-01
-1.472677361638460525e+00 -6.512482776409307395e-01 -6.512482776409307395e-01 -1.949808548299168387e-01
-1.800674321685633572e+00 -9.218436748178886475e-01 -9.218436748178886475e-01 4.437294477854033525e-01
-6.131933669450626567e+00 -6.795113997815024343e-01 -6.795113997815024343e-01 2.979107486293193219e-01
-2.319395747190149404e+00 2.851828037793036064e-01 2.851828037793036064e-01 9.972929272831598801e-01
5.959679336434017927e+00 -4.006271172616349130e-01 -4.006271172616349130e-01 -6.028049626083029633e-01
-3.931629168042943601e+00 7.840460993126563416e-02 7.840460993126563416e-02 -9.999569717075439401e-01
8.599663640875423454e-01 -1.159507983911904683e+00 -1.159507983911904683e+00 9.888997637709666666e-01
1.478251253659835562e+00 7.528287592844722376e-01 7.528287592844722376e-01 1.840351408172763714e-01
-4.546727127946942559e+00 -4.799305932577689893e-01 -4.799305932577689893e-01 -3.252950249985342435e-01
-2.177740946841693059e+00 6.176739437705009994e-01 6.176739437705009994e-01 9.369818991580236567e-01
-5.283881345368735438e+00 -7.001921949084388697e-01 -7.001921949084388697e-01 9.098758537666576940e-01
-3.676039447797548210e+00 9.165516074323976081e-01 9.165516074323976081e-01 -8.766687524631207040e-01
-1.595490955577087533e+00 -1.039112979348379984e-01 -1.039112979348379984e-01 4.936918082071865832e-02
2.144298710466490121e+00 -2.152762495436985057e-01 -2.152762495436985057e-01 -9.115363327764643975e-01
-5.264035183250740602e+00 -6.901575328943014842e-01 -6.901575328943014842e-01 8.926959495227880792e-01
5.379428186762865494e+00 -9.520844277956672652e-01 -9.520844277956672652e-01 -9.721129022400677444e-01
4.160077579809060566e+00 -2.966660275335570862e-01 -2.966660275335570862e-01 8.932947146021456009e-01
-1.276312747907293321e+00 -3.643393374083517822e-01 -3.643393374083517822e-01 -5.555024956930311175e-01
-5.053635252456635030e+00 9.541026351585732979e-01 9.541026351585732979e-01 6.307292030639845004e-01
3.759337390406916057e+00 -5.302369242513639280e-01 -5.302369242513639280e-01 9.443093813130259973e-01
-4.462974680611201173e+00 8.610659237565652102e-01 8.610659237565652102e-01 -4.783972092999443926e-01
-6.139583626917191062e+00 -1.198689684247210341e+00 -1.198689684247210341e+00 2.832712477060352896e-01
-8.241449893769452473e-01 1.432377739762751290e-01 1.432377739762751290e-01 -9.969988692864731883e-01
1.925178280748417237e+00 -9.665808125096624348e-01 -9.665808125096624348e-01 -6.508958681656794587e-01
-4.796905037510021508e+00 1.851365856488202954e-01 1.851365856488202954e-01 1.682283365200371861e-01
5.456494023865543497e+00 -7.426394041438366678e-01 -7.426394041438366678e-01 -9.965916943479514734e-01
-5.438101514533335568e+00 6.776181402848591162e-02 6.776181402848591162e-02 9.928837076454712918e-01
8.792049978726383941e-01 4.438426528405425842e-01 4.438426528405425842e-01 9.824521184871234381e-01
5.791019105161142377e+00 2.919970474878186284e-01 2.919970474878186284e-01 -8.329028155815666468e-01
4.789084017216032052e+00 -3.948043927778408513e-01 -3.948043927778408513e-01 -1.527892741273164379e-01
2.049301139279602779e+00 -2.578349076908375004e-01 -2.578349076908375004e-01 -8.174728682679904823e-01
-1.579640748028833031e+00 1.199540587480716569e+00 1.199540587480716569e+00 1.768792002347447170e-02
-2.675989522454414349e+00 7.564785487543523868e-01 7.564785487543523868e-01 8.023405020799431187e-01
5.076612099882797935e+00 -4.169528816415063455e-01 -4.169528816415063455e-01 -6.657110075729232301e-01
-3.602627943098011709e+00 -7.714080766616249196e-01 -7.714080766616249196e-01 -7.968543121543223418e-01
-1.464435895790112241e+00 -3.250928976077120947e-01 -3.250928976077120947e-01 -2.111202120995477605e-01
1.924015961942123099e+00 7.917536846480235369e-01 7.917536846480235369e-01 -6.491293228389271031e-01
-5.392609409159397238e+00 -6.490381327393205391e-01 -6.490381327393205391e-01 9.779567518511946833e-01
5.595824104840582791e+00 1.596146567739904487e-01 1.596146567739904487e-01 -9.808390136968084816e-01
-4.265794965837036656e+00 5.661453523385591158e-01 5.661453523385591158e-01 -7.790743790890075626e-01
1.709793648929650800e+00 -3.731268941896505043e-01 -3.731268941896505043e-01 -2.744278361500588348e-01
1.526542614885953775e+00 -2.298153169457789469e-01 -2.298153169457789469e-01 8.839191430718912335e-02
-6.030506429642197297e+00 -3.169738067111007584e-01 -3.169738067111007584e-01 4.841205074658829766e-01
3.943299700359187199e+00 6.349487384585004168e-01 6.349487384585004168e-01 9.994680878081070308e-01
1.639257120546624868e+00 1.637222248076279918e-01 1.637222248076279918e-01 -1.364941649635464105e-01
4.797028033674587633e+00 -1.049673592656456433e+00 -1.049673592656456433e+00 -1.684708178875003182e-01
-4.633354947874313012e+00 3.581328464824418134e-02 3.581328464824418134e-02 -1.574106515620844748e-01
2.643537900294159471e-01 -1.128119220228601449e+00 -1.128119220228601449e+00 5.044178102433961586e-01
-1.752436170752011968e+00 -8.103409250095996441e-01 -8.103409250095996441e-01 3.553417826827239834e-01
-3.658362577366787161e+00 9.931390501712589192e-02 9.931390501712589192e-02 -8.591159944160652318e-01
-1.943368095250476379e+00 1.101941404747140085e+00 1.101941404747140085e+00 6.780773157182170552e-01
2.458301851497052937e+00 5.161262339164007784e-01 5.161262339164007784e-01 -9.792205393170723138e-01
3.010284071553744667e+00 -5.639047239252430455e-01 -5.639047239252430455e-01 -2.596088696929912398e-01
-5.553969372109698099e+00 -8.109113742988002249e-01 -8.109113742988002249e-01 9.936937537328958125e-01
5.504818037857983626e-01 -4.402978562580575073e-01 -4.402978562580575073e-01 8.916440348902361368e-01
5.880628744707298239e+00 6.509411111181844234e-01 6.509411111181844234e-01 -7.209090465566523331e-01
9.704830664238448534e-01 5.804126494501971045e-02 5.804126494501971045e-02 9.322659276757906399e-01
-4.636296700778124169e+00 6.554641260130060765e-01 6.554641260130060765e-01 -1.515978031419520367e-01
4.546198063425936908e-01 -8.452767982430628990e-01 -8.452767982430628990e-01 7.890368270113649052e-01
5.808032551657193565e+00 -3.758598509018014067e-01 -3.758598509018014067e-01 -8.135931774341249589e-01
1.620833649089682638e+00 -3.242115935490285095e-01 -3.242115935490285095e-01 -9.990768804617217169e-02
1.483025619012034113e+00 1.160222981425540700e+00 1.160222981425540700e+00 1.746412583254651485e-01
1.258754786204354659e-01 1.111673508624911877e+00 1.111673508624911877e+00 2.491001033564321510e-01
1.100809481560486525e+00 9.337438876553487699e-01 9.337438876553487699e-01 8.075425830791895798e-01
2.508524716511706387e+00 1.865026183604168164e-01 1.865026183604168164e-01 -9.539488613353630519e-01
-4.285514602679614704e+00 -7.805471900137440633e-01 -7.805471900137440633e-01 -7.537492358058180963e-01
-2.646401085151378840e+00 -5.184000557709573798e-01 -5.184000557709573798e-01 8.362361405531659742e-01
5.584148143326657987e+00 -9.599662537882674984e-01 -9.599662537882674984e-01 -9.851206020441745093e-01
4.983151489326960615e+00 -6.202631039041958116e-01 -6.202631039041958116e-01 -5.154434143672487201e-01
2.692235571036075470e+00 -1.831047517068653541e-01 -1.831047517068653541e-01 -7.825269744959142404e-01
-1.536215694374425844e+00 -8.319146931375702714e-01 -8.319146931375702714e-01 -6.910614173718489239e-02
-4.241238867821405023e+00 -2.308974223983971674e-01 -2.308974223983971674e-01 -8.089126080348976178e-01
-1.585710875402454256e+00 3.753203196300414213e-02 3.753203196300414213e-02 2.982467388087719704e-02
-3.101490930566219273e+00 -1.107462609458403913e+00 -1.107462609458403913e+00 8.011748768086496275e-02
3.665924946034806453e+00 -1.127435380785641650e+00 -1.127435380785641650e+00 8.667579884435298032e-01
-1.806089561048507264e-01 -1.754295354934232165e-01 -1.754295354934232165e-01 -3.534138118959380681e-01
1.087153601759399457e+00 3.483058391701621126e-02 3.483058391701621126e-02 8.233481422215280787e-01
6.161780939641753108e+00 -1.130513882335294706e+00 -1.130513882335294706e+00 -2.404299162637352494e-01
4.572344394143545543e+00 1.033964921515135638e+00 1.033964921515135638e+00 2.764413471642983011e-01
-3.100229156159725274e+00 1.123887384706313552e+00 1.123887384706313552e+00 8.263266658709710055e-02
3.443780348567685223e+00 8.985598009796216257e-01 8.985598009796216257e-01 5.682482222729725585e-01
-5.599053310489603419e-01 -6.614073313899835327e-01 -6.614073313899835327e-01 -9.000179348428681836e-01
5.735363463168368980e+00 -7.547570459443768698e-01 -7.547570459443768698e-01 -8.892229036846269752e-01
1.408636396014390613e+00 2.353727189180188084e-02 2.353727189180188084e-02 3.186641783666728789e-01
-5.549857672524922236e+00 9.100160104497707625e-01 9.100160104497707625e-01 9.945822192110979065e-01
6.014495471327107268e+00 2.933545412155078580e-01 2.933545412155078580e-01 -5.118867508395475996e-01
3.137878317715392384e-01 -1.149719833757446796e+00 -1.149719833757446796e+00 5.871840979935880611e-01
-5.568811310006070769e+00 -6.445685168245374186e-02 -6.445685168245374186e-02 9.899280884159331606e-01
-5.790736986153278920e+00 -1.056133684201024048e+00 -1.056133684201024048e+00 8.332149431782168714e-01
-2.365042698010695332e+00 6.562933066776732716e-01 6.562933066776732716e-01 9.998434225230614647e-01
-4.772750772403396624e+00 9.785590979640945708e-01 9.785590979640945708e-01 1.204305563682521729e-01
5.397624584543155635e+00 -4.942160102804012967e-01 -4.942160102804012967e-01 -9.800019349744226727e-01
5.330136260685993221e+00 -6.151730993250427160e-01 -6.151730993250427160e-01 -9.443110552132738533e-01
6.268696364395474063e+00 8.570998020109616977e-01 8.570998020109616977e-01 -2.897383019719277850e-02
6.100865209860016236e+00 9.346749811580796763e-01 9.346749811580796763e-01 -3.566131686418807512e-01
1.291362669299045862e+00 2.937226285584115804e-01 2.937226285584115804e-01 5.302261842142835802e-01
6.137086647409265794e+00 6.529826748777667333e-03 6.529826748777667333e-03 -2.880571010839738100e-01
-6.076724492676478739e+00 1.014615864540876933e+00 1.014615864540876933e+00 4.012871097239206208e-01
3.124799205350097253e+00 1.068064264656939377e+00 1.068064264656939377e+00 -3.358058205335234803e-02
-2.457122459712500984e+00 2.185569140015763967e-01 2.185569140015763967e-01 9.796961719618388909e-01
-2.611951211435991294e+00 -6.122652493917614125e-01 -6.122652493917614125e-01 8.720046802270191577e-01
2.475540349522692196e+00 9.174808126058577873e-01 9.174808126058577873e-01 -9.716481254028245251e-01
2.387924829724047626e+00 -5.042077209793069947e-01 -5.042077209793069947e-01 -9.979870467992473237e-01
-4.630923721873875465e+00 3.299094656932959335e-01 3.299094656932959335e-01 -1.622106047251445915e-01
-3.293735947291965616e+00 -3.237602950559764770e-01 -3.237602950559764770e-01 -2.996126124184620432e-01
4.626008469691825553e+00 -5.489950157715260959e-01 -5.489950157715260959e-01 1.719029213701248060e-01
3.126365448749950815e+00 -7.265772616782295579e-01 -7.265772616782295579e-01 -3.044970230067145858e-02
-2.096759858410641719e+00 -9.301744386904529094e-01 -9.301744386904529094e-01 8.683804652528969159e-01
-1.278991852928393236e+00 -1.006723191667574069e+00 -1.006723191667574069e+00 -5.510391113570470845e-01
3.006674813237211197e+00 -1.104922745809157503e+00 -1.104922745809157503e+00 -2.665730669344844039e-01
9.744334335453537221e-01 1.049080900657242355e+00 1.049080900657242355e+00 9.293785826089813185e-01
-4.623568536509789162e+00 9.057570940178869545e-01 9.057570940178869545e-01 -1.767080796844581192e-01
-2.869495951024373603e+00 -1.126413484018276900e+00 -1.126413484018276900e+00 5.177281806539114628e-01
-5.102694033286812925e+00 1.150864630405100675e+00 1.150864630405100675e+00 7.037130207588347952e-01
1.090564261118298184e+00 1.188013747086513749e-01 1.188013747086513749e-01 8.194576686643951779e-01
4.925054131549998715e+00 -1.059516186634658963e+00 -1.059516186634658963e+00 -4.126216774627087247e-01
6.150104643647146929e+00 -4.073591143274418735e-01 -4.073591143274418735e-01 -2.630298793230307353e-01
-2.742860385052858341e+00 6.676118290806098976e-01 6.676118290806098976e-01 7.155873129737428950e-01
-3.278106794120816403e-02 -1.104017275438279322e+00 -1.104017275438279322e+00 -6.551517733098473351e-02
9.339986230482804075e-01 8.689502300428972870e-01 8.689502300428972870e-01 9.561599304939762956e-01
-6.135981783903048381e+00 -9.348549336198126447e-01 -9.348549336198126447e-01 2.901724599174134722e-01
2.418675984934848699e+00 1.195109403188816311e+00 1.195109403188816311e+00 -9.922022808258716964e-01
6.182795631177965490e+00 -9.847233556303613966e-02 -9.847233556303613966e-02 -1.994330872336557425e-01
6.161857018512719719e+00 -9.606409266365902866e-01 -9.606409266365902866e-01 -2.402822190581912487e-01
4.373200386510093907e+00 -3.726764942987815799e-01 -3.726764942987815799e-01 6.275303420692430745e-01
-2.794809861982344046e+00 8.965363854978514180e-01 8.965363854978514180e-01 6.392830719743386458e-01
-5.375459387578551684e-01 1.628304035460179655e-01 1.628304035460179655e-01 -8.796338558178594669e-01
4.703441305103980952e+00 -6.082633444532252742e-01 -6.082633444532252742e-01 1.789439543154816570e-02
-6.041996463949609542e+00 2.152673352325218392e-01 2.152673352325218392e-01 4.638868640633182494e-01
-1.198981470141822214e-01 -1.041241290919308726e+00 -1.041241290919308726e+00 -2.375047541506806192e-01
3.583337174246505441e+00 -1.450119843066355330e-02 -1.450119843066355330e-02 7.729572297984796947e-01
3.002680837731563912e-02 5.374593564031822090e-01 5.374593564031822090e-01 6.001752666665051417e-02
-3.157261114220915932e+00 2.184645620891789708e-01 2.184645620891789708e-01 -3.133179269086087959e-02
1.452164312824649528e+00 -2.404508639776061774e-01 -2.404508639776061774e-01 2.350441865170660449e-01
1.481282197430240366e+00 1.142121284204480114e+00 1.142121284204480114e+00 1.780734475289839913e-01
-9.546388774905301133e-01 -1.057480348786105750e+00 -1.057480348786105750e+00 -9.432600024077388845e-01
2.356047166936692250e+00 -9.182872939906627785e-01 -9.182872939906627785e-01 -9.999999565917169209e-01
-1.268885230144509713e+00 5.561860450389426447e-01 5.561860450389426447e-01 -5.677929335006905998e-01
1.758299410741319235e+00 4.686480141712463521e-01 4.686480141712463521e-01 -3.662782683503840730e-01
-3.425408808940193506e+00 -1.042548318696178367e+00 -1.042548318696178367e+00 -5.376371780913968834e-01
-3.812858494062035142e+00 -8.148776546697574785e-01 -8.148776546697574785e-01 -9.740605504728641062e-01
-5.188286235760451781e+00 1.013067508241263459e+00 1.013067508241263459e+00 8.144580310792078892e-01
4.551432841298000298e+00 6.479212470002131408e-01 6.479212470002131408e-01 3.163811865266549228e-01
-2.164929283326219256e+00 6.700306399244015942e-01 6.700306399244015942e-01 9.277230812134580340e-01
5.689411874007202385e+00 5.313760031038858855e-01 5.313760031038858855e-01 -9.274544434246393410e-01
-3.023185217888416432e+00 -3.035735660263592095e-01 -3.035735660263592095e-01 2.346075895462196303e-01
2.834902389180857796e+00 -2.957682350830181939e-02 -2.957682350830181939e-02 -5.756350252133853873e-01
-4.481754768810761291e+00 4.126971374299737150e-01 4.126971374299737150e-01 -4.450843232569011709e-01
-2.729328203123218444e+00 -1.053411511039710424e+00 -1.053411511039710424e+00 7.342280331944087690e-01
-5.526369710261607615e+00 -9.818742431222172717e-01 -9.818742431222172717e-01 9.983665186909067568e-01
-2.600983814529645333e+00 2.314393568390944456e-01 2.314393568390944456e-01 8.825310791226654850e-01
5.640187118911104136e-01 5.052681665336296035e-01 5.052681665336296035e-01 9.035730957601364466e-01
-3.295633410932572449e+00 7.326332533900199451e-01 7.326332533900199451e-01 -3.032310381988435055e-01
-1.712660963080293364e+00 -8.796924697561573359e-01 -8.796924697561573359e-01 2.799377562394801400e-01
-5.760123085336008586e-01 -3.783782960996210365e-01 -3.783782960996210365e-01 -9.135890995971113204e-01
5.666837640035044643e+00 -4.179781989095765482e-02 -4.179781989095765482e-02 -9.433862597405873185e-01
-4.279924078190791903e+00 -1.999397834190936862e-01 -1.999397834190936862e-01 -7.610497300662634190e-01
-3.161529639349800913e+00 1.975673593249327453e-01 1.975673593249327453e-01 -3.986340619874567670e-02
-2.958681437364198086e+00 2.409413690343349401e-01 2.409413690343349401e-01 3.577174273655373549e-01
2.384698349810966178e+00 -1.033961618898265211e+00 -1.033961618898265211e+00 -9.983754999976954814e-01
1.664267412590003659e-02 5.279105671195782890e-02 5.279105671195782890e-02 3.327920237278009230e-02
2.042092672407246567e+00 4.937041055750583940e-01 4.937041055750583940e-01 -8.090845227083390823e-01
-1.300547216975324716e+00 4.757963467638974819e-01 4.757963467638974819e-01 -5.145632551350153294e-01
3.151204191522490206e+00 8.015559453039162729e-01 8.015559453039162729e-01 1.922189198081047587e-02
-2.261731186993179321e+00 6.222778841200033995e-01 6.222778841200033995e-01 9.822063892880950053e-01
2.135234297973402917e+00 -1.125738109226916972e-01 -1.125738109226916972e-01 -9.039320278968946409e-01
4.984718480422010600e+00 1.025308337695482797e+00 1.025308337695482797e+00 -5.181264620267665988e-01
-9.985305109125190981e-01 7.269440917472020924e-01 7.269440917472020924e-01 -9.105165444675903386e-01
4.030878519633606771e+00 8.802925038218292197e-01 8.802925038218292197e-01 9.784922330822646286e-01
2.704149330104941740e+00 4.332347547427821688e-01 4.332347547427821688e-01 -7.674708383688505497e-01
-5.157200370766156894e+00 1.037745453505186655e+00 1.037745453505186655e+00 7.768342659215302648e-01
-4.840646102311323418e-01 -6.966001208264757105e-01 -6.966001208264757105e-01 -8.238267196860155073e-01
7.209174934741726659e-01 -8.180490313386171719e-01 -8.180490313386171719e-01 9.916960046532123929e-01
2.853122351094478759e+00 -9.224115074279679583e-01 -9.224115074279679583e-01 -5.454623064052748216e-01
4.923164724527239855e+00 9.101634312751849532e-01 9.101634312751849532e-01 -4.091766085221440474e-01
4.553029139996001007e+00 2.127336007007678553e-01 2.127336007007678553e-01 3.133509787741422525e-01
-1.664266624450794652e+00 -7.943390252900128790e-01 -7.943390252900128790e-01 1.858536674476234385e-01
2.921436559249857012e-01 -2.922115801836917548e-01 -2.922115801836917548e-01 5.516050654186158697e-01
-8.745887389969846382e-01 2.405108835151055224e-01 2.405108835151055224e-01 -9.841322253065523107e-01
6.212823554744568710e+00 -1.170789223336178964e+00 -1.170789223336178964e+00 -1.402595041548113375e-01
-4.806236446167198473e+00 4.982744938046534955e-02 4.982744938046534955e-02 1.865948082800619190e-01
5.561669541641375503e+00 1.420170770440853936e-01 1.420170770440853936e-01 -9.918491752750380197e-01
3.246881922944169219e+00 1.169637016977523425e+00 1.169637016977523425e+00 2.090256936705623403e-01
4.246740954865298789e+00 -8.154468808316561734e-01 -8.154468808316561734e-01 8.023940907608515527e-01
8.821186330021602018e-01 1.153392318689477891e+00 1.153392318689477891e+00 9.813485709327840478e-01
-6.077995290878554613e+00 9.596801832000723120e-01 9.596801832000723120e-01 3.989578350042035648e-01
-3.117201475931274945e+00 7.844678473168678057e-01 7.844678473168678057e-01 4.876300957599855740e-02
3.861883932157434529e+00 5.130404841840392471e-01 5.130404841840392471e-01 9.915341592125235248e-01
3.334175472687237018e+00 9.136274953129908116e-01 9.136274953129908116e-01 3.757126448142894537e-01
5.767746988523743568e+00 -3.972630204093242634e-01 -3.972630204093242634e-01 -8.577499691249536040e-01
4.262376218661410476e+00 1.012125760489999804e+00 1.012125760489999804e+00 7.833427750011395796e-01
-5.031387175295562564e+00 8.723295580646055480e-01 8.723295580646055480e-01 5.955871565068854290e-01
-4.663875683953913942e+00 -1.945864389997309374e-02 -1.945864389997309374e-02 -9.687442719772275390e-02
5.073291873980030786e+00 1.180536789971110556e+00 1.180536789971110556e+00 -6.607411973065198119e-01
5.546515818257043762e+00 -1.808087931825770323e-01 -1.808087931825770323e-01 -9.952547901599622104e-01
2.568747133483688216e+00 8.812011818524780882e-01 8.812011818524780882e-01 -9.109953160584808307e-01
4.384954039554269656e+00 -9.179384570312696390e-01 -9.179384570312696390e-01 6.090560480936562104e-01
-5.495111109733698207e+00 -6.925084901222074985e-01 -6.925084901222074985e-01 9.999856777177313916e-01
-4.577247169025460138e-01 1.832531337783560588e-02 1.832531337783560588e-02 -7.928365673191016816e-01
-3.939406184097942187e-01 -1.016431754327314918e+00 -1.016431754327314918e+00 -7.088603975506312382e-01
-2.859642309728873233e+00 1.053986181809688949e+00 1.053986181809688949e+00 5.344870260581269239e-01
-2.637962588046639301e+00 1.045996992520292546e+00 1.045996992520292546e+00 8.453714392530791155e-01
3.847747146242145533e+00 -7.050983059662518926e-02 -7.050983059662518926e-02 9.874671478699115212e-01
5.893272248535437186e+00 -6.717507341258246445e-01 -6.717507341258246445e-01 -7.031557929953623498e-01
3.486006233417196398e+00 -2.166571064862153895e-01 -2.166571064862153895e-01 6.356321961911508556e-01
-2.534859051503016936e+00 -8.452591759265462024e-01 -8.452591759265462024e-01 9.368343656917882400e-01
-4.026218931263350953e+00 -7.209692589117255856e-01 -7.209692589117255856e-01 -9.803721098979081283e-01
4.386144742321672396e+00 1.004511482856839999e+00 1.004511482856839999e+00 6.071655654069488817e-01
-5.234868065862729125e+00 -2.958209592936318355e-01 -2.958209592936318355e-01 8.649035431184979306e-01
5.991156528704953743e+00 4.715115471660014101e-01 4.715115471660014101e-01 -5.514134110534586464e-01
-1.817488652483272737e+00 -7.791070331634146751e-01 -7.791070331634146751e-01 4.736095758831315727e-01
-9.464303123153072761e-01 5.270883788214915100e-01 5.270883788214915100e-01 -9.485840369735061284e-01
1.469435942146512630e+00 -3.984843129676579609e-01 -3.984843129676579609e-01 2.013351272260590075e-01
