-3.095352824780222001e+00 -4.925878688010152828e+00 -6.806922124988679101e-02 2.882425283003378080e-01 2.201733070504510170e-01 2.201733070504510170e-01 -1.664712351606788820e-01 -1.664712351606788820e-01
6.301711604281958756e-01 5.732853195563571091e+00 7.055934985648217861e-01 5.153073671322978555e-01 1.220900865697119642e+00 1.220900865697119642e+00 9.968145557562664294e-01 9.968145557562664294e-01
7.297380358339733419e-02 2.148804533154265783e+00 -6.789980349666872028e-01 -9.229422502984745424e-01 -1.601940285265161634e+00 -1.601940285265161634e+00 -6.059678760120689178e-01 -6.059678760120689178e-01
3.260799006606470485e+00 5.730483928980929065e+00 -9.737269034403863710e-01 6.975873600424598031e-01 -2.761395433979265679e-01 -2.761395433979265679e-01 -9.075032270949395796e-01 -9.075032270949395796e-01
-3.901143322501069211e+00 -4.731907522690196544e+00 -2.409194711781847964e-02 8.317163744748226062e-01 8.076244273570041265e-01 8.076244273570041265e-01 -7.026174042996529145e-01 -7.026174042996529145e-01
-5.190971443704663457e+00 2.581275376959590417e+00 -1.183826987200004455e+00 8.399595484443429516e-01 -3.438674387556615031e-01 -3.438674387556615031e-01 -8.618467314290411130e-01 -8.618467314290411130e-01
2.971949967356209754e+00 2.064278444279084468e+00 -6.062037550381393913e-02 -1.628373481110001464e-02 -7.690411031491395377e-02 -7.690411031491395377e-02 3.182087572438329626e-01 3.182087572438329626e-01
2.947053336235232024e+00 1.857884907486184289e+00 1.161026829994495246e+00 -7.715205982551742725e-01 3.895062317393209739e-01 3.895062317393209739e-01 9.241720018673577064e-02 9.241720018673577064e-02
-1.499923358280580210e+00 2.682263927521542968e+00 2.671605004107373560e-01 -7.678169377288179831e-01 -5.006564373180806271e-01 -5.006564373180806271e-01 3.787596785471819549e-01 3.787596785471819549e-01
5.120351759264089253e+00 -4.378272614361860882e+00 -6.141041463551391022e-01 -8.466587974536805561e-01 -1.460762943808819658e+00 -1.460762943808819658e+00 7.370650213241161097e-01 7.370650213241161097e-01
5.576923936654596403e+00 6.164133937022981513e+00 -1.125667382209282863e+00 1.095034187268434822e+00 -3.063319494084804084e-02 -3.063319494084804084e-02 6.783272094697806454e-01 6.783272094697806454e-01
-2.771467747401985093e+00 4.387199419326464067e+00 -2.065520495823365277e-01 7.773351526748331075e-01 5.707831030924965798e-01 5.707831030924965798e-01 -4.492022452527380527e-02 -4.492022452527380527e-02
-1.916983039613961992e+00 5.695513530213291986e-01 9.492859432600091463e-01 -5.004548487823895497e-01 4.488310944776195965e-01 4.488310944776195965e-01 2.215119254105890056e-01 2.215119254105890056e-01
-1.136108104165499455e+00 -1.788632652733740613e+00 4.889441342685891811e-01 6.812587847332254309e-01 1.170202919001814612e+00 1.170202919001814612e+00 -9.765796217560629433e-01 -9.765796217560629433e-01
-8.133418988104423875e-01 -1.505411805637563383e+00 -5.493081904610896959e-01 -7.176093977521773581e-01 -1.266917588213267054e+00 -1.266917588213267054e+00 -6.801427750258299820e-01 -6.801427750258299820e-01
-5.219296126288396565e+00 7.914129080454115339e-01 7.452665112400491676e-01 -3.721497419623279734e-01 3.731167692777211942e-01 3.731167692777211942e-01 -2.806831158553925731e-01 -2.806831158553925731e-01
2.097676242996017848e+00 2.237850903171592520e+00 6.742183317736945014e-01 8.954167821037015695e-01 1.569635113877396071e+00 1.569635113877396071e+00 -3.680043441866300280e-01 -3.680043441866300280e-01
-2.929192127701579995e+00 -4.417919568021829058e+00 5.283097831880256834e-02 1.153818909309104024e+00 1.206649887627906592e+00 1.206649887627906592e+00 4.854431157393156449e-01 4.854431157393156449e-01
-1.122082573649212378e-01 4.885782360793179180e+00 -1.011458557631603306e+00 -7.442709227389564530e-01 -1.755729480370559870e+00 -1.755729480370559870e+00 6.114695455428512810e-02 6.114695455428512810e-02
-8.075810591555905305e-01 4.867417711461401453e+00 -5.179397513904770989e-02 7.369195173001810151e-01 6.851255421611333052e-01 6.851255421611333052e-01 -6.072162993565372036e-01 -6.072162993565372036e-01
1.202452342470878399e+00 9.220286004388196233e-01 1.577136943921284562e-01 8.139291660442353749e-01 9.716428604363638311e-01 9.716428604363638311e-01 -5.258248993147888184e-01 -5.258248993147888184e-01
3.572461909140022485e+00 2.246090150475346547e+00 6.152775025154761934e-01 6.112487932951173875e-01 1.226526295810593581e+00 1.226526295810593581e+00 8.939859656449403724e-01 8.939859656449403724e-01
-3.408076087544243293e+00 -1.053976003735983547e+00 -5.994830722494298714e-01 -4.183622714477298610e-01 -1.017845343697159732e+00 -1.017845343697159732e+00 -2.477303612469361482e-01 -2.477303612469361482e-01
-4.830152789048730355e+00 1.763740174604841116e+00 1.014664834136698834e+00 -2.671599750323820910e-01 7.475048591043167434e-01 7.475048591043167434e-01 -9.971753116702940511e-01 -9.971753116702940511e-01
-4.009114109521413560e+00 4.430587211230802680e+00 6.827354470091173688e-01 2.034603715536098534e-02 7.030814841644783542e-01 7.030814841644783542e-01 9.124872771947316608e-01 9.124872771947316608e-01
6.081692548919852115e+00 -4.003360514904489520e+00 -1.105945632830550140e+00 4.231587243009875543e-01 -6.827869085295625862e-01 -6.827869085295625862e-01 -4.860250687853793772e-01 -4.860250687853793772e-01
-1.017448328965192772e+00 2.508679640531314092e+00 2.231980991619519905e-02 -5.325662091029770284e-01 -5.102463991867818294e-01 -5.102463991867818294e-01 7.948109286027427167e-02 7.948109286027427167e-02
-2.867728491181014139e+00 -4.188419654423730876e+00 -4.272349196933119542e-01 -8.130502877404629514e-01 -1.240285207433774906e+00 -1.240285207433774906e+00 7.158449853391163353e-01 7.158449853391163353e-01
2.552605355580052304e+00 -2.301603235705413475e+00 -8.408573626708208959e-01 5.930661391182923126e-01 -2.477912235525285833e-01 -2.477912235525285833e-01 9.686640068151881611e-01 9.686640068151881611e-01
1.903822604292018994e+00 -6.114657438541948764e+00 -7.968233122333050478e-01 -8.049567016184180357e-01 -1.601780013851723083e+00 -1.601780013851723083e+00 -4.807888506066824164e-01 -4.807888506066824164e-01
5.498686694239715678e+00 6.275193593538594072e+00 -7.131858724895989710e-02 5.593626673678109285e-02 -1.538232051217880425e-02 -1.538232051217880425e-02 7.020741233176807095e-01 7.020741233176807095e-01
4.906637909707720624e+00 -3.015357983509288076e+00 1.346951170951320442e-01 1.815694694974629986e-01 3.162645865925950428e-01 3.162645865925950428e-01 -3.150255734966390109e-01 -3.150255734966390109e-01
-4.294891332628736791e+00 -4.571969197392233397e+00 -1.118243249228346725e+00 9.126175460369194692e-01 -2.056257031914272559e-01 -2.056257031914272559e-01 -8.483595049442802516e-01 -8.483595049442802516e-01
-7.371344488302868925e-01 2.159561835503167160e+00 1.151755173109267671e+00 -1.069190010761869258e+00 8.256516234739841309e-02 8.256516234739841309e-02 1.478251895756498846e-01 1.478251895756498846e-01
4.827972747958373390e+00 -4.170397272784448717e+00 5.268723940777106929e-01 6.279012336062839150e-01 1.154773627683994608e+00 1.154773627683994608e+00 7.914764251572101728e-01 7.914764251572101728e-01
3.333146823815130944e+00 -5.721231989882401336e+00 -2.001174419396026805e-01 -8.713793799992911593e-01 -1.071496821938893840e+00 -1.071496821938893840e+00 -7.292935335452755963e-01 -7.292935335452755963e-01
-1.832861222995995298e+00 2.320475494875260836e+00 5.710646752084569400e-02 8.028331095769949410e-01 8.599395770978406350e-01 8.599395770978406350e-01 8.834531319755984935e-01 8.834531319755984935e-01
2.868518385400635751e+00 2.632377666200715893e+00 1.138211944005810716e+00 3.028267785626801434e-01 1.441038722568490860e+00 1.441038722568490860e+00 7.093016902467417228e-01 7.093016902467417228e-01
4.212237937989897318e+00 5.826137342207280412e+00 -1.201331956694231540e-01 -5.487793018064787143e-01 -6.689124974759018682e-01 -6.689124974759018682e-01 -8.175819316396490954e-01 -8.175819316396490954e-01
2.484733691030923453e+00 -5.467635892573700751e+00 -4.115701993715200624e-01 8.934075784948247723e-02 -3.222294415220375852e-01 -3.222294415220375852e-01 -9.874350716416072649e-01 -9.874350716416072649e-01
5.113697459119087796e+00 1.870809100332502695e+00 -6.853191846155405331e-01 -1.079457459904972216e+00 -1.764776644520512860e+00 -1.764776644520512860e+00 7.639903458539110126e-01 7.639903458539110126e-01
-1.965125634458130044e+00 4.784773339065589326e+00 1.100411493411910024e+00 7.617432359836664446e-01 1.862154729395576469e+00 1.862154729395576469e+00 -9.486218071603244040e-01 -9.486218071603244040e-01
2.947054932006301087e+00 1.610810201037256029e+00 6.461294822072940480e-01 4.680081574638319530e-01 1.114137639671126001e+00 1.114137639671126001e+00 -1.539096374909180998e-01 -1.539096374909180998e-01
-2.121523763310301014e+00 2.769562430840379008e+00 -7.444462852678590536e-01 5.295977342508322305e-01 -2.148485510170268231e-01 -2.148485510170268231e-01 7.972692383389080595e-01 7.972692383389080595e-01
5.704579011311896153e+00 -1.701117719475955248e+00 -1.115022663653502111e+00 -6.860571240260201487e-01 -1.801079787679522148e+00 -1.801079787679522148e+00 -6.510201962974657697e-01 -6.510201962974657697e-01
-4.794755051322626471e+00 9.240041987999507711e-01 1.182784698636601961e+00 4.790000433647232381e-01 1.661784742001325199e+00 1.661784742001325199e+00 -7.457355098228503065e-01 -7.457355098228503065e-01
3.210101720182390039e-02 3.393115521798346634e-01 1.037035241422870735e+00 -9.598790484241893628e-01 7.715619299868137215e-02 7.715619299868137215e-02 9.318156087281962430e-01 9.318156087281962430e-01
2.819855941364252772e+00 1.342426219469859738e+00 2.842987247392825267e-01 -1.007210538788424703e+00 -7.229118140491421762e-01 -7.229118140491421762e-01 -5.227782922347491423e-01 -5.227782922347491423e-01
4.536639638576904332e+00 4.554946459962703642e+00 1.126498168359819418e+00 9.295300734486973138e-01 2.056028241808516732e+00 2.056028241808516732e+00 -9.450032254531998133e-01 -9.450032254531998133e-01
-1.341501175641218069e+00 4.131482582919170810e+00 -1.789859336988319782e-01 9.478467486422432753e-01 7.688608149434112971e-01 7.688608149434112971e-01 -9.388190008994540259e-01 -9.388190008994540259e-01
4.319149469233897420e+00 -4.989844648872201915e+00 -1.690021370311933779e-02 -7.506667477983512970e-01 -7.675669615014706348e-01 -7.675669615014706348e-01 7.833897797011663000e-01 7.833897797011663000e-01
7.889621511765936290e-01 -2.848098439603131027e+00 -2.576818253548218696e-01 -1.148703728036859273e+00 -1.406385553391681142e+00 -1.406385553391681142e+00 -4.691605339867480073e-01 -4.691605339867480073e-01
-2.119767843200290436e+00 4.975626362544769421e+00 7.225076886516577090e-01 1.083164328378100505e+00 1.805672017029758214e+00 1.805672017029758214e+00 -9.594549867563255674e-01 -9.594549867563255674e-01
-5.857466605136528948e+00 1.703593104834010497e+00 2.496468416245711808e-01 -8.246126899835877211e-01 -5.749658483590165403e-01 -5.749658483590165403e-01 -5.299278459812785114e-01 -5.299278459812785114e-01
-3.567724619846648348e+00 -5.494622767963957877e+00 -8.631907895531587549e-01 4.802939013640379340e-01 -3.828968881891208209e-01 -3.828968881891208209e-01 -9.350378318051084658e-01 -9.350378318051084658e-01
-5.508731272270548374e+00 -5.759463475472371918e+00 -1.060368629837599830e+00 -1.095775919530912468e+00 -2.156144549368512298e+00 -2.156144549368512298e+00 2.692560412569829920e-01 2.692560412569829920e-01
4.342172397578959675e+00 -1.496364885126810762e-01 -9.495833733093164142e-01 -2.676969850957233721e-01 -1.217280358405039786e+00 -1.217280358405039786e+00 -4.967526249529345406e-01 -4.967526249529345406e-01
4.624026398174047259e+00 -4.796960038157776829e+00 5.144173749464080458e-01 -7.360368913367887345e-03 5.070570060330401585e-01 5.070570060330401585e-01 9.850842064294728084e-01 9.850842064294728084e-01
-8.398274648947321452e-01 -2.146396813405706538e+00 -8.039612110504656961e-01 4.805241531537740585e-01 -3.234370578966916376e-01 -3.234370578966916376e-01 -9.879545939250227171e-01 -9.879545939250227171e-01
-2.851357538180761431e+00 -1.167501205953081822e+00 -5.971350720251652477e-01 1.098214840634690104e+00 5.010797686095248560e-01 5.010797686095248560e-01 -6.392558907673343560e-01 -6.392558907673343560e-01
-9.296882438887106304e-01 1.454906402377114993e+00 -1.742132057823151392e-01 -1.055382625331931390e+00 -1.229595831114246529e+00 -1.229595831114246529e+00 8.652145771606047919e-01 8.652145771606047919e-01
-1.425387300611547836e+00 5.449247084305531175e+00 1.051006619734044412e+00 4.400151439116943841e-01 1.491021763645738796e+00 1.491021763645738796e+00 -6.354021429414699051e-01 -6.354021429414699051e-01
-1.610585146113084676e+00 2.677037799624512715e+00 1.103441177039357068e-01 -8.140210468553779055e-01 -7.036769291514421987e-01 -7.036769291514421987e-01 4.832329357724125529e-01 4.832329357724125529e-01
1.710710482746868877e+00 4.851300047218076728e-01 -4.885771241746993399e-01 -9.601650004182933351e-01 -1.448742124592992564e+00 -1.448742124592992564e+00 -5.851330850477003409e-01 -5.851330850477003409e-01
3.896608689425038463e+00 -2.783311660930933407e+00 1.119827206252052454e+00 -6.081751069046135161e-01 5.116520993474389378e-01 5.116520993474389378e-01 4.417059611817971687e-01 4.417059611817971687e-01
9.120818494779543428e-01 -2.113480922890547120e-01 -2.374639472383112127e-01 -9.614250568132129970e-01 -1.198889004051524321e+00 -1.198889004051524321e+00 7.643692820723190229e-01 7.643692820723190229e-01
4.679515156390207764e+00 3.510354575150357093e+00 -7.017172453454725289e-01 8.351220527763161261e-01 1.334048074308435972e-01 1.334048074308435972e-01 -3.296077686080617908e-01 -3.296077686080617908e-01
-4.740170049461602808e+00 1.717141411935477535e+00 -9.923335979849635669e-01 1.472515145528927594e-01 -8.450820834320708075e-01 -8.450820834320708075e-01 -9.929795169911554975e-01 -9.929795169911554975e-01
5.561697816340309686e+00 5.123343268928339356e+00 -8.838178478419946860e-01 1.847669765217117011e-01 -6.990508713202829849e-01 -6.990508713202829849e-01 -3.055663795002492855e-01 -3.055663795002492855e-01
5.120321129886763245e+00 -5.798146322874848657e+00 4.529386634699830161e-01 6.440483297599288726e-01 1.096986993229911889e+00 1.096986993229911889e+00 7.789383822752312669e-01 7.789383822752312669e-01
5.277716664513510736e+00 3.248488173528532030e-01 -4.885557041375654386e-01 4.531924097931165907e-01 -3.536329434444884789e-02 -3.536329434444884789e-02 7.771828275775509720e-01 7.771828275775509720e-01
2.753272875051607116e+00 2.193180697354570441e+00 -8.938565715899378095e-01 4.207095234305466835e-01 -4.731470481593911259e-01 -4.731470481593911259e-01 2.319331861035673070e-01 2.319331861035673070e-01
1.405075411791251838e+00 -5.178491867350722977e+00 6.339534149371763849e-01 6.283277933025632755e-01 1.262281208239739660e+00 1.262281208239739660e+00 -8.069516816860169417e-01 -8.069516816860169417e-01
-2.662825599530599163e+00 3.739486766239627613e+00 2.186669508653646954e-01 -6.879875941870176037e-01 -4.693206433216529083e-01 -4.693206433216529083e-01 4.742704416528721323e-01 4.742704416528721323e-01
-1.150528385349881333e+00 -6.271791753229264188e+00 -1.052445596530722227e+00 1.261017992990032255e-01 -9.263437972317190017e-01 -9.263437972317190017e-01 4.183804687422138513e-01 4.183804687422138513e-01
-2.691003122487864108e+00 2.210714371211921048e+00 -9.259714913951715420e-01 -1.092386580116956774e+00 -2.018358071512128316e+00 -2.018358071512128316e+00 8.868615464773752510e-01 8.868615464773752510e-01
4.937022848235590899e+00 4.567097009895114468e+00 8.970351670942380284e-01 -3.292134733257494617e-01 5.678216937684885668e-01 5.678216937684885668e-01 -9.968540825128483496e-01 -9.968540825128483496e-01
-3.333643828630383332e+00 3.278492517525926075e+00 -1.851258525893650919e-02 5.380236444331520929e-01 5.195110591742155837e-01 5.195110591742155837e-01 9.984795518917661816e-01 9.984795518917661816e-01
3.317421902960514757e+00 -1.555765661657897425e-01 2.410815614155903397e-02 -8.190677557836355538e-01 -7.949595996420765198e-01 -7.949595996420765198e-01 -9.997949214214209013e-01 -9.997949214214209013e-01
-1.679669611911315918e+00 -1.269778193327618432e+00 -9.304786908799107525e-01 3.091998093665235814e-01 -6.212788815133871712e-01 -6.212788815133871712e-01 -9.815969029456869110e-01 -9.815969029456869110e-01
2.927948237981683022e+00 -3.811780871555258354e+00 2.179613050729627410e-01 -5.006231062094276263e-01 -2.826618011364648853e-01 -2.826618011364648853e-01 6.341925121503008134e-01 6.341925121503008134e-01
4.770425957341313250e+00 -1.414764902871985086e+00 1.079463937301983423e+00 -1.149636734155166318e+00 -7.017279685318289495e-02 -7.017279685318289495e-02 -9.771747245070698806e-01 -9.771747245070698806e-01
5.718527226771874084e+00 -4.109683497552198972e-01 9.174948636819044712e-01 -8.627383530024701486e-02 8.312210283816574563e-01 8.312210283816574563e-01 5.606494460492815746e-01 5.606494460492815746e-01
-4.707783117177681831e-01 -1.906398172354069942e+00 -1.057022836084398065e+00 -1.138290135749383314e+00 -2.195312971833781379e+00 -2.195312971833781379e+00 -7.217865586788601018e-01 -7.217865586788601018e-01
2.811505648550985725e+00 1.602105133589042829e+00 8.638407152804503664e-01 -5.926548085110568964e-01 2.711859067693934700e-01 2.711859067693934700e-01 -2.943527545762086861e-01 -2.943527545762086861e-01
5.796914479574329704e+00 4.806967343342295251e+00 -1.099768221333580653e+00 3.273926933898079206e-01 -7.723755279437727328e-01 -7.723755279437727328e-01 -3.817532457492700537e-01 -3.817532457492700537e-01
2.476221398513761329e+00 3.057626082886084617e+00 6.499402392807596129e-01 1.101649322756858007e+00 1.751589562037617620e+00 1.751589562037617620e+00 7.321400720417307051e-01 7.321400720417307051e-01
2.323884450653634914e+00 3.392374613563598373e+00 -6.327348163150885441e-01 5.712583747445909577e-01 -6.147644157049758640e-02 -6.147644157049758640e-02 8.435556932282788356e-01 8.435556932282788356e-01
2.225093726515204651e+00 -5.640844071979031149e+00 -6.873017823293924300e-01 9.178857769894193108e-01 2.305839946600268808e-01 2.305839946600268808e-01 -9.626535823806432468e-01 -9.626535823806432468e-01
5.802563323204426027e+00 8.318080034680113144e-01 -9.954766970007574711e-01 3.954791543586770874e-01 -5.999975426420803837e-01 -5.999975426420803837e-01 9.389653687784340619e-01 9.389653687784340619e-01
-3.146126704048937128e-01 -2.425195552215456019e+00 2.981827289643534940e-02 4.315639363141157148e-01 4.613822092105510642e-01 4.613822092105510642e-01 -9.203646378035744702e-01 -9.203646378035744702e-01
5.135126872344411453e+00 3.320433651935381647e+00 -1.023408396937988796e+00 -2.867665485538958281e-01 -1.310174945491884735e+00 -1.310174945491884735e+00 -5.659448834576831233e-01 -5.659448834576831233e-01
1.800867991033829441e+00 3.391477092683839345e+00 -1.117457304314308342e+00 -4.704325194862988280e-01 -1.587889823800607170e+00 -1.587889823800607170e+00 4.617402389758156200e-01 4.617402389758156200e-01
-3.363083703811266201e+00 -4.085498135694603405e+00 -1.078868359368833074e+00 5.987985726742266479e-01 -4.800697866946064263e-01 -4.800697866946064263e-01 3.943861809263521923e-01 3.943861809263521923e-01
5.985041312870100327e+00 -1.553509758884081826e+00 -5.871191001641675733e-01 -1.151072247498935885e+00 -1.738191347663103459e+00 -1.738191347663103459e+00 -2.771795811809684706e-01 -2.771795811809684706e-01
-2.720552896547303590e-01 4.665628601753075699e+00 9.989780241945365180e-01 1.166917244328025127e-02 1.010647196637816769e+00 1.010647196637816769e+00 -3.134421306575208011e-01 -3.134421306575208011e-01
-3.799001394825565203e+00 -6.049816563334013964e+00 6.139559693487763870e-01 3.169102494404671955e-01 9.308662187892435824e-01 9.308662187892435824e-01 -9.114341421108844710e-01 -9.114341421108844710e-01
3.325771391813200140e+00 2.050267412767823316e-01 -5.298274762727921416e-01 1.143223013735908511e+00 6.133955374631163693e-01 6.133955374631163693e-01 -9.252108353848008671e-01 -9.252108353848008671e-01
-1.702074997394681155e+00 -2.538242233193114483e+00 -2.684302562954509197e-01 -1.124319491928521320e+00 -1.392749748223972350e+00 -1.392749748223972350e+00 -4.547324185507549132e-01 -4.547324185507549132e-01
5.515304404536786720e+00 -1.790515298665318333e+00 1.182868284540580239e+00 2.652185338048029806e-01 1.448086818345383220e+00 1.448086818345383220e+00 -8.347066473407276366e-01 -8.347066473407276366e-01
-2.087242074740259135e+00 3.854029656253990410e+00 8.169087371075385295e-01 -8.013221576586775363e-01 1.558657944886099322e-02 1.558657944886099322e-02 -1.947389077388826384e-01 -1.947389077388826384e-01
5.133481580977839798e+00 6.209201840519305904e+00 1.078285550690883499e+00 6.479990621480016255e-01 1.726284612838885124e+00 1.726284612838885124e+00 3.401807777221481088e-01 3.401807777221481088e-01
-3.840296620633718128e+00 -5.855235760214943852e+00 -9.517787631713836571e-01 -1.257812449615720585e-01 -1.077560008132955716e+00 -1.077560008132955716e+00 -9.635693945684409289e-01 -9.635693945684409289e-01
