3.475345215478682803e+00 -2.433814127731011023e+00 8.415753667490915024e-01 1.080676448926868316e+00 1.922251815675959818e+00 1.922251815675959818e+00 5.048992478546362461e-01 5.048992478546362461e-01
1.816169659160490113e+00 -2.236466234384657525e+00 -1.173646943338559456e+00 9.294344861284709047e-02 -1.080703494725712366e+00 -1.080703494725712366e+00 9.129679685100888786e-01 9.129679685100888786e-01
4.426666489323629605e+00 2.724331367257622816e+00 1.193124882651320773e+00 -3.756556232430799946e-01 8.174692594082407782e-01 8.174692594082407782e-01 6.464969349696799705e-01 6.464969349696799705e-01
-3.697105692533277033e+00 1.689397062580517250e+00 1.009260078938714722e+00 1.224566536883742174e-04 1.009382535592403096e+00 1.009382535592403096e+00 -4.231438402270122912e-01 -4.231438402270122912e-01
4.296035372204642044e+00 -1.312262208104236549e+00 -1.075624206963372576e+00 5.957983542203173499e-01 -4.798258527430552256e-01 -4.798258527430552256e-01 -9.875723311770246982e-01 -9.875723311770246982e-01
-9.378622698701972737e-01 -1.945078985658059700e+00 8.544333797000192021e-02 6.572577219221789058e-01 7.427010598921808260e-01 7.427010598921808260e-01 -9.667357985603136639e-01 -9.667357985603136639e-01
3.812814836473650715e+00 4.588540975032508129e+00 2.086792910021195713e-01 -3.600651246033633734e-01 -1.513858336012438022e-01 -1.513858336012438022e-01 -5.204468515098594761e-01 -5.204468515098594761e-01
-5.966494877323470725e+00 -3.680857692712197871e+00 4.199740417753963229e-01 5.939693136019235098e-01 1.013943355377319833e+00 1.013943355377319833e+00 -9.753323595201520702e-01 -9.753323595201520702e-01
2.679049188927296044e+00 -3.451833971063363204e+00 9.937406573866243154e-01 -1.125711428628729527e+00 -1.319707712421052115e-01 -1.319707712421052115e-01 7.159693034387841770e-01 7.159693034387841770e-01
2.035347282254226897e+00 -5.420032033156224394e+00 9.053929702059824169e-01 8.940882818792121878e-01 1.799481252085194605e+00 1.799481252085194605e+00 -9.705983328615395145e-01 -9.705983328615395145e-01
-4.062554792645165058e+00 -7.080272205131654673e-01 -1.853656440136239869e-01 -7.663945883866974951e-01 -9.517602324003214820e-01 -9.517602324003214820e-01 5.816019390488021829e-02 5.816019390488021829e-02
-2.126895596737694127e+00 -3.100740139914775373e+00 9.024592483114954877e-01 4.939189825433831782e-01 1.396378230854878666e+00 1.396378230854878666e+00 4.927495842230674161e-01 4.927495842230674161e-01
-2.968446548136265406e+00 -5.616209550327382338e+00 -3.310769878197717953e-01 -1.845341486156515387e-02 -3.495304026813369491e-01 -3.495304026813369491e-01 -6.673720769579327694e-01 -6.673720769579327694e-01
-5.890516858959044200e+00 -4.958817215351086105e+00 -1.011572315561863222e+00 8.703667150564007304e-01 -1.412056005054624919e-01 -1.412056005054624919e-01 -1.457195166114690632e-01 -1.457195166114690632e-01
-5.736677645005793025e+00 4.791490418596231038e+00 4.473846298504839947e-01 8.924446532166483426e-01 1.339829283067132337e+00 1.339829283067132337e+00 5.855911223220015005e-01 5.855911223220015005e-01
-5.709166500625457275e+00 -4.755597198508671575e+00 -4.694000896422341196e-01 -2.303660309877030299e-01 -6.997661206299371495e-01 -6.997661206299371495e-01 -5.062325564758253238e-01 -5.062325564758253238e-01
-2.346662540823035936e+00 1.794210176551709779e+00 -3.805993952088371213e-01 -1.488378182680019091e-01 -5.294372134768390303e-01 -5.294372134768390303e-01 8.512401402804891104e-01 8.512401402804891104e-01
3.979567499483849247e-01 2.121702689031625511e+00 1.189746472895414353e-01 -5.605495774534110520e-01 -4.415749301638696167e-01 -4.415749301638696167e-01 -8.127536708399272225e-01 -8.127536708399272225e-01
-4.138287728529163267e+00 -1.990894452951778248e+00 -9.509427093821587462e-01 -8.672133421705170431e-01 -1.818156051552675789e+00 -1.818156051552675789e+00 9.881649373800495129e-01 9.881649373800495129e-01
-6.093984344195022551e+00 -3.491421848206421874e+00 -9.946150731562558578e-01 -9.765237980885383973e-01 -1.971138871244794366e+00 -1.971138871244794366e+00 -9.871269998283022096e-01 -9.871269998283022096e-01
-1.801712420511583979e+00 1.857820414258194219e+00 -5.698634970341385220e-01 -6.055363718836588305e-01 -1.175399868917797352e+00 -1.175399868917797352e+00 9.984263594162617883e-01 9.984263594162617883e-01
3.432963678325394952e+00 -5.666875867942236411e+00 -7.321934915853112180e-01 -8.585465791274379255e-01 -1.590740070712749255e+00 -1.590740070712749255e+00 -6.155753791631464189e-01 -6.155753791631464189e-01
1.782059179235798041e+00 9.215643273540852221e-01 1.044280751047846900e+00 4.338774398117182240e-01 1.478158190859565124e+00 1.478158190859565124e+00 -9.056148173039282323e-01 -9.056148173039282323e-01
-2.668654050681838807e+00 -6.037654219148476109e+00 1.191851450876023621e+00 2.476222675659198735e-01 1.439473718441943495e+00 1.439473718441943495e+00 -7.528139107788286433e-01 -7.528139107788286433e-01
3.755906108829487167e+00 -2.624912270967735495e+00 -1.142450202853819929e+00 5.168014260759745682e-02 -1.090770060246222473e+00 -1.090770060246222473e+00 4.257607582928383816e-01 4.257607582928383816e-01
5.671124572225627603e+00 3.135356957243651266e-01 8.312477618961542358e-01 8.657593265510208358e-01 1.697007088447175072e+00 1.697007088447175072e+00 9.557713305077424337e-01 9.557713305077424337e-01
4.635943053544595571e+00 -4.905812134623731779e+00 9.063092685512426083e-01 7.847487262729180291e-01 1.691057994824160637e+00 1.691057994824160637e+00 9.638058082982396968e-01 9.638058082982396968e-01
5.761857692738324488e+00 -6.818099932092813731e-03 8.227808098464544084e-01 -1.158262417477750938e+00 -3.354816076312965301e-01 -3.354816076312965301e-01 8.637429898591710842e-01 8.637429898591710842e-01
4.778977627329034306e+00 1.535425087930996746e+00 1.574602897370811494e-01 -5.921028577767316614e-01 -4.346425680396505120e-01 -4.346425680396505120e-01 9.995127762860019915e-01 9.995127762860019915e-01
4.126907635772818495e-01 2.612666414859528885e+00 9.544036095213386250e-01 9.711839383791802671e-01 1.925587547900518892e+00 1.925587547900518892e+00 -9.932522595096503482e-01 -9.932522595096503482e-01
-3.748005156997512355e+00 2.515759086818412982e+00 8.165969565497188665e-01 -6.567779787995943197e-01 1.598189777501245468e-01 1.598189777501245468e-01 3.321199898261346095e-01 3.321199898261346095e-01
5.196137579899474446e+00 6.075362417869776266e+00 -7.232104269979253708e-01 3.581450234022258705e-01 -3.650654035956995003e-01 -3.650654035956995003e-01 2.724377473062126742e-01 2.724377473062126742e-01
6.580656455672251326e-02 2.540445958163308759e+00 1.127673597791776450e+00 -6.829066583706903115e-01 4.447669394210861382e-01 4.447669394210861382e-01 -8.600951668401062289e-01 -8.600951668401062289e-01
-3.582365842130374567e+00 -1.967161297722829438e+00 -5.011992231692686817e-01 -7.490139093474423859e-01 -1.250213132516710957e+00 -1.250213132516710957e+00 7.427299010496783982e-01 7.427299010496783982e-01
-5.750004357115751752e+00 2.574533385208855663e+00 -1.103789345403805022e-01 -4.996218718719128704e-01 -6.100008064122933726e-01 -6.100008064122933726e-01 -9.994261846597420895e-01 -9.994261846597420895e-01
-5.514704386571034789e+00 -3.631420864726321529e+00 -8.335463026200906622e-01 8.970043607460189694e-01 6.345805812592830719e-02 6.345805812592830719e-02 -9.614268972959644222e-01 -9.614268972959644222e-01
4.651390477457944428e+00 -3.834637336187024292e+00 -7.605141298689366280e-02 -9.434101046684448821e-01 -1.019461517655338545e+00 -1.019461517655338545e+00 6.845915343199959757e-01 6.845915343199959757e-01
6.219953980295640505e-01 1.123177737708426882e+00 4.163158018364969681e-01 -5.106089221543883561e-01 -9.429312031789138793e-02 -9.429312031789138793e-02 -1.734944310518398425e-01 -1.734944310518398425e-01
5.544062749376683641e+00 -1.273921904600141985e+00 7.760906347261700144e-01 -7.009695867320777651e-01 7.512104799409224931e-02 7.512104799409224931e-02 -4.279723914104756610e-01 -4.279723914104756610e-01
-1.000687711804611801e+00 -9.594557615169012621e-01 2.263608200205184939e-01 2.679831395393730276e-01 4.943439595598915215e-01 4.943439595598915215e-01 -3.795845040522584646e-01 -3.795845040522584646e-01
-5.870330543259650646e+00 5.096789639804919503e-01 3.852097508063143660e-01 -6.049499851116472149e-01 -2.197402343053328488e-01 -2.197402343053328488e-01 6.038023761638864340e-01 6.038023761638864340e-01
3.070729498955611092e+00 4.425666830694824583e+00 -3.311769498976416815e-01 2.809946458383558721e-01 -5.018230405928580939e-02 -5.018230405928580939e-02 3.500133024460652109e-01 3.500133024460652109e-01
-5.492741241053132661e+00 -6.491329582045857194e-01 -4.647722622842588303e-01 -2.338779399945472015e-01 -6.986502022788060318e-01 -6.986502022788060318e-01 9.900321890895033006e-01 9.900321890895033006e-01
3.329583804364718347e+00 6.261565245687204850e+00 -1.181868536935416492e+00 -1.567468672933765017e-01 -1.338615404228792993e+00 -1.338615404228792993e+00 -9.861922236294592414e-01 -9.861922236294592414e-01
-5.741209852123060564e+00 -4.016330478534797521e+00 9.961163297394646232e-01 2.359590782185683189e-01 1.232075407958032942e+00 1.232075407958032942e+00 -9.451436084881823518e-01 -9.451436084881823518e-01
-2.112737238240207205e+00 -2.686436091727339992e+00 -4.446766092418222849e-01 9.456382887121914660e-01 5.009616794703691811e-01 5.009616794703691811e-01 8.667545420605402007e-02 8.667545420605402007e-02
-2.433293300833121009e+00 -2.892165039925053804e+00 -6.161900587022574038e-01 -9.967193021583642398e-02 -7.158619889180938278e-01 -7.158619889180938278e-01 5.753805528141092696e-01 5.753805528141092696e-01
-8.979893071688032080e-01 1.959691150178482388e+00 -8.610020656181629484e-01 -5.884866816231376641e-01 -1.449488747241300501e+00 -1.449488747241300501e+00 4.873867625450719610e-01 4.873867625450719610e-01
3.024332745539437539e-01 2.508080228939199685e+00 1.059175916940309214e-01 -1.035339605231782700e+00 -9.294220135377517789e-01 -9.294220135377517789e-01 -9.456921016670341018e-01 -9.456921016670341018e-01
-1.032500208929649332e+00 5.509486766075561093e+00 -1.139581376226173282e+00 -7.374493458738233809e-01 -1.877030722099996662e+00 -1.877030722099996662e+00 -2.332343290190349583e-01 -2.332343290190349583e-01
-1.069324784668230777e+00 -1.462359172716571010e+00 1.165756898127874086e+00 6.272013705748393786e-01 1.792958268702713465e+00 1.792958268702713465e+00 -8.197003194021010852e-01 -8.197003194021010852e-01
-1.533066946981390899e+00 3.857155636383227559e+00 -6.341475991439523563e-01 1.116557790068830380e+00 4.824101909248780240e-01 4.824101909248780240e-01 -6.840440463830590456e-01 -6.840440463830590456e-01
2.056376691043341864e+00 -1.752723443271130499e+00 1.114789692351527917e+00 -5.097682960137482899e-01 6.050213963377796267e-01 6.050213963377796267e-01 9.542505079323768680e-01 9.542505079323768680e-01
-2.573940724693557947e+00 -2.313567542904253926e+00 1.012818597853011093e+00 -3.733986542787550711e-01 6.394199435742560222e-01 6.394199435742560222e-01 1.742256016391000584e-01 1.742256016391000584e-01
-2.132075519616905446e+00 -4.514577274242104643e+00 -1.181559163093957254e+00 -1.056911091054209662e+00 -2.238470254148166916e+00 -2.238470254148166916e+00 9.346696935591508604e-01 9.346696935591508604e-01
1.395989319096750947e+00 7.682035628495151869e-01 -1.107862067157379782e+00 9.823107921327256520e-02 -1.009630987944107217e+00 -1.009630987944107217e+00 -5.591801440796220213e-01 -5.591801440796220213e-01
-5.407804510841721424e+00 -1.184578143157547281e+00 3.485824057997350955e-01 -5.454658347156874365e-01 -1.968834289159523410e-01 -1.968834289159523410e-01 9.525781193726986507e-01 9.525781193726986507e-01
5.559621382814249557e+00 -4.147699832236190431e+00 -8.341905246195679968e-01 -2.442012661143648788e-01 -1.078391790733932876e+00 -1.078391790733932876e+00 1.582072543713629875e-01 1.582072543713629875e-01
-2.622127563408910955e+00 5.283487304051631028e+00 -6.271399253199483326e-02 1.114274346030848184e+00 1.051560353498853351e+00 1.051560353498853351e+00 -8.868873443725385775e-01 -8.868873443725385775e-01
-1.617654165573434000e+00 5.590851067585370870e+00 -6.316295632306586638e-01 -6.159121786767084439e-01 -1.247541741907367108e+00 -1.247541741907367108e+00 -6.736910669069697821e-01 -6.736910669069697821e-01
-5.185146162528652347e+00 5.158770230180346417e+00 5.059959780614065039e-02 7.523266786551590091e-01 8.029262764612996595e-01 8.029262764612996595e-01 9.996521752619239587e-01 9.996521752619239587e-01
-7.242203736951591253e-02 -6.108464686951585954e+00 -7.527659276727083348e-01 5.497176514139856529e-01 -2.030482762587226819e-01 -2.030482762587226819e-01 9.947720615571719049e-01 9.947720615571719049e-01
-1.927304072751052644e+00 4.649881049024608970e+00 7.967851775731353836e-01 -5.696855550708224136e-01 2.270996225023129700e-01 2.270996225023129700e-01 -9.134898657691236101e-01 -9.134898657691236101e-01
3.539436729947526672e+00 -3.910657527667549260e-02 -3.136978043895882751e-01 1.168314150035840049e+00 8.546163456462517738e-01 8.546163456462517738e-01 -9.363408235339468755e-01 -9.363408235339468755e-01
-8.152732173372454483e-01 -5.580304961258192975e+00 -2.105595631770261766e-01 -6.779371911875547996e-01 -8.884967543645809762e-01 -8.884967543645809762e-01 9.936905672369649167e-01 9.936905672369649167e-01
-2.101600354146552441e+00 -3.344419335603250332e-01 1.084574198377212584e+00 8.760603418549328669e-01 1.960634540232145451e+00 1.960634540232145451e+00 -7.612547807222567187e-01 -7.612547807222567187e-01
-2.179155675769786527e+00 -2.195745658977041437e+00 6.541713220333631451e-01 -4.099924791823421621e-01 2.441788428510209830e-01 2.441788428510209830e-01 -3.311175083640049421e-01 -3.311175083640049421e-01
-3.410384156402881839e+00 -3.951788529386996984e-01 -7.514282970433144859e-01 1.163110525022307717e+00 4.116822279789932315e-01 4.116822279789932315e-01 -7.875517192713094028e-01 -7.875517192713094028e-01
-1.348853236552409740e-01 -5.621822644112143053e+00 -5.861813472030523720e-01 8.461854146890217532e-01 2.600040674859693812e-01 2.600040674859693812e-01 8.645825358682633910e-01 8.645825358682633910e-01
-4.212516058419225828e+00 -1.071370001458048726e+00 1.238276411613543626e-01 1.101108090292362229e+00 1.224935731453716592e+00 1.224935731453716592e+00 5.408918362236191379e-01 5.408918362236191379e-01
5.700859220192507237e+00 4.724866570006213351e+00 -3.721311863612066784e-01 -4.095585950753323212e-01 -7.816897814365389996e-01 -7.816897814365389996e-01 -5.395044923256786529e-01 -5.395044923256786529e-01
5.328332044693427250e+00 -4.218474414120914062e+00 -6.131392329766452987e-01 2.333989111797483140e-01 -3.797403217968969846e-01 -3.797403217968969846e-01 4.447890323439229188e-01 4.447890323439229188e-01
2.711157820109713512e+00 -5.082875675684503491e+00 -3.454360097836827181e-01 -4.039840161725847256e-01 -7.494200259562674438e-01 -7.494200259562674438e-01 -7.179978214976003859e-01 -7.179978214976003859e-01
2.440880756566984999e+00 -4.295245290176367803e+00 -4.423661722824403508e-01 -7.059769032822906798e-01 -1.148343075564731031e+00 -1.148343075564731031e+00 -2.797831265592917172e-01 -2.797831265592917172e-01
-1.887138559183689779e+00 -6.238280217891774448e+00 9.165808740871261850e-01 -8.627510921649821363e-01 5.382978192214404878e-02 5.382978192214404878e-02 -2.681162374558049843e-01 -2.681162374558049843e-01
3.405209645356094939e+00 -4.364665415370330592e+00 6.779787736389726316e-01 -2.500419997169189834e-02 6.529745736672807332e-01 6.529745736672807332e-01 5.739657297316306250e-01 5.739657297316306250e-01
5.185854042571982347e+00 -4.096180286894915312e+00 -4.714293207167867816e-01 -9.218836066905099491e-01 -1.393312927407296620e+00 -1.393312927407296620e+00 4.627745992551707821e-01 4.627745992551707821e-01
4.301883930878725337e+00 -5.690936316184403765e+00 -2.314103604103068257e-01 1.046675836510023272e+00 8.152654760997164463e-01 8.152654760997164463e-01 1.807450661467719655e-01 1.807450661467719655e-01
8.056025234095374188e-01 8.531303809096071333e-01 -1.775888655881316947e-01 9.189829609366408913e-01 7.413940953485091967e-01 7.413940953485091967e-01 -8.782328806380919339e-02 -8.782328806380919339e-02
4.728303681864339580e+00 2.530137465736748581e+00 -9.392319700058122667e-01 -1.134683193489594011e-01 -1.052700289354771668e+00 -1.052700289354771668e+00 5.609562755862681493e-01 5.609562755862681493e-01
5.258506439828066092e+00 5.981077002394696862e-01 -1.459027384192954635e-01 5.166989836834290362e-01 3.707962452641335727e-01 3.707962452641335727e-01 9.103897838892445193e-01 9.103897838892445193e-01
-2.933118568713912744e+00 5.318955492608187896e+00 -1.099748903626379670e+00 -2.961747001084144015e-01 -1.395923603734793961e+00 -1.395923603734793961e+00 -7.277534422671814163e-01 -7.277534422671814163e-01
2.378209197916911322e+00 1.817227229000476285e+00 5.359284210541512827e-01 -2.420108240769198726e-01 2.939175969772314101e-01 2.939175969772314101e-01 -4.942332021432017664e-01 -4.942332021432017664e-01
3.297799656165173232e+00 6.157776477715342978e+00 -9.417760914604091926e-01 -8.760405113432989666e-02 -1.029380142594739089e+00 -1.029380142594739089e+00 -9.995257737530044428e-01 -9.995257737530044428e-01
-5.916884175951999225e+00 2.478457673422338914e+00 -8.338144168124670408e-01 1.012358743792426408e+00 1.785443269799593669e-01 1.785443269799593669e-01 -9.562673607906543305e-01 -9.562673607906543305e-01
9.149861933388425683e-01 6.228610028387775444e+00 -1.104622076768942307e+00 -1.052161285118405232e+00 -2.156783361887347539e+00 -2.156783361887347539e+00 6.521260045570801411e-01 6.521260045570801411e-01
-4.811600027808481173e+00 -6.255425692505668600e+00 -8.133977759481583192e-01 1.769734710195676186e-01 -6.364243049285907006e-01 -6.364243049285907006e-01 7.139065134782225652e-02 7.139065134782225652e-02
-8.280063670594142167e-01 -1.240944432501259520e+00 8.858867826090197628e-01 -6.981499337375884906e-02 8.160717892352609137e-01 8.160717892352609137e-01 -4.778051205508873078e-01 -4.778051205508873078e-01
4.940672013435749577e+00 -2.775910280443684375e+00 1.416612848208036457e-01 -1.180431746622145450e+00 -1.038770461801341805e+00 -1.038770461801341805e+00 -5.596516573670020644e-01 -5.596516573670020644e-01
8.688455502850951362e-01 3.700435195724589121e+00 2.480776612783592849e-01 -7.002513009598789750e-01 -4.521736396815196901e-01 -4.521736396815196901e-01 -1.426202590155666583e-01 -1.426202590155666583e-01
-4.593101934047165713e-01 -3.166371872412773847e+00 4.947323265425400685e-01 -1.132754452821405522e+00 -6.380221262788654535e-01 -6.380221262788654535e-01 -8.850991059083418433e-01 -8.850991059083418433e-01
-3.736622223295786416e+00 7.271028809066288900e-01 -1.044033725968916304e+00 -3.418274531143683515e-01 -1.385861179083284656e+00 -1.385861179083284656e+00 -9.912909908146673166e-01 -9.912909908146673166e-01
-3.783745604390641226e+00 -5.090486350176393060e-01 6.116978722145125502e-01 -1.127139296858010953e+00 -5.154414246434984026e-01 -5.154414246434984026e-01 -4.073903820530533348e-01 -4.073903820530533348e-01
1.801118539097027238e+00 -5.222959136821032189e+00 9.346688656160349051e-01 2.267693836838369226e-01 1.161438249299871828e+00 1.161438249299871828e+00 -9.609868880083922704e-01 -9.609868880083922704e-01
-3.711494726137698041e+00 -2.438917011722137484e+00 1.115754987924541863e+00 5.885643516369831740e-01 1.704319339561525037e+00 1.704319339561525037e+00 9.911985310099225011e-01 9.911985310099225011e-01
7.970350762528983779e-01 2.684872062842185159e-01 -1.134789773310469707e+00 -9.705084221627232610e-01 -2.105298195473193079e+00 -2.105298195473193079e+00 4.840472586931990895e-01 4.840472586931990895e-01
3.662103571638679611e-01 2.427486690016781523e+00 1.038560332936944386e+00 3.701753598233006315e-01 1.408735692760245017e+00 1.408735692760245017e+00 -9.400922242708237286e-01 -9.400922242708237286e-01
-5.044769364967241820e+00 -2.263505719935035465e+00 9.455587322325811339e-01 -1.332206834058182743e-01 8.123380488267628596e-01 8.123380488267628596e-01 5.190221504480114767e-01 5.190221504480114767e-01
2.995819721204002306e+00 -9.445357193483285840e-01 1.674782575205824298e-01 4.301245633923684863e-01 5.976028209129509161e-01 5.976028209129509161e-01 -4.622116859154435375e-01 -4.622116859154435375e-01
-4.936228660414422542e+00 -3.574274946878670978e+00 5.848004327095561727e-01 -1.492751671817320602e-01 4.355252655278241125e-01 4.355252655278241125e-01 -6.103655351214360980e-01 -6.103655351214360980e-01
-4.347133332839677955e+00 1.243124039977292483e-01 -5.416122166790225956e-01 -5.321750324409205701e-01 -1.073787249119943166e+00 -1.073787249119943166e+00 -4.702447219613805629e-01 -4.702447219613805629e-01
-1.948039279349318420e+00 -3.739444728941684559e+00 -5.205453811858471447e-01 -3.526522964536026317e-01 -8.731976776394497763e-01 -8.731976776394497763e-01 8.277552110551965603e-01 8.277552110551965603e-01
5.882811078578358277e-01 -1.300362233066608475e+00 -3.240253667783800084e-01 -2.137945302071996290e-01 -5.378198969855796374e-01 -5.378198969855796374e-01 7.570036870137319962e-01 7.570036870137319962e-01
