-2.759022166327868231e+00 -4.714618969411436211e+00 2.373305433792306740e+00 -1.997931222781969440e+00
1.122246474640999914e+00 -1.956779247080433493e-01 2.175197797336566374e+00 -2.425383378653258148e+00
2.912889849842173362e+00 -1.895418189503955908e+00 2.214873325693049733e+00 -2.310645368963355484e+00
3.151797842575806641e+00 -2.404676206115189618e+00 1.993142154449004222e+00 -2.740505684858996371e+00
1.612378918665091199e+00 2.121160708472714873e+00 1.148402776465615283e+00 -2.021741338870026272e+00
-1.632570117673076915e+00 3.454453143385860514e+00 1.692805535487506008e+00 -2.058737735466456442e+00
3.202683830477216276e+00 3.482119045662159351e+00 1.979609255883346908e+00 -2.940820622380049265e+00
3.400221410903467856e-01 -2.760667260209697105e-01 2.090905408891032824e+00 -2.907050140560336615e+00
-4.312886532914641080e+00 -2.788665523996757489e+00 2.318427980129424082e+00 -2.364986460835248216e+00
-1.002875794473916393e+00 7.215631936100130872e-02 2.060776543011633155e+00 -2.536480538995229850e+00
-3.419305800531422079e+00 -8.737173461823264375e-01 2.210201949033144597e+00 -1.382616730123737314e+00
4.358379259257789684e+00 7.402071216465770931e-01 2.632618935019339190e+00 -1.744049681155588338e+00
5.146155584818155049e-01 -4.015351138926151364e+00 1.622606894508577202e+00 -1.441194700808167362e+00
4.854047486799544231e-01 -6.074886619386228759e+00 1.903516093565298828e+00 -2.865367262819446648e+00
5.652428791908908678e+00 -4.715514235887148686e+00 2.589752994308921252e+00 -2.002523894668393201e+00
-4.519031007376595355e+00 5.973424702188754765e+00 2.299149977432032976e+00 -1.816989964925765255e+00
6.143209622138201098e+00 3.203060515856671842e+00 1.991429462404356920e+00 -1.011650694186534416e+00
-1.481540512384958319e+00 -1.169652717815987231e+00 1.083049602756107843e+00 -2.034805587999174659e+00
-3.338104475023453865e+00 2.198758033020405733e+00 1.841998910213982654e+00 -2.576189349204535795e+00
-4.103797505356992836e+00 4.966988244945673259e+00 2.794006191682528506e+00 -1.856009881145998852e+00
3.118541586692028744e+00 -4.541764823331435608e-01 2.010112124536333145e+00 -1.101616103227750276e+00
7.119249593453735869e-01 1.594114511285883218e+00 1.346885223583118796e+00 -1.982347269027638248e+00
3.404027612833624872e+00 5.003992188759294635e+00 1.751519259245926774e+00 -1.722355145932564113e+00
-4.364656845201357882e+00 -8.930626292777210651e-01 2.732371256985155927e+00 -1.786329419721313538e+00
-5.426041355611329386e+00 1.367612869315118829e+00 1.259574983461796638e+00 -2.132090480190048432e+00
2.536855291258504508e+00 1.515633418555504264e-01 1.914158795054514695e+00 -1.186779225517244463e+00
-1.506190446214964673e+00 3.396973038705741743e+00 1.747913535755351910e+00 -1.937532940746111487e+00
4.816766400833564887e+00 3.072140246835743937e+00 2.069018902159704076e+00 -1.896063183715021694e+00
5.134562523228378694e+00 3.394804472470688950e+00 1.771480412058219711e+00 -1.603321463044211637e+00
-5.605741414750483820e+00 -1.281887431333851524e+00 2.600825738642408957e+00 -2.221992725598076923e+00
9.850729467054000210e-01 5.244368223494813464e+00 2.718152648021268991e+00 -2.280403483442138945e+00
1.174106787379812111e+00 6.221010956012470672e+00 2.057309268476908759e+00 -2.385620538514546141e+00
1.554110788556546829e+00 -3.501032310770701539e+00 1.648299208760047652e+00 -1.984381491323414348e+00
-1.945625386644611154e+00 2.724022388939733474e+00 2.377384086041797406e+00 -2.334655893400435112e+00
-8.334475790958846275e-01 -2.781942569637498863e-01 1.796711700540167600e+00 -2.646478627141156004e+00
3.928380507193280025e+00 4.737953869929807382e+00 1.292142620465887681e+00 -1.981949998555273096e+00
4.606935443467000013e+00 1.677283909998996236e+00 2.988811946031181943e+00 -2.011187519343004215e+00
6.154401467517409685e+00 6.025365532039490546e+00 1.967254290244050630e+00 -2.958940698828337990e+00
3.103120654756464702e+00 -5.237630141634589620e+00 1.966722120014003705e+00 -1.498949357311840647e+00
3.105422149464722281e+00 -4.925196336207564585e+00 1.964653144472381152e+00 -1.788933389533950313e+00
-6.084369705989980837e+00 -8.647955696844897844e-01 2.150296516221568588e+00 -2.636015192640977833e+00
2.557469899444381412e+00 -4.376554346375957749e+00 1.479339629956536672e+00 -2.274915434155464489e+00
8.652950309555542674e-01 -6.771109953456946329e-01 2.476979544963094249e+00 -2.505366031803384796e+00
6.226375448477758923e-01 -4.626422752825521734e+00 1.418973800623839709e+00 -1.930251909146430744e+00
-3.346850001472715608e+00 1.781288504209159740e-01 1.963885629322835946e+00 -1.036482325797060788e+00
-5.567788885238432073e+00 -3.197906579207611344e+00 1.963082275533034604e+00 -1.246363288595456087e+00
-3.304616427843310777e+00 6.771339928826662913e-01 1.898307355629615722e+00 -1.230962018307068417e+00
-5.927475487919362962e+00 3.546001290936654726e+00 2.137030024264938710e+00 -1.138215577376338938e+00
1.507408014492114923e+00 2.726010232270525080e+00 1.597087978192074820e+00 -1.942046044758607870e+00
2.416797266023561264e+00 1.666499502958265211e+00 1.340051566636514480e+00 -2.071537436229918150e+00
4.751563841439999436e+00 -5.875704085616341388e+00 2.395993987419745785e+00 -2.035958099743341965e+00
-1.080004309144303676e+00 1.874326919602578911e+00 2.841642962707752851e+00 -1.859125206371372352e+00
-6.052810521994031134e+00 4.410180142969366557e-02 1.989932951881476564e+00 -2.972634245207905757e+00
3.143406168673445578e+00 3.002876970316172844e-01 2.000536428476116679e+00 -1.044750141528533405e+00
5.085436273379949412e+00 -6.073131019800589669e+00 2.194171693709287219e+00 -2.356443959123387444e+00
-6.087988409752820296e+00 -3.069396418973140861e+00 2.013990998188674553e+00 -1.021546047373931509e+00
-5.901171536972824150e+00 3.225717511790753278e-01 1.881823119590765536e+00 -2.880056962907618257e+00
-3.262787446079430165e+00 1.476058609745280137e+00 1.879643817896676339e+00 -1.906097806888040092e+00
-6.247115713921629343e+00 -8.129693129685078290e-01 2.026192794703211675e+00 -2.686897686582990552e+00
9.388524573184531263e-01 3.701780735954447010e+00 2.428732495980464812e+00 -1.499573278201786319e+00
-6.278133313398591042e+00 -2.585961928143524435e+00 2.002664810550974561e+00 -1.150442926893159301e+00
3.553133937171070400e+00 -5.617236243475159263e+00 2.247136112687615039e+00 -1.279323601954485135e+00
-3.720824110325180900e+00 -1.704275431187356027e+00 2.542511899914539519e+00 -2.111375060255734404e+00
-3.912705354868047269e+00 -8.308459982939266908e-01 2.514686913219632558e+00 -1.516470416206380234e+00
-3.858344101868142584e+00 -1.818254407547156504e+00 2.636927356688383295e+00 -2.184671195431758139e+00
4.009792877740405714e+00 -2.156874383892763980e+00 1.364193003007250216e+00 -2.357412452068901043e+00
4.298086954950793626e+00 -2.512255669737021524e+00 1.461188882512214571e+00 -2.325429535767355116e+00
3.153435628856895434e+00 -3.592572842858939186e+00 2.005161615637956807e+00 -2.899957205394446014e+00
-2.369461886693219999e+00 4.898714848238052255e+00 1.314412150184090855e+00 -1.867282407627485874e+00
3.829658794416225476e+00 4.813278194478385785e+00 1.368184690503867484e+00 -1.922197693089092274e+00
-5.792408426811726407e+00 -1.847180007136839386e+00 2.453424265574522867e+00 -1.759330294234032976e+00
1.529273522329183344e+00 3.767103064141672064e+00 2.585006440824072715e+00 -1.966348613622705299e+00
9.645435258994403682e-01 -2.188936516866066384e+00 2.669723167260689145e+00 -1.669793821439378601e+00
3.862792857549356640e+00 -9.080795011462461375e-01 1.479480564803563603e+00 -1.537930610311613044e+00
5.260305081895284118e+00 5.843223151949874961e+00 1.636442233124063339e+00 -2.471302151776860967e+00
6.140131684509780641e+00 3.525238379995100146e+00 1.946636948381729182e+00 -1.082165991640210656e+00
-7.829207953249284202e-02 3.251509830554709879e+00 1.991420444982621163e+00 -1.009079586733673484e+00
1.087682717488911877e+00 -3.832271974301278750e+00 1.435848867909813809e+00 -1.641927342965020298e+00
-1.976829484408630933e+00 -2.777282379667208367e+00 1.672664514409203385e+00 -2.369046265143006202e+00
5.648448612086628629e+00 -3.371528201411804204e+00 2.135145597746064272e+00 -1.215964867046769093e+00
2.421259607326215146e+00 -1.876705739282032326e+00 2.629010454928773388e+00 -2.226348033621150968e+00
5.232710275463665184e+00 3.300332246589011476e+00 1.862845791457170774e+00 -1.509091689503349265e+00
-2.988621171379740371e+00 6.630971746749292350e-01 2.093796413778603149e+00 -1.221113273228216167e+00
4.879655458672367274e-01 -3.867300345175692655e+00 1.688854045614527788e+00 -1.339273757990456559e+00
1.407825291109527477e+00 2.305487930216145287e+00 1.267794778875685591e+00 -1.891233965158114483e+00
5.953972509087337883e+00 4.492282704373016244e+00 1.684501609456207749e+00 -1.793391788766980577e+00
2.510237585339609723e+00 4.515320719760888224e+00 2.578814959333659562e+00 -2.158051437884009882e+00
-6.033364177485651680e+00 5.595910894741493280e+00 2.156851211452536887e+00 -2.748982263977024054e+00
-3.713962564113822751e+00 1.201444727323887740e+00 1.494900601812164442e+00 -1.696527168942129293e+00
5.515210132258378195e+00 3.242371169907309891e-01 2.221315200144880375e+00 -2.681837959312735720e+00
-6.173363218544292153e-01 -3.249427846989302093e+00 2.062301131829244571e+00 -1.189313195057360328e+00
2.771041454839195950e-01 -2.716826268201973260e+00 2.112740952688401563e+00 -1.123623226443820844e+00
-1.897677820688450367e+00 4.369332946657861427e+00 1.108135173097028137e+00 -2.108004368079377411e+00
5.231449873699213882e+00 2.417268579742961165e+00 2.575351413178633475e+00 -1.628473409464300747e+00
1.022386432902451681e+00 -6.034684077721369277e+00 1.790116159097931536e+00 -2.505316790132150029e+00
4.101751303330559040e+00 -3.696036067711938600e-01 1.704037592024054915e+00 -1.465330661129302658e+00
-3.852418422212153359e+00 5.424453604707766274e-01 1.663179474602551000e+00 -1.350963044886690057e+00
-1.238044067202790366e+00 -2.257933943958271072e+00 1.269340129772143611e+00 -1.792799914750198287e+00
-8.765386462230173592e-01 -1.569652555924286652e+00 1.231471642010978140e+00 -2.000731801739515259e+00
3.345310876358533747e+00 4.850593562054529073e+00 1.799617002971527491e+00 -1.865083789629485622e+00
-4.585730544888763305e+00 4.309006475467885622e+00 2.912370987387252974e+00 -2.049584614339206912e+00
-3.143469061222033734e+00 4.982454119625723266e-01 1.999103293454447039e+00 -1.121579141500454124e+00
-8.970022538979298687e-01 -1.641168937023663510e+00 1.220474251440017532e+00 -1.956126863877143851e+00
-5.204511463731877896e-01 -4.908639068544354167e+00 2.487726312148072605e+00 -2.169174745883510891e+00
2.053866435352594166e+00 2.193636218544817496e+00 1.280715355073150485e+00 -2.270963450215290447e+00
1.992651520647275021e-01 -3.971558184910337630e+00 1.853931770758183051e+00 -1.338453543844370763e+00
5.901114212312364771e+00 3.857553888026581390e-01 2.140285589517274545e+00 -2.859707623479501137e+00
4.524244634676655608e+00 4.213147213359016874e+00 1.137547283277777099e+00 -2.089545501916348691e+00
6.402342035770711703e-01 3.149438079726698092e+00 2.004686678309879788e+00 -1.198068809771539067e+00
-3.166303687813013745e+00 1.427397632723854670e+00 1.975545088508620317e+00 -1.857135886568339167e+00
-5.454293795516789167e+00 -2.209940410094731078e+00 2.591667811547696321e+00 -1.596943050990316193e+00
-5.939022660819143873e+00 -5.107260840121723433e+00 1.688556436558275031e+00 -2.362131047128218420e+00
-4.398043536264646391e-01 2.619596551661645734e+00 2.212290010031614074e+00 -1.215665850680980764e+00
-4.301090792157697962e+00 4.203281500655604574e+00 2.800358920062418377e+00 -2.194861563342002775e+00
-3.189205782322670490e+00 -5.577696196112521321e+00 1.969139012496328167e+00 -1.239568267965665660e+00
4.568401678225241014e+00 -1.796216797799061737e+00 1.035386254075760792e+00 -2.032072405466266662e+00
-4.559886652865140277e+00 1.808245996212358264e+00 1.039339273664091179e+00 -2.035733417335795270e+00
2.247313585939107128e+00 -6.124801699545119327e+00 1.877014824154291883e+00 -1.381755203766364737e+00
-4.858888699537970979e+00 2.174498018785490316e+00 1.185578634208658055e+00 -1.917130198600031754e+00
5.436154914615311640e+00 3.195702824378676254e+00 1.959474100878562997e+00 -1.338757970702277200e+00
4.877854655251807614e-01 1.185921366909571617e+00 1.565614651013107927e+00 -2.331656394040269920e+00
-3.793768576082571009e+00 -4.172244987812664618e+00 1.479486795235133156e+00 -2.408715482805015462e+00
-1.039178501482360240e+00 -6.065391419310888210e-01 1.508643221077150098e+00 -2.416505534070125361e+00
1.532083962354920281e+00 1.712873294513775235e+00 1.010817646705073347e+00 -1.994519719218620590e+00
-1.042732241744007915e+00 -5.567349551453900425e+00 2.566856828505123200e+00 -2.380186629436939594e+00
-1.944049432628603746e+00 5.336990146649807087e+00 1.244657672812610638e+00 -1.786764301249891496e+00
1.550188934070054536e+00 -3.737211914412500668e+00 1.439097631863284654e+00 -1.982942382124999847e+00
-4.267600036579003664e+00 3.710863912472229131e+00 2.486572695919068376e+00 -2.362411624990376158e+00
-2.927059327100417718e+00 3.585624124924606804e-01 2.074709672769213142e+00 -1.085063943587108781e+00
-1.617370296147586650e+00 -5.761994085961262613e+00 2.497373626529596269e+00 -1.959624412028406093e+00
5.094432203324036124e+00 -1.223250072338315952e+00 1.127573428403365607e+00 -2.126978466991990668e+00
-5.041594486955780496e-01 -2.235186453273132479e+00 1.619681095017303285e+00 -1.460135161243207857e+00
-2.755490072276067792e-01 -3.874516934256762468e+00 2.182030841291302536e+00 -1.284816189251773988e+00
5.069297974049867150e+00 3.107924963274578900e+00 2.031540034684049090e+00 -1.650818302570879581e+00
-2.872548286108704829e-01 -4.669774066682128577e-01 1.872452073645107573e+00 -2.856345395304896506e+00
1.609452974808325720e+00 8.896893990968912647e-02 1.911214764344955075e+00 -1.961505832786132553e+00
4.459779078209162861e+00 5.544456581519021654e-01 2.509763661737366203e+00 -1.787509810656894738e+00
-6.053368036174283873e+00 -2.026854728918989323e+00 2.204517434763817008e+00 -1.571166527951568748e+00
-5.378729833899951629e+00 -4.399090700948145916e+00 1.252176357951167773e+00 -1.809498567576365069e+00
3.395920092773309307e+00 -9.043078290088546467e-01 1.802247340645596108e+00 -1.401656993147300412e+00
-2.380230793038252912e+00 5.977102508652851753e-01 2.388246504856597063e+00 -1.401607570056550900e+00
4.134095908792811969e+00 6.123921322720672578e+00 1.867195933573127409e+00 -1.460322202367294597e+00
-1.715923966632182385e-01 4.497467657429220722e+00 1.833176875529992644e+00 -1.789861505556244348e+00
-6.165707611735117055e+00 3.449183049961542125e+00 2.035486144568557698e+00 -1.053503200260293982e+00
1.310804187335166127e+00 1.963235683191131287e+00 1.107074189767054184e+00 -1.901684128237393079e+00
3.618225462959767214e+00 -1.023178704401140671e+00 1.608300182558293212e+00 -1.537374968079888937e+00
3.100162476196439698e-01 -4.544568999006724397e+00 1.699211801772681163e+00 -1.840929356084068491e+00
-4.704329147302804159e+00 2.002387523752368281e+00 1.091728226184851325e+00 -2.003371525610185166e+00
7.353406659663805911e-01 6.869696878481752478e-01 1.574555291659375023e+00 -2.573385643981079607e+00
-4.932374241964649464e+00 -5.719642212408164283e+00 1.478688734566153684e+00 -2.184472127195967506e+00
-9.211022821910681557e-01 3.680132985976992899e+00 1.591606828753551639e+00 -1.480681861938065058e+00
-1.226571770201394962e+00 -3.557646490750074886e+00 2.380445369092169638e+00 -1.691322160863084845e+00
6.156958355684571060e+00 -5.399349213255502988e+00 2.097336859561446332e+00 -2.629144191010286846e+00
2.911987478839760612e+00 1.247460540395684880e+00 1.784200610809090426e+00 -1.690607182801664443e+00
3.819685214843012488e+00 6.043465146701706203e+00 1.851057592467316271e+00 -1.243498684254867204e+00
3.807148323364462073e+00 -2.888632316555099777e-01 1.824098311545374829e+00 -1.246015292484545789e+00
-3.455249794248045792e+00 2.504573465641401597e+00 1.816480176321290552e+00 -2.764652643972710599e+00
3.482725169615914496e-01 -1.517830104444009010e-01 2.051601012784095346e+00 -2.929156952065034680e+00
5.773421951418463038e+00 1.645681846826651196e+00 2.486603111453171699e+00 -1.934696499651889834e+00
3.082963383233998655e+00 1.422654041965785154e+00 1.942046111935334052e+00 -1.852652587941958862e+00
1.589597610565641972e+00 -1.028731683532020824e+00 2.856493944026246901e+00 -1.990300880907513781e+00
1.716621517976006928e+00 -5.516175751159339669e+00 1.313380469455792454e+00 -1.895379151280351948e+00
5.094310121107298528e+00 -5.306595214247135317e+00 2.768893289222166487e+00 -2.208658722162694321e+00
-2.887648143451774452e+00 3.873935772480303186e+00 1.832028218413847664e+00 -2.719761492678497650e+00
4.332060804334224358e+00 6.149228502241307126e+00 1.875987033624253009e+00 -1.632100519033169217e+00
-2.178444412220478910e+00 2.589323339042756800e+00 2.430709825490760423e+00 -2.486060294697414630e+00
-4.913215114596609645e+00 -4.495980331828381082e+00 1.042954205372442100e+00 -1.957167199547599212e+00
-2.946227570103197912e+00 2.347501409982969633e+00 2.138454952525392638e+00 -2.687599256667416725e+00
4.760543116692369736e+00 -6.183497844881381766e+00 2.099407070407229181e+00 -2.047896550757039691e+00
2.725377665542746186e+00 4.701405163168695722e+00 2.404277099831690467e+00 -2.010045880325999068e+00
9.326645770342922859e-01 -8.500446661791505321e-01 2.603459662438166955e+00 -2.393129253741702378e+00
-3.112366485364775670e+00 2.801234937798991353e+00 2.009755016536201477e+00 -2.942232755381850584e+00
5.991132160510792559e+00 -4.983074181423797100e+00 2.277435301078079899e+00 -2.256068981473116963e+00
2.234311897326993090e+00 1.502771287468275041e+00 1.213990207664908283e+00 -1.958136340154400523e+00
5.906445379040787813e+00 4.526871618622815063e+00 1.638421668846286705e+00 -1.828480987742856723e+00
-2.294821015220135596e+00 6.063160032626912610e+00 1.836495710079359522e+00 -1.353564199234832177e+00
-4.986009051484659338e+00 5.678956133188162170e-02 1.945352451936720684e+00 -2.269782982759561030e+00
-3.174315022710444190e+00 -3.634640456806815578e+00 1.984514845200866962e+00 -2.880422819428643422e+00
2.473289960918879871e+00 -3.635043967810128951e+00 1.706489216358856087e+00 -2.691241620609370777e+00
-5.001826934704507011e+00 4.716570143068992138e+00 2.958396064905509881e+00 -2.001193357229952063e+00
5.821528624131090623e+00 3.352388333714117152e+00 1.906798690096657811e+00 -1.124502262838728228e+00
2.398881414656420574e+00 -4.439051811689465055e+00 1.348819308428507835e+00 -2.198852554000006787e+00
8.652126757599587492e-01 2.097174312946394892e-01 1.841523785555077897e+00 -2.634269933671039343e+00
2.839974442012287881e+00 2.931043965021594033e+00 1.937914295965569744e+00 -2.933770332194593600e+00
2.390473892512545717e+00 5.961529811098410292e+00 2.215750281576082337e+00 -1.306560913689613024e+00
-2.891171380107639521e+00 -4.492247055471560557e+00 2.241831532627886148e+00 -2.211556810727784317e+00
-1.297258178273785312e+00 3.981467400716329763e+00 1.283122368514618472e+00 -1.819666581876173028e+00
5.754009536305995098e+00 -4.553264284668619766e+00 2.498444277725514695e+00 -1.863218772533796530e+00
1.472086400145108165e+00 5.321307738136333398e+00 2.816273993984457658e+00 -2.056368548039285926e+00
-6.245260545799680152e+00 -4.853178117497751742e+00 1.962459483065033261e+00 -2.140223585921151361e+00
4.071628114311685920e+00 -5.378255384541989592e+00 2.630396056537410487e+00 -1.630711184006383707e+00
-4.637030405973911584e+00 2.522397766390952256e+00 1.421267475371393418e+00 -2.061309885604896586e+00
-4.149033313339097973e+00 -9.962868073615371856e-02 2.084093569207156715e+00 -1.468621839478663205e+00
3.797068166838293735e+00 4.465540380862547565e+00 1.408940424485932708e+00 -2.193709908909183603e+00
4.553377303887156557e+00 1.812473016257532876e+00 2.958688953271741084e+00 -2.037896239800102816e+00
-5.612611788312891647e+00 5.212388364242475092e+00 2.545361072727267526e+00 -2.375612892856301617e+00
-2.637720754816607283e+00 -2.186960572007222048e+00 1.605970156620315503e+00 -2.506086345508902635e+00
3.139812133662431393e+00 -5.892407931982480029e+00 1.999321787317486221e+00 -1.075388234251684061e+00
-8.951179726718114793e-01 -2.904188500810979345e+00 1.816492775499491508e+00 -1.392115363167409470e+00
-2.666893748830831967e+00 -5.995225274305826524e+00 2.129806626914314549e+00 -1.147191721618145976e+00
-4.480878122948015019e+00 -5.959557502648080707e+00 1.690476065260404948e+00 -1.782462790734672620e+00
-2.510153396250649038e+00 -9.707186827472495949e-01 1.512824402165786619e+00 -1.544180874753518617e+00
4.167672625017697641e-01 -6.146353442683968105e+00 1.944782248649479461e+00 -2.905855538080703848e+00
-2.318298953334005041e+00 -2.262539364779430073e+00 1.435191299677424759e+00 -2.433637136556964009e+00
-1.078455105519969592e+00 9.864548127025525304e-01 2.735011205085845720e+00 -2.260759752141529688e+00
-3.500579501519700987e+00 -6.480371538895646211e-02 2.022751288294037053e+00 -1.065711969300655593e+00
-3.052141535780827031e+00 -9.468871353263974555e-01 1.927498172913619356e+00 -1.418123410558302044e+00
-1.224778469424565586e-01 4.539119317937016618e+00 1.879657496023885432e+00 -1.828887516561588766e+00
-3.426726916773940701e+00 4.524960901625600940e-01 1.877018319552796966e+00 -1.136954011558103161e+00
-6.547892614809809331e-01 2.184651065678657744e+00 2.497810656265591067e+00 -1.543112435401955196e+00
8.732925461856364535e-01 -4.087384040403781782e+00 1.378441226166017053e+00 -1.624185663881998254e+00
-2.954107962596627779e+00 2.479445695260826810e+00 2.114593646641673264e+00 -2.774853482392910742e+00
-6.094451228924153696e+00 -3.839455872830810357e+00 1.879441605731454468e+00 -1.247389084063149411e+00
1.070182357493267844e-01 5.165020095161576563e+00 2.096057848304507587e+00 -2.434831227407610488e+00
-1.534050005615146262e+00 2.292780936894526889e+00 2.749988990807329614e+00 -1.975720724668895256e+00
5.884348504953759829e+00 3.361188332159740000e+00 1.915404484688193243e+00 -1.100616244523039633e+00
2.250245365763300143e+00 -3.901208358785579922e+00 1.464291619451467907e+00 -2.455627554510210420e+00
-2.359086794931509079e+00 -3.098916825615806836e+00 1.969920170297619677e+00 -2.708503326614562390e+00
5.642505497656538083e+00 -4.116011157069010551e-01 1.760857604449822755e+00 -2.734733623301232264e+00
-1.409184707145155535e+00 -2.996456704826725659e+00 1.857257648448654486e+00 -1.840782722932444715e+00
4.729845582976494711e+00 2.120358525205295663e+00 2.852623345928984921e+00 -1.990882636158507246e+00
-3.011969301928198117e+00 -2.486925820401736154e+00 1.921293829422237254e+00 -2.786595976720650292e+00
-1.760464693201688746e-01 -5.407849558728665684e-01 1.909837092515549450e+00 -2.844054168777642388e+00
3.777861583689956504e+00 -3.688807088336237161e+00 2.309167744320753446e+00 -2.686869524084047889e+00
-4.000970909026695388e+00 -1.046477552145153034e+00 2.655686635100134918e+00 -1.673138708460765844e+00
3.190302274364917423e+00 1.736907543493972028e+00 2.048020149631950115e+00 -2.165152237687193004e+00
-4.097193929204939522e+00 5.906958344586588083e-02 1.951788229415341469e+00 -1.423888727625046702e+00
-4.438537939457103398e+00 -3.096583063538163039e+00 2.043317748401761502e+00 -2.270167078840444219e+00
-5.817462443232633618e+00 -1.273487811422953975e+00 2.429367436223024423e+00 -2.261748093077977639e+00
-4.486121069274911832e+00 -4.932188924703516442e+00 1.048935216577671969e+00 -1.951085700646610466e+00
5.824112669075294235e-01 5.606516351793848330e+00 2.344434270840240142e+00 -2.651126761206874072e+00
5.629359698354138075e+00 5.563918617058600802e+00 1.599279553529954878e+00 -2.597139050031439744e+00
9.313892996614994146e-01 1.814094893347290238e+00 1.221183519421352948e+00 -1.856247027872616862e+00
-2.186676515972262536e+00 3.499331604407771579e-01 2.279844329276603965e+00 -1.457332549827101698e+00
2.631237800894387746e+00 -6.052435399548956596e-01 2.277930671837487875e+00 -1.282429226438194902e+00
-1.677068901079600494e+00 -5.925158733350626150e+00 2.348449652296931145e+00 -1.900653397461464333e+00
3.086768000233160336e+00 -1.520412823545642667e-01 2.008299373516201580e+00 -1.013021189382860232e+00
-3.642060805083712882e+00 -3.275855433682351325e+00 1.935769223233775538e+00 -2.869462049427772055e+00
9.258837361996814508e-01 4.207900064259458617e+00 2.699595218632025784e+00 -1.709438432144668951e+00
-5.453802676142430528e+00 1.268628496814572237e+00 1.295899542190387832e+00 -2.200972163632801237e+00
-1.968569209127558395e+00 -8.427195531981173104e-01 1.311823214877938737e+00 -1.742232959121143843e+00
2.658098511038243572e+00 -2.570045395654665388e+00 2.251467056531418098e+00 -2.744658772025855065e+00
-5.924603927788831825e-01 -2.366210921545763401e+00 1.609123642517568342e+00 -1.407559868240673584e+00
-2.295091652571357610e+00 2.600688878752139388e+00 2.385651073074078976e+00 -2.568016366449527688e+00
1.489285404646920163e+00 -5.391998403491156111e+00 1.224764242282055049e+00 -2.051172031584714617e+00
-1.058948035914424324e-01 -6.377841043122076670e-01 1.937066248575748606e+00 -2.798916675276798216e+00
2.126643259273075515e+00 -1.233189169317856937e+00 2.801502136018195088e+00 -1.825222065503973701e+00
1.530662251188580569e+00 -3.406509440198135508e-02 2.034031080334735453e+00 -2.040100024283147295e+00
5.124765144970119479e+00 4.123470554628619666e+00 1.238165329564747452e+00 -1.777377822764005799e+00
1.467480113818774967e+00 -3.499959710401910229e+00 1.651124808283636947e+00 -1.903419416305859313e+00
5.042990541833942686e+00 1.554088218627241780e+00 2.945715221869199318e+00 -2.005423401275254758e+00
4.913689096876700191e+00 5.669137378387404169e+00 1.435453918187337141e+00 -2.163418185965278795e+00
3.176219963119510936e+00 -4.765580111097183824e+00 2.034571425836091851e+00 -1.946865819192713287e+00
4.346097913251549372e+00 -1.142398298375810306e+00 1.150710670948722036e+00 -1.851217346510749984e+00
1.662572520336191850e+00 9.972739615308165995e-01 1.163540126601177782e+00 -1.950272648222988181e+00
-1.793601093685019521e+00 5.982139683753111115e+00 1.710810528537900943e+00 -1.788971582553876338e+00
-4.069037858761094029e+00 4.372335356779682769e+00 2.754274255683711203e+00 -2.200082563994275819e+00
1.077682788762279742e+00 -1.631690727586001977e+00 2.879230600362148174e+00 -1.971192181582407610e+00
-3.052757224607045128e+00 3.155680062377216544e+00 1.998750225718809004e+00 -2.995957892946154999e+00
4.331748683457927740e+00 4.519507174358263768e+00 1.088789892895742906e+00 -2.071214989618301416e+00
-1.813262299152137658e+00 3.103954225126713595e+00 2.036528835100150925e+00 -2.239927146933840429e+00
-4.997212947920365522e+00 4.151923447914127152e+00 2.812882750806008580e+00 -1.850631966228523551e+00
-1.154386982321716992e+00 2.655456551097815421e+00 2.427288458670282090e+00 -1.642381813247975941e+00
3.420289992326438266e+00 -7.022451442317949599e-01 1.822301513887056856e+00 -1.266061944026327879e+00
7.067356237618840353e-01 3.613482987914187206e+00 2.295177720586239367e+00 -1.322627367623214312e+00
7.504257284633899516e-01 3.506517342915955737e-01 1.765743317142180580e+00 -2.686892298436019288e+00
5.222663420843993265e+00 4.742051580225520979e+00 1.127773364485334051e+00 -2.014485586003084805e+00
8.557756434950460900e-01 -3.561093185872293621e+00 1.692452766152394927e+00 -1.401215273774324643e+00
4.686280792231345416e+00 -2.551638174327436559e+00 1.443866397299893300e+00 -2.021692552181315161e+00
-1.979779918811744643e+00 3.470677287806820388e-01 2.312088812921627490e+00 -1.626034876101942306e+00
-1.015431679681459087e+00 5.981455041029683173e+00 1.747489867104166095e+00 -2.503433847315334138e+00
-1.120777631472209990e+00 5.971820079291170202e+00 1.724142864005532516e+00 -2.414066766449350254e+00
5.069016553627797350e+00 -2.456499412230122470e+00 1.407067417122760622e+00 -1.729658521729588339e+00
-1.321032008609958730e+00 1.325488218987097788e+00 2.939962187000164207e+00 -2.060027884110803509e+00
-2.321702277232448264e+00 5.376509010819383150e+00 1.424311185410561231e+00 -1.579452349473583261e+00
-4.439339655196414824e+00 -6.217339565292192560e+00 1.936639449123213286e+00 -1.730915342766821352e+00
4.711906996685575777e+00 -1.972566947907594681e+00 1.079630068688568922e+00 -2.000188479034338052e+00
5.489849989225252358e+00 -5.816813810661683348e+00 2.320462899843849236e+00 -2.626558934183749638e+00
6.163450208902961691e+00 -3.776250338488434277e+00 2.070821660385753216e+00 -1.200490811909045830e+00
2.343639777168577965e+00 6.086941954593642734e+00 2.139596127969844108e+00 -1.315226988366391847e+00
-1.245657416642648840e+00 -1.311305656250496554e-01 1.876095649276726451e+00 -2.316697929281440249e+00
3.779267710232387500e+00 5.941224102096153814e+00 1.800365120066640401e+00 -1.243040526475584162e+00
-2.332612236602308542e+00 -5.782290696417322629e+00 2.347472494652691921e+00 -1.394556728520949473e+00
-3.492833521854105783e+00 3.774086307869071177e+00 2.203395655604353021e+00 -2.757312814130216783e+00
-4.205283183568408134e+00 -1.840535197797046330e+00 2.842544785572439281e+00 -2.129415710026089315e+00
5.657079956192752945e+00 -2.327723023582498385e+00 1.574012248844023576e+00 -1.443563734844465207e+00
-1.913030626596299300e+00 3.358796192304723149e+00 1.796997717291478391e+00 -2.327707537112997827e+00
2.488860786849022233e+00 -4.023823528021248208e+00 1.531022714829539444e+00 -2.504803202624259040e+00
-1.085905135210834871e+00 -2.065109579920030747e+00 1.221180655145957417e+00 -1.778863732147508703e+00
-6.125402207073595839e+00 3.016903383521702509e+00 1.980458399541070280e+00 -1.020089151276271533e+00
5.218491010675174735e+00 7.277435826838800637e-01 2.581799246862831687e+00 -2.361967931738773174e+00
-6.281748030835880847e+00 2.062173529351726486e+00 1.998732777060299615e+00 -1.528159894814422604e+00
-3.623787969104250273e+00 2.167319987719773522e+00 1.616363071870179802e+00 -2.497716372525244921e+00
3.205457317406684936e+00 1.856940542552411699e+00 2.061226242796204922e+00 -2.281679905875627412e+00
5.953739533993136490e+00 -6.106096315550766818e+00 2.056992612930539366e+00 -2.931423526273606583e+00
-2.932504555810409475e+00 2.154242497919664601e+00 2.173229793330154980e+00 -2.538904929347469697e+00
1.091179940367240420e+00 2.460045669568755144e+00 1.441085929192387649e+00 -1.641647002747847806e+00
2.431821970475569472e-01 -9.218795257838543478e-01 2.191848669555735540e+00 -2.586542499814872276e+00
-4.581348085649188384e+00 -3.918266488149772186e+00 1.305098397861890414e+00 -2.093197502015507361e+00
1.466307799034086479e+00 -4.405181444584220785e+00 1.052016895270855734e+00 -1.968460332546157598e+00
-5.447063223108378871e+00 -3.515015076154633267e+00 1.729297403693820456e+00 -1.375851872230520412e+00
5.871967542101018012e+00 6.419803644738095727e-01 2.239348940097386276e+00 -2.734143316281615554e+00
-2.961925186791160680e+00 -2.842391086920752041e+00 1.947326155078012988e+00 -2.940190457111777178e+00
2.367670758138556764e+00 3.515370494287152425e+00 2.255209465325138662e+00 -2.665795421557660028e+00
-2.974500507674683547e+00 1.430946315949532810e+00 2.164691946823020352e+00 -1.862546818819660555e+00
-1.285830788873274066e+00 3.866652246352735744e+00 1.363565115084689250e+00 -1.789589674540684516e+00
3.765076420693155512e+00 8.251344415487551487e-01 2.428931464142271235e+00 -1.449194159745733845e+00
-3.970844916705902783e+00 4.482455770309739407e+00 2.718018663170338023e+00 -2.153938330418044611e+00
5.426926845585763104e+00 -2.238965332379029505e+00 1.407046226912085807e+00 -1.594028616055893188e+00
5.841352308862804321e+00 -4.889318841213829536e+00 2.420921809749844833e+00 -2.159106024113128797e+00
3.862406318192364907e+00 -4.595036562994749829e+00 2.655456786183159501e+00 -2.087961010166111464e+00
-4.758338470714392088e+00 -4.056912456375005860e+00 1.208079190275043402e+00 -1.972001936551573964e+00
-5.934049448639170166e+00 -8.498498316953373433e-04 2.000290721633868785e+00 -2.939668334953181805e+00
2.146195241815073373e+00 -1.148098490839648989e+00 2.765133341207364648e+00 -1.776769513941351075e+00
9.109175723150713111e-01 4.880607876201914053e+00 2.778914406312287699e+00 -2.102636064728284460e+00
3.859197705740850637e+00 9.954701740823068690e-02 2.065352290548173375e+00 -1.250347019160451989e+00
-5.403261097991915562e+00 5.452580986622004744e+00 2.569030976764177687e+00 -2.429753044042753274e+00
-1.898799435150588799e+00 -3.783131968437916548e+00 2.566525664640467053e+00 -2.258101294402806491e+00
1.539328907041141115e+00 5.255992443672418801e+00 2.855426750604229014e+00 -2.016272998955792595e+00
-5.298146472291652920e+00 -2.624436984366676828e+00 2.411988474459805687e+00 -1.519463499294106068e+00
3.064006047670275734e+00 -4.064604710846559499e+00 1.938192727134106841e+00 -2.601605724250086737e+00
3.727043247862411590e+00 -5.469638681685607295e+00 2.401571722612489967e+00 -1.427473030599409665e+00
1.025131934446909199e+00 -3.796421188903451593e-01 2.316772280227481495e+00 -2.482032914519760602e+00
3.740239519757940556e+00 -1.790567479733081946e+00 1.450029097900066510e+00 -2.180094752256132473e+00
6.637805607491147342e-01 -1.318251624135307942e+00 2.596556239126932564e+00 -2.196813784650069046e+00
5.428321116579063244e+00 -9.255363902991451397e-01 1.397211704432328006e+00 -2.394715463755331619e+00
-2.228256310718170319e+00 -4.114171681003597314e+00 2.654087660252185010e+00 -2.344158005100379416e+00
5.161923634840032804e+00 4.651966681193567155e+00 1.100994155614100301e+00 -1.973759676701608790e+00
5.133804115451354733e+00 -4.274656420309812077e+00 2.826475008892804563e+00 -1.826608135118383824e+00
-3.728527177037691764e+00 3.257153617496957310e+00 2.063856605358142637e+00 -2.827088775709069246e+00
2.044797468606533997e+00 -2.907228284580430255e+00 2.206621786102506810e+00 -2.443971580486220763e+00
3.752371606677618487e+00 5.664334632707440420e+00 1.667309676117661343e+00 -1.332722900048522341e+00
1.030620580847751988e+00 4.247156330577585237e+00 2.766468249068727125e+00 -1.769275168781425434e+00
5.789427993618838642e-01 2.116882634204030111e+00 1.532434637777155828e+00 -1.565285218349810492e+00
4.958773580485065224e+00 -2.905051647118321867e-01 1.722213957442156662e+00 -2.233679790913174479e+00
-6.107864670514956629e+00 -1.939005799341147807e+00 2.162732817567365906e+00 -1.645572230379971579e+00
-5.655451628593879398e+00 -2.838494619708112232e+00 2.175299973533061593e+00 -1.227532968176223704e+00
2.142157910608846194e+00 -5.461700108262690812e+00 1.384133776932676252e+00 -1.631657506505397759e+00
-5.282574504255586945e+00 -3.415467485575777840e+00 1.772323280991991101e+00 -1.480329608156885968e+00
-5.953713073555842783e+00 -2.005852989968001765e+00 2.293404357224621215e+00 -1.601207281038149910e+00
6.249543253762825046e+00 2.881706529576220532e+00 2.008643384713669544e+00 -1.034127591988219352e+00
-2.207126424875175630e+00 1.208042179627177859e-01 2.096924508858941660e+00 -1.410083040592159165e+00
1.162538429137960350e+00 2.368727157158810215e+00 1.359191963361669142e+00 -1.715774679057616492e+00
-5.214488228501059197e+00 -6.118108977561757200e+00 1.855954645630426114e+00 -2.474724315331798596e+00
5.372231262075125358e+00 -3.597836885343946189e+00 2.348097075379958376e+00 -1.449708558927190971e+00
3.635191252394340822e+00 -2.356177167550361773e+00 1.664968420627845891e+00 -2.622691171859766079e+00
4.775199326910286146e+00 -2.132802917430239198e+00 1.155481082517985758e+00 -1.966551298002017667e+00
-2.483962150695224746e+00 -3.455634598645129785e-02 1.978881870421696387e+00 -1.209029709107025674e+00
-2.331476298628368138e+00 -5.100686382904185301e+00 2.670441884647472452e+00 -1.738978758298442839e+00
-4.649198079485379331e+00 2.397955330984773425e-01 1.762970014686332076e+00 -1.938658051362891932e+00
5.624065865634937822e+00 3.486775146443049422e+00 1.792776086028402549e+00 -1.256098721551434316e+00
2.653043061866005914e+00 -3.266465936522839897e-01 2.150598351303814937e+00 -1.163676037557861642e+00
-5.406639810045357208e-01 -1.822716229010599598e+00 1.501540962866547702e+00 -1.786289483957399282e+00
5.280470793332948887e+00 2.140681635477813316e+00 2.709719577446746186e+00 -1.709721203744737572e+00
-5.047322544484680762e+00 -3.942278718390408443e-01 2.362752046673490813e+00 -2.303492477462571131e+00
5.143330098241817083e+00 5.494671464598891220e+00 1.355543282571544994e+00 -2.294455198884531200e+00
-5.953808331906060403e+00 -9.354231579910470273e-01 2.260331688181683951e+00 -2.561574930391151916e+00
-6.272284357567103896e-01 3.731737716854141240e+00 1.673399306501598627e+00 -1.327288202963448072e+00
3.210243397278125244e+00 3.128126219769452376e+00 2.000923726780286405e+00 -2.997554005565235435e+00
-5.894268624230179832e+00 -5.327841062568710484e+00 1.690389697852229256e+00 -2.534213098836265221e+00
-6.012696626702101810e+00 9.207665200493027058e-01 1.787289333738439678e+00 -2.583204956831043564e+00
4.580183599376502102e+00 -2.239076376147685288e+00 1.221960688282550667e+00 -2.081680910869662782e+00
5.261959540795805523e+00 5.143566146338311995e+00 1.225299454456146631e+00 -2.218299139213707694e+00
2.872492220899628634e+00 1.654320303327650343e+00 1.735062477616537979e+00 -2.080424399795655965e+00
-3.170081850263202661e+00 3.448339435836388134e+00 2.008601402252987445e+00 -2.952934102997473165e+00
2.768679240015105236e+00 -3.407827916259470236e+00 1.904144296791328461e+00 -2.898459577037251655e+00
-4.889684124121751907e+00 -1.609474086624644862e+00 2.983588174818352812e+00 -1.993180190573049737e+00
-2.344580924929603238e+00 4.074492859920590959e+00 1.425386795833001763e+00 -2.416168155462222966e+00
-3.666936834286338431e+00 2.605217263808084383e+00 1.743716063128738947e+00 -2.743655219958790248e+00
4.419239115096955217e+00 1.863753060782904925e+00 2.916550246729674889e+00 -2.083449734620475446e+00
-1.940741141389239921e+00 6.242387645118716577e+00 1.961972960989403214e+00 -1.638736880158779163e+00
3.975390342033602309e+00 -5.625801434317133420e+00 2.452474356193214966e+00 -1.467994958176265463e+00
-4.568438369261404119e+00 -4.943812809936317443e+00 1.036726466903677091e+00 -1.967096876254912141e+00
-9.036327585148926644e-01 -5.948569439468249342e+00 2.257989439348756289e+00 -2.584441646107693558e+00
-3.019719049038871006e+00 4.397851322957583520e+00 1.884392260204208247e+00 -2.307082072702606457e+00
-5.940283943422215884e+00 3.927082603953198969e+00 2.237765940818433386e+00 -1.334119888830874068e+00
4.937185121523988585e+00 4.975905357561117626e+00 1.058811880075043454e+00 -2.058062345388085301e+00
-1.676898669389313312e+00 -3.306605391339565880e+00 2.163341139788057532e+00 -2.104464812833428677e+00
7.115287237578815649e-02 -5.431098240027643520e+00 1.946491526187358101e+00 -2.656747754121437932e+00
5.586942476981143102e+00 4.471471138015161273e+00 1.377182769672245177e+00 -1.816936984166941382e+00
-6.039812936908752761e+00 3.895433024451275372e+00 2.164935171647255796e+00 -1.292419226809282673e+00
1.400079454735525530e-01 8.944207173651763654e-01 1.891171641134055559e+00 -2.619845479494772977e+00
2.473067971335916937e+00 -6.424074841799587432e-01 2.371354844956636398e+00 -1.371695879588386013e+00
-3.827346018587981735e+00 4.548605913648255950e+00 2.624781706040837381e+00 -2.126192671144895296e+00
-1.550937506012157741e+00 -4.469664502541792928e+00 2.970495355184349151e+00 -1.995227283285431419e+00
4.320826262149545016e+00 -5.549778665653745335e+00 2.618739636914092284e+00 -1.716485254590062182e+00
4.229004053211236069e-01 -4.488791994236082772e+00 1.599809541846790140e+00 -1.797796128909633806e+00
-5.877001672595132398e+00 4.711164402803548867e+00 2.395106069243609248e+00 -1.998875059990527392e+00
-6.767464076242708515e-01 6.174442328795377577e+00 1.932032782066881005e+00 -2.775009492050780846e+00
1.315901334130607836e+00 2.713653692021471997e+00 1.598412124213343555e+00 -1.770593774230301065e+00
-3.787882496352560580e+00 -3.116044215176975829e+00 2.015384327860818559e+00 -2.798063123159172605e+00
-5.449597193109637416e+00 -6.244067982078414403e+00 1.971046945995270416e+00 -2.671709398450811790e+00
5.074827686541855343e+00 2.480210438694065544e+00 2.574306137097136293e+00 -1.720204600173530718e+00
-3.619615322786564615e+00 -5.736117614376242457e+00 1.760702155946234360e+00 -1.241680504915744221e+00
1.174722020951135981e+00 3.803708684794377959e+00 2.567191923947189203e+00 -1.695722563243337033e+00
-4.555627224778586282e+00 -2.643929867659092103e+00 2.471519591773433167e+00 -2.137183184576940675e+00
-4.782043740187789993e+00 -6.706037919977996253e-01 2.619952155267728067e+00 -2.054526666196309304e+00
-2.774859727245319263e+00 5.084743144956682670e+00 1.666003866267048883e+00 -1.660382657643096671e+00
-5.723329889820194083e+00 9.098694772281490373e-01 1.580765773496449977e+00 -2.520133665152811453e+00
-4.454046628472605462e+00 6.201007062846022322e+00 2.079361747238388958e+00 -1.745383905771212163e+00
-6.002572873057289371e+00 -4.455210536930335863e+00 1.732164099455716144e+00 -1.755595945379060385e+00
-6.048856557965983427e+00 -4.622399416707696496e+00 1.768749385586305012e+00 -1.912587903982040372e+00
1.778973448089486098e+00 -6.573594113777208037e-01 2.597836127465212641e+00 -1.836392956783126085e+00
-5.936277929774863793e+00 -1.553665640677276194e+00 2.339941161283782378e+00 -2.016109400464729529e+00
4.132398298063778341e+00 8.105097961504474924e-01 2.606136810309780394e+00 -1.622346126176112513e+00
-4.532987109812370186e+00 3.440663317457774539e+00 2.289903579512251763e+00 -2.170520203659727976e+00
-1.495195482167148704e+00 2.099383084566337487e-01 2.207804294243953969e+00 -2.073870520701992959e+00
1.245456857581262788e+00 -7.561082882193117527e-01 2.650104380399262549e+00 -2.232534871097581863e+00
4.205030210141341485e+00 -3.515640399297036200e+00 2.319358883840324292e+00 -2.452275395639147426e+00
