-3.095352824780222001e+00 -4.925878688010152828e+00 5.858767032255944862e-01 -1.092347892131840803e+00
6.301711604281958756e-01 5.732853195563571091e+00 1.891508452524095496e+00 -1.952194973309774761e+00
7.297380358339733419e-02 2.148804533154265783e+00 1.915205034759111191e+00 -1.145430027584027455e+00
3.260799006606470485e+00 5.730483928980929065e+00 1.893645010445594412e+00 -1.236160528721431007e+00
-3.901143322501069211e+00 -4.731907522690196544e+00 9.609728293632371354e-01 -1.335888403452112350e-03
-5.190971443704663457e+00 2.581275376959590417e+00 1.900376724658494165e+00 -1.817562307063542271e+00
2.971949967356209754e+00 2.064278444279084468e+00 1.834356435316899958e+00 -6.671867113972116403e-01
2.947053336235232024e+00 1.857884907486184289e+00 1.543144086822383132e+00 -6.206639252348606917e-01
-1.499923358280580210e+00 2.682263927521542968e+00 1.794787560713829944e+00 -8.587282441442873893e-01
5.120351759264089253e+00 -4.378272614361860882e+00 1.619599795102942608e+00 -2.716399023836584270e-01
5.576923936654596403e+00 6.164133937022981513e+00 1.235859319334419393e+00 -1.249913875615504821e-02
-2.771467747401985093e+00 4.387199419326464067e+00 3.945118247894153773e-01 -1.674472369171319697e+00
-1.916983039613961992e+00 5.695513530213291986e-01 9.174157464580356969e-02 -1.638365882715056454e+00
-1.136108104165499455e+00 -1.788632652733740613e+00 5.779796861783681461e-01 -2.360732961926059748e-01
-8.133418988104423875e-01 -1.505411805637563383e+00 1.130396657263902149e+00 -1.561298253054177465e-03
-5.219296126288396565e+00 7.914129080454115339e-01 7.235343384026649005e-05 -1.848854351495696990e+00
2.097676242996017848e+00 2.237850903171592520e+00 1.972120110720058550e+00 -1.307121261528361167e-01
-2.929192127701579995e+00 -4.417919568021829058e+00 1.555478936118136701e+00 -1.412139524047182793e+00
-1.122082573649212378e-01 4.885782360793179180e+00 1.339877613248932953e+00 -7.774624538177357103e-01
-8.075810591555905305e-01 4.867417711461401453e+00 1.305113359077479718e+00 -9.840003099731431391e-04
1.202452342470878399e+00 9.220286004388196233e-01 3.710400374951861036e-02 -1.671838386766137496e+00
3.572461909140022485e+00 2.246090150475346547e+00 1.975851888047955196e+00 -1.758975686845370090e+00
-3.408076087544243293e+00 -1.053976003735983547e+00 1.859167576833063329e+00 -4.919090528692207087e-01
-4.830152789048730355e+00 1.763740174604841116e+00 1.376381703577704840e+00 -1.233356068497484692e+00
-4.009114109521413560e+00 4.430587211230802680e+00 4.657641412901751821e-01 -1.345817446894659319e-02
6.081692548919852115e+00 -4.003360514904489520e+00 1.988357998240526836e+00 -6.078335544650436129e-01
-1.017448328965192772e+00 2.508679640531314092e+00 1.953855870650778925e+00 -1.057753641464854732e-01
-2.867728491181014139e+00 -4.188419654423730876e+00 1.866395716289500406e+00 -1.520749223131895311e+00
2.552605355580052304e+00 -2.301603235705413475e+00 5.954491403725836740e-03 -7.616741020710549037e-02
1.903822604292018994e+00 -6.114657438541948764e+00 6.692900667150578631e-01 -3.821129360438493272e-01
5.498686694239715678e+00 6.275193593538594072e+00 1.015982746743122389e+00 -1.618381614942876467e-06
4.906637909707720624e+00 -3.015357983509288076e+00 7.502042231114128823e-01 -6.212013574357249102e-01
-4.294891332628736791e+00 -4.571969197392233397e+00 1.277162420527403697e+00 -2.587066458281170878e-01
-7.371344488302868925e-01 2.159561835503167160e+00 1.923662698466670928e+00 -4.655156051079689661e-03
4.827972747958373390e+00 -4.170397272784448717e+00 1.883828301223870350e+00 -7.708858423675311045e-01
3.333146823815130944e+00 -5.721231989882401336e+00 9.820437860106456807e-02 -1.373805278741957014e+00
-1.832861222995995298e+00 2.320475494875260836e+00 1.997449391752231129e+00 -1.500459803525690194e+00
2.868518385400635751e+00 2.632377666200715893e+00 1.851285274329162567e+00 -4.806001068417589117e-01
4.212237937989897318e+00 5.826137342207280412e+00 1.792010969653061059e+00 -1.841634163519485057e+00
2.484733691030923453e+00 -5.467635892573700751e+00 1.817644992928246772e-03 -3.286306124705151710e-02
5.113697459119087796e+00 1.870809100332502695e+00 1.564663558121804687e+00 -2.808231157481084761e-01
-1.965125634458130044e+00 4.784773339065589326e+00 1.144263570311571110e+00 -1.709408506307996678e+00
2.947054932006301087e+00 1.610810201037256029e+00 1.079942353675317879e+00 -6.206668782397510853e-01
-2.121523763310301014e+00 2.769562430840379008e+00 1.677280856165812128e+00 -1.891866341403241725e+00
5.704579011311896153e+00 -1.701117719475955248e+00 7.422983199279515887e-01 -8.431357370642511562e-02
-4.794755051322626471e+00 9.240041987999507711e-01 3.817783762938620207e-02 -1.163988104930987255e+00
3.210101720182390039e-02 3.393115521798346634e-01 3.722782081756204065e-01 -1.064157937752058469e+00
2.819855941364252772e+00 1.342426219469859738e+00 5.589751854043167878e-01 -4.000221477036867146e-01
4.536639638576904332e+00 4.554946459962703642e+00 6.902928335686369099e-01 -1.344305244338922734e+00
-1.341501175641218069e+00 4.131482582919170810e+00 8.247447736050383948e-02 -5.573154968716877988e-01
4.319149469233897420e+00 -4.989844648872201915e+00 4.731320566117480642e-01 -1.707870650657536071e+00
7.889621511765936290e-01 -2.848098439603131027e+00 4.461439339841737350e-01 -1.999974596089780565e+00
-2.119767843200290436e+00 4.975626362544769421e+00 1.502488608034242556e+00 -1.890272442981157930e+00
-5.857466605136528948e+00 1.703593104834010497e+00 1.262482058499367676e+00 -1.752228291162729601e+00
-3.567724619846648348e+00 -5.494622767963957877e+00 2.002648179366683934e-05 -2.472273641354695295e-01
-5.508731272270548374e+00 -5.759463475472371918e+00 1.338515663359970409e-01 -1.999760461666971523e+00
4.342172397578959675e+00 -1.496364885126810762e-01 1.294825577045988885e+00 -1.674607727543783842e+00
4.624026398174047259e+00 -4.796960038157776829e+00 8.316632309349536456e-01 -1.175806692850960067e+00
-8.398274648947321452e-01 -2.146396813405706538e+00 8.674613563591582199e-02 -5.919248903205609480e-03
-2.851357538180761431e+00 -1.167501205953081822e+00 1.721931945469061365e+00 -1.548417206704818305e+00
-9.296882438887106304e-01 1.454906402377114993e+00 7.702898594809646227e-01 -4.135108437965484551e-02
-1.425387300611547836e+00 5.449247084305531175e+00 1.995291425011776365e+00 -7.132639769933517560e-01
-1.610585146113084676e+00 2.677037799624512715e+00 1.801087376410851926e+00 -1.079493676325797402e+00
1.710710482746868877e+00 4.851300047218076728e-01 1.749673313297954724e-01 -7.238093572865234027e-01
3.896608689425038463e+00 -2.783311660930933407e+00 3.432039390130908751e-01 -1.998154420623019956e+00
9.120818494779543428e-01 -2.113480922890547120e-01 1.410220824307855336e+00 -1.968073828741791376e+00
4.679515156390207764e+00 3.510354575150357093e+00 3.275427176523006967e-01 -1.065700289749889729e+00
-4.740170049461602808e+00 1.717141411935477535e+00 1.288529026471725292e+00 -1.055533554446082878e+00
5.561697816340309686e+00 5.123343268928339356e+00 1.732446569041287132e+00 -8.158031692458544981e-03
5.120321129886763245e+00 -5.798146322874848657e+00 1.750702135504957901e-01 -2.716818779149535734e-01
5.277716664513510736e+00 3.248488173528532030e-01 3.950543300368375421e-01 -9.530838557218790363e-02
2.753272875051607116e+00 2.193180697354570441e+00 1.947322109010665825e+00 -2.991135315860532495e-01
1.405075411791251838e+00 -5.178491867350722977e+00 1.970633236872478822e-01 -1.325406723339108028e+00
-2.662825599530599163e+00 3.739486766239627613e+00 6.949534547336866375e-02 -1.817774840860451047e+00
-1.150528385349881333e+00 -6.271791753229264188e+00 9.772148640911365591e-01 -2.549993050579156817e-01
-2.691003122487864108e+00 2.210714371211921048e+00 1.957968851595684789e+00 -1.784059281791150919e+00
4.937022848235590899e+00 4.567097009895114468e+00 7.134882658130365929e-01 -5.656939477119592441e-01
-3.333643828630383332e+00 3.278492517525926075e+00 7.296084305087181532e-01 -6.252729549867662717e-01
3.317421902960514757e+00 -1.555765661657897425e-01 1.306156600009578783e+00 -1.344455283612889129e+00
-1.679669611911315918e+00 -1.269778193327618432e+00 1.566321905244603574e+00 -1.216029954501160582e+00
2.927948237981683022e+00 -3.811780871555258354e+00 1.973570583496115027e+00 -5.855950862079887242e-01
4.770425957341313250e+00 -1.414764902871985086e+00 1.307022505239237020e+00 -8.841865177684946620e-01
5.718527226771874084e+00 -4.109683497552198972e-01 1.732465715186812361e+00 -9.587978876143465889e-02
-4.707783117177681831e-01 -1.906398172354069942e+00 3.780709838783279375e-01 -1.915248004912240010e-01
2.811505648550985725e+00 1.602105133589042829e+00 1.062576701359130738e+00 -3.867456907001798339e-01
5.796914479574329704e+00 4.806967343342295251e+00 1.188030729202185887e+00 -1.736801560936712674e-01
2.476221398513761329e+00 3.057626082886084617e+00 1.167144924807861806e+00 -2.867481891192058541e-02
2.323884450653634914e+00 3.392374613563598373e+00 5.192025793813592749e-01 -2.087150872496446041e-03
2.225093726515204651e+00 -5.640844071979031149e+00 4.065211161718829125e-02 -3.417833318672003351e-02
5.802563323204426027e+00 8.318080034680113144e-01 4.304654618807801647e-03 -1.800956252329412033e-01
-3.146126704048937128e-01 -2.425195552215456019e+00 9.507190366604745257e-03 -4.114813647023355392e-01
5.135126872344411453e+00 3.320433651935381647e+00 6.498961231250011128e-01 -2.517131798251109887e-01
1.800867991033829441e+00 3.391477092683839345e+00 5.207773026706009611e-01 -5.559234677543865022e-01
-3.363083703811266201e+00 -4.085498135694603405e+00 1.950170281953282236e+00 -5.713643725193351397e-01
5.985041312870100327e+00 -1.553509758884081826e+00 1.034566248678464584e+00 -4.384250648728807986e-01
-2.720552896547303590e-01 4.665628601753075699e+00 9.066155072823043337e-01 -4.823426823529405327e-01
-3.799001394825565203e+00 -6.049816563334013964e+00 5.500248722308667126e-01 -3.258407683491326701e-02
3.325771391813200140e+00 2.050267412767823316e-01 6.013416226221567351e-01 -1.360083575231034292e+00
-1.702074997394681155e+00 -2.538242233193114483e+00 6.555375537034113798e-02 -1.259551097452101809e+00
5.515304404536786720e+00 -1.790515298665318333e+00 5.745691235211995984e-01 -6.136460781691610578e-04
-2.087242074740259135e+00 3.854029656253990410e+00 1.062778345325199325e-02 -1.858783999860889713e+00
5.133481580977839798e+00 6.209201840519305904e+00 1.147427587485591260e+00 -2.539001185046280140e-01
-3.840296620633718128e+00 -5.855235760214943852e+00 2.448393868526980155e-01 -1.499414607626525786e-02
