-2.899871248305450511e+00 3.907344690109246343e+00 -6.930793085543147658e-01 9.709273533453333105e-01
2.401344477820311241e+00 4.334914632104888810e+00 -9.295984885666012110e-01 7.383011940683981145e-01
-1.501406864015653042e-02 -2.833937270362032468e+00 -3.028249427404509642e-01 -9.998872909887182026e-01
-4.374843736904169944e+00 4.738232802605324423e-02 4.736460045710676192e-02 3.311718565358475197e-01
-4.077779568995657300e+00 -1.624854724080897483e+00 -9.985392006358410066e-01 5.928630172807326515e-01
-3.382411242712822563e+00 -1.448459784189576993e+00 -9.925262133516099539e-01 9.711430686482356300e-01
7.497444337467218389e-02 -5.050430261125420373e+00 9.434060642239546768e-01 -9.971907327370094221e-01
2.835848130742885331e+00 -3.024661382397215714e+00 -1.166649879393357320e-01 9.536231130931922539e-01
-2.676011579431882836e+00 3.075626987322380046e+00 6.591783541529885881e-02 8.935608478214860373e-01
-5.509841863047078903e+00 1.076321735562409287e+00 8.802181741595423992e-01 -7.155791720472046702e-01
4.253786533284634075e+00 3.325836395274286872e+00 -1.832031272837878477e-01 4.426953930572863349e-01
-3.260089503039908188e+00 3.708328835689638225e+00 -5.368813679249738735e-01 9.929874596500460893e-01
-7.125665528257840720e-02 4.982621336866349893e+00 -9.637088935715001359e-01 -9.974623185703905826e-01
2.484728876092795247e+00 3.054075122845935297e+00 8.740585275214358962e-02 7.919112140775160791e-01
5.521706957570890140e+00 3.810590577204896690e+00 -6.202002262029505664e-01 -7.238167522923103503e-01
-3.025322976660901553e+00 -1.047545568043881659e-01 -1.045630742418043740e-01 9.932482924148621217e-01
-1.174705375877347358e+00 6.036075597605741194e+00 -2.446024914790599081e-01 -3.858149035629824808e-01
5.372491328342457351e+00 1.992708666816795926e-01 1.979546788524807754e-01 -6.131977028536070851e-01
-5.500558274730885877e+00 -6.109315968072816183e+00 1.729946347533640738e-01 -7.090635491703959348e-01
-4.941537556804466824e+00 -4.927114599348808355e+00 9.770348959186970772e-01 -2.271484384744013874e-01
-3.903083460360656787e-01 -1.556770575693117387e+00 -9.999016407654809369e-01 -9.247917862994918803e-01
-5.321904672976620176e+00 5.961378172662842090e+00 -3.162814421255804032e-01 -5.724704313248671905e-01
3.293844796343197601e+00 -5.284783425969088455e+00 8.406064433570779038e-01 9.884320146183603883e-01
1.556031919169862832e+00 6.202900559962012395e-01 5.812712064185642236e-01 -1.476387122092360366e-02
-5.366882085104287547e+00 9.354799223438128308e-01 8.048839721721907647e-01 -6.087571728351952594e-01
-5.580899325488172913e+00 1.832258664876038168e+00 9.660130063077836393e-01 -7.633675203070626747e-01
-8.694040742623103668e-01 -5.658333047266520310e+00 5.849774547936240632e-01 -6.452819160008650412e-01
-4.658430686341947791e+00 -2.033522751514572846e+00 -8.948387775794329757e-01 5.393211461443401383e-02
1.083885964107559552e+00 2.444475783985563311e+00 6.420098730257137731e-01 -4.678975577238149719e-01
2.589378370297056975e+00 5.658155453225170106e+00 -5.851214831357250956e-01 8.513650554223994860e-01
3.075648404876000441e+00 3.658840200129819920e+00 -4.944896267752604269e-01 9.978264658625833894e-01
-1.713627356111118161e+00 3.782409557663768851e+00 -5.978504773179671439e-01 1.423458822146426161e-01
6.695077233874062728e-01 -3.686111779403884459e+00 5.180068219410685071e-01 -7.841272677724639983e-01
7.208998528820806939e-01 4.810231166794272539e+00 -9.952172705659259044e-01 -7.512120756417333123e-01
-4.457417837680708317e+00 1.274750313660756973e+00 9.564975012352612271e-01 2.522174843831841984e-01
4.516763460899165139e+00 -2.697523046668024449e-01 -2.664927069555867445e-01 1.943801614479721551e-01
6.387812390757190428e-01 -5.997949019702961237e+00 2.813841994747451336e-01 -8.028230004644989481e-01
-6.118781868643245581e+00 6.187236630654721736e+00 -9.580152464845986815e-02 -9.865161664254917806e-01
-4.049325104226618066e+00 1.252794757336572751e+00 9.498621615943272367e-01 6.155344087846323919e-01
-5.470477932417858291e+00 1.787943422539346017e+00 9.765160652638664729e-01 -6.875349915629713760e-01
-5.154839962967185940e+00 2.702992662734040152e+00 4.246723874519397479e-01 -4.281557140380421456e-01
-1.012938144252556683e+00 5.820955064384913058e+00 -4.459454158404018154e-01 -5.293703151439088650e-01
-4.106375667226345172e+00 3.587604047173620359e+00 -4.313705546196295315e-01 5.695952363111286276e-01
1.046928403520002604e+00 -3.832067566563162053e+00 6.369033851633416621e-01 -5.002330706123688797e-01
4.919163568746558468e+00 2.693314351768433923e+00 4.334145920690951059e-01 -2.053042686884705148e-01
2.712852953831500713e+00 2.048099639721783660e+00 8.882369700379796340e-01 9.094904100280416515e-01
5.202166630374909673e+00 2.682956505966755500e+00 4.427256111233643932e-01 -4.704296898192726895e-01
1.899064741637861431e+00 -9.570669059319696359e-01 -8.175058588772188273e-01 3.224043905304179725e-01
2.498320121488548651e+00 7.803124757137567258e-01 7.035015280775269719e-01 8.001371251151080388e-01
-4.311927168066827853e+00 -1.337797658773855147e+00 -9.729783895149146655e-01 3.898436580803195661e-01
-2.783610902039332480e+00 2.006396287182873550e+00 9.066170495515533112e-01 9.366058940142196754e-01
2.112844269476283898e+00 4.073132741328869599e+00 -8.025397066368764598e-01 5.158914504814406943e-01
5.770906421337720360e+00 -1.145510427893720262e+00 -9.109208136638824449e-01 -8.716297421723674388e-01
-3.455066990931168203e+00 -4.681931259328039552e+00 9.995361994702743891e-01 9.512679475931220541e-01
-6.575050296305589015e-01 3.930330640122218000e+00 -7.094644447040140411e-01 -7.915194794879856222e-01
5.478587947394800040e+00 -3.141569480108288737e+00 -2.317348150242776620e-05 -6.934014142359329336e-01
1.502690952749883735e+00 1.000995337244543926e+00 8.420083509064115734e-01 -6.805273691809987646e-02
4.760249239661202836e+00 3.094691487872108127e+00 4.688397270852313198e-02 -4.784198988214526105e-02
6.640644911661128802e-01 -1.953423519394252850e-01 -1.941023871730113148e-01 -7.874937049683018442e-01
-4.115257012717908225e+00 1.668018739118736882e+00 9.952776227664508202e-01 5.622730651481969710e-01
5.921553186757057219e+00 6.999417198748378866e-01 6.441731110452458831e-01 -9.353206234340454284e-01
-1.351237785853086848e+00 -2.430925382021159376e+00 -6.523396591876423622e-01 -2.177987830610312869e-01
4.856706303273634617e+00 2.039419833637188262e+00 8.921908382295324902e-01 -1.438168830595982217e-01
-1.404616187975095798e+00 1.619253880489841535e-01 1.612187057471808349e-01 -1.654163269346075882e-01
-4.551415118534393400e+00 2.339765230695691756e+00 7.186280701862044484e-01 1.602795539018897486e-01
3.821635626373375061e+00 -2.536639386386951855e-01 -2.509523263423374950e-01 7.775456970464410533e-01
-8.102725881102799121e-01 2.169243081972012988e+00 8.262116469660535367e-01 -6.893009752656891198e-01
-3.923034610315149884e+00 3.005091063309873078e+00 1.360780865201924317e-01 7.098987007958627027e-01
-9.348785366146339371e-01 -2.068142399796411013e+00 -8.788518302281033145e-01 -5.939161513213068178e-01
4.279616817048509603e+00 2.390980841825800951e+00 6.820862882796292492e-01 4.193889989248914540e-01
-3.493980276908877691e+00 6.126232258505082129e+00 -1.563094382414202954e-01 9.385513252631826342e-01
4.262425674132183318e+00 -3.294580399446368713e+00 1.523916577810272843e-01 4.349324930398071332e-01
-6.093423394115975888e+00 -2.749702534113287467e+00 -3.819359235891089388e-01 -9.820491721199142710e-01
-3.130457512863422664e-01 -4.030178602010304978e+00 7.761809498594861578e-01 -9.514000213820773544e-01
6.133805753432918451e+00 5.325292568472624666e+00 -8.179811938980557917e-01 -9.888636059440278903e-01
-2.329139109791697138e+00 -2.666516390645400136e+00 -4.574062659303194667e-01 6.877192890830913230e-01
5.846229335463300814e+00 4.430861608551849073e+00 -9.606322196354808440e-01 -9.060440412362505969e-01
-3.385578737436594210e+00 -2.938124304048229440e+00 -2.020673425058643891e-01 9.703827580431242383e-01
-4.694327270194648349e+00 2.740329758850093000e+00 3.905812345414964581e-01 1.806072817469627986e-02
-2.483120351867498243e-01 -2.975843149449028058e+00 -1.649916094282181667e-01 -9.693286503656930453e-01
-2.613403132764454018e+00 3.947932784421482211e+00 -7.217588551688777221e-01 8.637209135319461328e-01
5.061096433192847854e+00 8.232308556935024058e-01 7.333461681606147087e-01 -3.416833377955390549e-01
-1.485030343288891608e+00 5.379967380998817106e+00 -7.853231454756893770e-01 -8.566087587796601677e-02
1.912892205657625411e+00 3.448805029943832423e+00 -3.024027070224462044e-01 3.354622578149676349e-01
-3.185129235888843446e+00 2.928136413153323403e+00 2.118389580238829173e-01 9.990524326859865356e-01
2.700345561846084763e+00 2.581722560808183076e+00 5.310761288843359740e-01 9.042197742155368978e-01
2.377311192222062886e+00 -3.678350647417190089e-01 -3.595961577634796957e-01 7.218797857574887900e-01
-3.652122200311803901e+00 -4.712449593791660618e+00 9.999999981630074419e-01 8.724858726295992017e-01
1.874199377252715237e+00 3.299959354955896984e+00 -1.577055578541611547e-01 2.987695474915601501e-01
4.264489431586651946e+00 -2.958046724802911864e+00 -1.825170802641540579e-01 4.330732307926915547e-01
4.668275238292492801e+00 4.457046132389930193e+00 -9.675767569858638728e-01 4.409943576374604490e-02
-4.669549259931944363e+00 3.451872167421772275e+00 -3.053248149286105773e-01 4.282661811523711531e-02
2.239820310905932033e+00 -2.194323077119202381e-01 -2.176755784897607127e-01 6.202206689802257644e-01
2.399720675405017545e+00 3.609997264607551770e-01 3.532096978976483892e-01 7.372050132978152925e-01
-1.662493342982779509e+00 3.354990390737288664e+00 -2.117817821287197866e-01 9.156856687810062401e-02
-1.930173127089650720e+00 -1.488590814462188661e+00 -9.966230292397597612e-01 3.516909142804304778e-01
-5.711449299839884475e+00 -2.404729706020019897e+00 -6.719679829770349722e-01 -8.409629018082637186e-01
-3.117335756290607662e+00 4.027088136374750604e+00 -7.742286761638270676e-01 9.997058158918883386e-01
-5.568503463890840166e+00 -5.632718319825683828e+00 6.055581008004228272e-01 -7.553017920725079160e-01
2.316003067838112273e+00 2.293594836832985706e+00 7.499574929851212657e-01 6.781237688055380408e-01
-4.359408417157099258e+00 2.526613751629646742e+00 5.769412898382541011e-01 3.456961399655250067e-01
-1.360843974759727182e+00 -1.388340566371910612e+00 -9.834010728283286706e-01 -2.084132984268529942e-01
6.208631941827130518e+00 -5.107238036307953699e+00 9.230546383648472464e-01 -9.972221848536313438e-01
-5.927631514102731813e+00 -4.191168314620352220e+00 8.672120087190109405e-01 -9.374538519094557376e-01
5.362393098998355256e+00 -3.127863426653273660e+00 -1.372879563309373739e-02 -6.051896844925181984e-01
3.073878100577811523e+00 4.665355097819945840e+00 -9.988941108373817768e-01 9.977082455469608036e-01
5.776850889108587239e+00 -2.147220038529449759e+00 -8.384171882066496773e-01 -8.745280940275047543e-01
-2.830191637520425907e+00 -4.807080607048256127e+00 9.955200968436959119e-01 9.519052433318453410e-01
4.956993417652197920e-01 2.731869922272299078e+00 3.983550237833116681e-01 -8.796362852026909929e-01
2.041341716300122400e-01 3.722669771876514488e+00 -5.489245879298245701e-01 -9.792368717389247079e-01
-4.319533778228351828e+00 -9.649456679189389874e-01 -8.220179775925717802e-01 3.828276641962136684e-01
2.214884420879878135e+00 3.697455973307370414e+00 -5.276768395492946739e-01 6.004694848408745900e-01
-9.535877207110825537e-01 -3.957811361026155161e+00 7.285609308777478699e-01 -5.787610444385465902e-01
2.939638285775076909e+00 -3.759396481615286500e+00 5.792463437014598870e-01 9.796764334347409786e-01
-2.641665061057443253e-01 2.128477217682801736e+00 8.484847102798928065e-01 -9.653104654012200081e-01
-2.001967547408876058e+00 -4.248624321768170731e+00 8.943748386934403660e-01 4.179351156863964634e-01
-5.619761177419686504e-01 2.447842092771191247e+00 6.394253035401560314e-01 -8.462037709440193289e-01
-3.752585790370384977e+00 -5.111401669594393127e+00 9.214450219546450604e-01 8.190786779761193293e-01
3.032983638804344295e+00 1.542610592732519770e+00 9.996028084939831970e-01 9.941078363280110297e-01
-3.543895352691781575e+00 -5.405665256572058652e-01 -5.146218230952109840e-01 9.201618396017202661e-01
-7.438054414079671162e-01 -2.630864785163614439e+00 -4.888123606817495470e-01 -7.358972547658513275e-01
-1.066869823086929792e+00 4.315503375995042745e+00 -9.222693279246422238e-01 -4.828676651827877864e-01
-5.981820085198156889e+00 6.825247488442283128e-01 6.307541936813186867e-01 -9.549321482760709801e-01
-1.941286375198211012e+00 1.978022699142892193e+00 9.182228875457622008e-01 3.620722740532471007e-01
6.383452701842253774e-01 5.027126589052533845e+00 -9.508776393389395398e-01 -8.030828564147065585e-01
4.388846976008249356e-01 -5.865064273187670096e-02 -5.861702314440368766e-02 -9.052261517187828455e-01
5.478224646865230696e-01 -5.071428365248760173e-01 -4.856816839576181266e-01 -8.536606698690051287e-01
-4.147027740277341223e+00 -7.111900072898995617e-01 -6.527357654328482806e-01 5.357208803468436198e-01
-1.724257817743482413e+00 -2.301363893020560880e+00 -7.447957896614008089e-01 1.528598524982224538e-01
4.626525872818273655e+00 -1.509241904833966252e+00 -9.981061246645820395e-01 8.575764254034143330e-02
7.289008087461645857e-01 -4.090232341758220258e+00 8.126234820530398029e-01 -7.459069692997178924e-01
1.218978692283793741e+00 2.060776654002909325e-01 2.046221416407004723e-01 -3.446046763450292816e-01
4.441096400189612936e+00 -2.995527890511953562e+00 -1.455459369583236295e-01 2.679769646926212223e-01
2.406177366879166613e+00 -6.266565851572702073e+00 1.661869055104701204e-02 7.415522035070826190e-01
6.629673121358283794e-01 2.516440052281119222e-01 2.489965212880185519e-01 -7.881694471765749999e-01
4.127197256505887424e+00 5.354752095530560752e+00 -8.006822780293137987e-01 5.523592146952740478e-01
-3.139218333500331859e+00 5.482111645320401294e+00 -7.181037047106714200e-01 9.999971813033805557e-01
-1.739628493442268109e+00 6.024121344070721307e+00 -2.561758627310007363e-01 1.680312351976157303e-01
-2.339617999288630124e+00 6.103444672019902484e+00 -1.787743929447387636e-01 6.952888216576506020e-01
-5.760227732347197538e+00 -1.430345506873980987e+00 -9.901529867738045887e-01 -8.663458261172721775e-01
-5.195966224231653996e+00 6.172311411560166050e+00 -1.106468726880285858e-01 -4.649492112884585637e-01
-2.199486599176996293e-01 -5.278725082760528764e+00 8.438724764255444155e-01 -9.759086519712727448e-01
-5.125425579322497427e+00 1.739919917635408098e+00 9.857326613405622551e-01 -4.013924140473288382e-01
-4.216332482430724227e+00 -4.716237308478187451e+00 9.999925951945809466e-01 4.759610711272236339e-01
-2.786176713672539051e-02 1.929512762368002399e+00 9.363482192656026326e-01 -9.996118860740114132e-01
-6.229571714233295587e+00 -5.721838779199989844e+00 5.323265687322041861e-01 -9.985631355541736420e-01
3.050326541343720166e+00 -3.942156023988190761e+00 7.177484809757104234e-01 9.958381384345613707e-01
5.999112784991918801e+00 -2.635770751345172691e+00 -4.845265846963507372e-01 -9.599220071601743953e-01
-1.990785113512615112e+00 -4.745355520016171447e+00 9.994566528438488806e-01 4.077502143098991061e-01
4.290405467758724001e+00 -2.594227377465021966e+00 -5.204392506307122801e-01 4.095707731834526966e-01
-2.878750243202121695e-01 -4.322135774435599487e+00 9.248127642403932702e-01 -9.588493530946593513e-01
1.511087300523220378e+00 4.383456269237894887e+00 -9.463876521539267284e-01 -5.967355381237580275e-02
-4.927888449229151036e+00 4.880991027578911456e+00 -9.858203127218700956e-01 -2.138353709393760183e-01
-4.766737690479049050e+00 6.054250876733686226e+00 -2.269398850379450439e-01 -5.432195833605794888e-02
2.178501493403430800e+00 -1.773887117131850211e+00 -9.794478522941453269e-01 5.709849976768962554e-01
-2.449042541051787314e+00 4.114847206137694613e+00 -8.267211384828340170e-01 7.696202675735799303e-01
4.631394117965745849e+00 1.051926807213696691e+00 8.683803382940171733e-01 8.090633481449609199e-02
5.275621426725274787e+00 2.848802811475735552e+00 2.886244579427260648e-01 -5.339221247320193875e-01
3.519236614716891864e-01 1.069153235202971786e+00 8.767936375469030930e-01 -9.387113558919080170e-01
-5.082257291372577868e+00 5.145352384678130164e+00 -9.077264035983723112e-01 -3.614926515626423198e-01
-2.622825165795324320e+00 2.372669655025827495e-01 2.350470417814170265e-01 8.684309312111315737e-01
1.499510737917624681e+00 -3.638672316517453265e+00 4.768606610000711843e-01 -7.122522965609391632e-02
-1.608742842710732646e+00 -5.896112399121649084e+00 3.774794964320963842e-01 3.793740979932348073e-02
3.629574271861560675e+00 -1.008082686729510513e+00 -8.458105451090141003e-01 8.832809634068994331e-01
-7.612514722256902289e-01 -1.081912041174213357e+00 -8.828573933997843071e-01 -7.239732772989709852e-01
-3.869533645946526601e+00 2.883972249443539582e+00 2.547802086213996065e-01 7.465459114626711301e-01
5.338299587612301167e+00 5.644009834146235249e+00 -5.965338888550457686e-01 -5.858354991334243644e-01
-5.187028730623382877e+00 2.211191767552042720e+00 8.018595397597342300e-01 -4.570180500185217487e-01
-5.701410062332593398e+00 1.776495186486771516e+00 9.789184805593724725e-01 -8.354884557030941572e-01
-2.223136145762094174e+00 5.683477213476495038e+00 -5.644015286790109442e-01 6.070474393855054274e-01
-6.057273990641066419e+00 -1.443557365807865978e-01 -1.438548973087570015e-01 -9.745903817972575434e-01
4.776788993978442477e+00 -4.323655523838721315e+00 9.253898430388882712e-01 -6.435550779831442081e-02
-2.281250078398535663e-01 -2.797069823222779750e+00 -3.377475861343540720e-01 -9.740921393160865138e-01
-1.075444333478577263e+00 -2.035574667755038369e+00 -8.939209406155789184e-01 -4.753413649409441444e-01
-3.707836217463311268e+00 -5.307715574443066409e+00 8.279653958472745767e-01 8.439221237714581436e-01
5.076970451061814771e+00 2.369281789629374302e+00 6.977923723316642457e-01 -3.565583050402520993e-01
-5.317283881354581965e-01 -6.911404257572186793e-01 -6.374163169211447544e-01 -8.619320243782960800e-01
-9.880138161065046276e-01 4.333068338516563145e+00 -9.289164090921887551e-01 -5.503492785528499853e-01
-4.056256286200309091e+00 2.737711404094971712e+00 3.929902677366880481e-01 6.100571331389993412e-01
-1.318705007663416140e+00 4.460737443067854358e+00 -9.685025036347539862e-01 -2.494297218370049585e-01
-4.307190652783663865e+00 -5.215650217351743834e+00 8.760143775388236076e-01 3.942010359939777109e-01
5.377606742820889352e+00 3.339948313805667368e-01 3.278197123384009593e-01 -6.172304790123284146e-01
4.169032818117488048e+00 -5.819168271378255319e+00 4.475439903509187967e-01 5.170117001954928071e-01
-5.025237013061635061e+00 -5.111901582454139614e+00 9.212506862874072500e-01 -3.077696726944366135e-01
-2.238836523916390320e+00 -3.260718510355858246e+00 1.188443047101951783e-01 6.194486595132780993e-01
2.282200920427143842e+00 1.467701089866882747e+00 9.946903913828401000e-01 6.528983179373769596e-01
-5.636429356016788184e+00 -4.798316949938360665e+00 9.963104630395394068e-01 -7.980428604306704088e-01
5.062162703998499325e+00 2.630644256534951708e+00 4.890047355323084433e-01 -3.426852408161603081e-01
-3.815394198904078937e+00 -3.952941128237240864e+00 7.252162867286932046e-01 7.814553014083487348e-01
5.852865745623342164e+00 3.681254810284091405e+00 -5.138461911811321725e-01 -9.088324873831716832e-01
-5.255372517627019846e+00 -2.382068625989961497e+00 -6.885763651503364891e-01 -5.166927053628900257e-01
2.255686192161077130e+00 6.010159248293517109e+00 -2.696466384896764601e-01 6.325877173213373394e-01
-1.407794697016307772e+00 3.295384916544367826e+00 -1.531867288625931023e-01 -1.622807752659339020e-01
4.556629913143087407e+00 5.926622519623846230e+00 -3.490552824429785650e-01 1.551300219308617001e-01
-2.614669829431888193e+00 4.779409862652276075e+00 -9.977549412214755664e-01 8.643585980830008619e-01
-1.731944794609210803e+00 -2.987625622817831950e+00 -1.533594316006663683e-01 1.604519000567543041e-01
-3.311897534129918608e+00 -5.841283974406437984e+00 4.276589281189064340e-01 9.855331406982884568e-01
4.353054796375008806e-01 -1.353120387501093091e+00 -9.764019922301211407e-01 -9.067412676911278391e-01
-5.601262241018645227e-01 -6.715368026215013941e-01 -6.221898324428186688e-01 -8.471880557633826303e-01
-2.790016936491930277e+00 -4.785493833028171551e-01 -4.604920004891550067e-01 9.388312369562664683e-01
-4.462358983217221464e+00 2.068050014633461942e+00 8.788959029595651007e-01 2.474330237713840697e-01
4.024897991726373192e+00 1.559629218880477453e+00 9.999376484983762969e-01 6.346001157097383993e-01
4.344833588907688338e+00 2.238385392411121444e+00 7.853165428768342782e-01 3.593351783333573746e-01
-5.124352196749851984e+00 -4.484533932430690761e+00 9.741531556552541771e-01 -4.004090652725409982e-01
9.147547472257171464e-01 3.706949004737200681e+00 -5.357167521264680765e-01 -6.099849352646021794e-01
4.693628664164466002e+00 -2.684865520114724902e+00 -4.410130742699699957e-01 1.875921579238028561e-02
-8.554516723163816394e-01 3.228813979200385376e+00 -8.711077742963667381e-02 -6.558776240199505336e-01
-2.961572776582999111e+00 -2.465123590532347198e+00 -6.260435497459830856e-01 9.838401340217182156e-01
4.061645326269394118e-01 -9.758354246874265669e-01 -8.281704129176573614e-01 -9.186429263534430234e-01
4.530602769136185870e+00 -3.154890729912546821e+00 1.329768439016740418e-02 1.807866395607823640e-01
9.672950633647978691e-01 6.264921438524867270e+00 -1.826285329522985695e-02 -5.675287239680637530e-01
4.364912540764152027e-01 3.947401442761542256e+00 -7.213909880376471184e-01 -9.062406041872056450e-01
-5.902281517028816538e+00 -4.434509525094558313e+00 9.616393015872527483e-01 -9.283290220715515462e-01
-1.101030622934395353e+00 5.508027169991333238e+00 -6.998290431306577464e-01 -4.526773819424317891e-01
1.370079265431455084e+00 -1.646779201095044165e+00 -9.971146899774226968e-01 -1.993720475358090605e-01
2.427042661206940011e+00 -2.568742375546880119e+00 -5.420295053418089370e-01 7.553881975772652746e-01
-2.579957586088634347e+00 -4.522022229140968186e+00 9.819349048412393532e-01 8.463854535660955136e-01
4.395160835207816419e-01 4.346330778245150128e+00 -9.337455137160456387e-01 -9.049576764030334841e-01
-6.809693778188492530e-01 -1.838401682357798883e+00 -9.644068594215153833e-01 -7.769628154963303945e-01
4.970883347475837155e+00 -5.908119705318997106e-01 -5.570355387805033809e-01 -2.556252324962203226e-01
5.610761081553663487e-01 5.200253188420619566e+00 -8.833360044087253948e-01 -8.466830067597639342e-01
2.519705327034651887e+00 -5.456367047526704539e+00 7.357803600873358274e-01 8.127804047078759364e-01
-7.997604673420530830e-01 -2.016058992541953643e+00 -9.024975677196848123e-01 -6.968785195695846868e-01
-4.146480773422716481e+00 3.281385366195028297e+00 -1.393378523536482061e-01 5.361826563364956444e-01
3.654981458996802601e+00 -1.522111772944310104e+00 -9.988151411638858113e-01 8.710851618232590132e-01
1.761511319420616672e+00 -5.037881137175568291e+00 9.474934616646382146e-01 1.895609724295160281e-01
-2.821043697482722656e+00 -5.301258043748134696e+00 8.315693566361471722e-01 9.490625918292080465e-01
-4.112447834117089585e+00 -3.869996470700589164e+00 6.656793513532893725e-01 5.645938983357500218e-01
7.033350759792611484e-02 -2.782124412172179095e+00 -3.517765123245293890e-01 -9.975276183052437240e-01
9.155946968940327224e-01 -1.245519117176926649e+00 -9.475621745382161176e-01 -6.093191331208870354e-01
-4.596550043560584164e+00 9.438138931220141359e-02 9.424132921803841934e-02 1.155800433811225852e-01
-2.575188024804315745e-01 3.566566483393838638e+00 -4.122969395400689074e-01 -9.670248703960496739e-01
2.609867061379976150e+00 4.711808346798090241e+00 -9.999998314323237381e-01 8.619334419759124843e-01
1.316055836037115512e-01 5.931607396592522008e+00 -3.443796261154654648e-01 -9.913524772775552663e-01
2.889935273864370657e+00 -4.116066674146368953e+00 8.274066108267223996e-01 9.685010488361910364e-01
2.486944390009606209e+00 5.034007718057161185e+00 -9.487249739166073725e-01 7.932621425312329499e-01
1.298109392601603851e+00 4.812074014473189720e+00 -9.950355600466180839e-01 -2.693200597001962349e-01
3.154502178087390973e+00 -2.576878522022563622e+00 -5.351743529176392622e-01 9.999166732458732998e-01
-1.684640295086346384e+00 5.552493862616707077e+00 -6.673847223378326365e-01 1.135982161054131107e-01
-5.358002993780151435e+00 2.313670143392579703e+00 7.365277321667984545e-01 -6.016889831147790302e-01
7.106966650798796081e-03 -2.068000886033110497e+00 -8.789193369102966669e-01 -9.999747456188102790e-01
-1.079112952642758749e+00 -1.814793184420581795e+00 -9.703801553374344913e-01 -4.721105169798782697e-01
4.203918233586001918e+00 1.006338608395275891e+00 8.448788223708972867e-01 4.868420292415758799e-01
4.376915857126560283e+00 5.186197480177401786e+00 -8.898370090966039037e-01 3.292159555431695694e-01
1.553678636133007274e+00 2.341985936965910398e+00 7.170820322623874254e-01 -1.711685471649673079e-02
-2.062702839073722316e-01 1.674074051488559256e+00 9.946715945104791512e-01 -9.788016065850756453e-01
4.233762799551675116e+00 -4.655305532699518523e-01 -4.488969582652307944e-01 4.605601695227528602e-01
-2.885339263187229886e+00 -2.586022054667163506e+00 -5.274281666706241989e-01 9.673463737037116816e-01
4.134349484637265704e+00 4.082762654558683479e+00 -8.082476000744105438e-01 5.463829960743586955e-01
4.828520228440256190e+00 1.179236835650172566e-01 1.176505658376853503e-01 -1.158703906502098757e-01
-3.814358931088430715e+00 -3.791922312297142383e+00 6.054488088029827964e-01 7.821008494949105438e-01
-1.915514606396204300e+00 4.021267975266754391e+00 -7.705319691134735471e-01 3.379315436788669080e-01
-1.971740651717511561e+00 7.701820370498646540e-01 6.962659134329109989e-01 3.902879493994600990e-01
-1.992063408110733569e+00 1.944106192588787252e+00 9.311253423256077300e-01 4.089170833573026465e-01
5.526432630286688408e-01 -1.989293278485393834e+00 -9.137007923370226159e-01 -8.511399456163089017e-01
5.932563004482723557e+00 3.021947177510291738e+00 1.193602253632581878e-01 -9.391591447397874548e-01
-4.832001772008123197e-01 -4.194993392869546867e+00 8.691103158575440579e-01 -8.855126081991478992e-01
-5.241797371779954418e+00 -5.023192903579803748e+00 9.520880184554162406e-01 -5.050228086789603221e-01
2.842110837612677798e+00 5.311336168134934255e+00 -8.259296199060010002e-01 9.554894947073506728e-01
9.226390152565722147e-01 7.082565886412153233e-01 6.505106443639980807e-01 -6.037184446809273908e-01
-6.003811181245569450e+00 -2.535867214895528576e-01 -2.508775794365725731e-01 -9.612282139013854643e-01
-1.588387685553555251e+00 -4.485031664387280514e+00 9.742654669251611388e-01 1.759045148106199233e-02
2.014714758900590041e+00 4.912329130656903686e+00 -9.800784663913078010e-01 4.294813940020433263e-01
3.457068465452639572e-02 -6.045375021670211346e+00 2.355751054141049239e-01 -9.994024933930988341e-01
4.575662713792089775e+00 -7.725290753892233298e-01 -6.979486605812904587e-01 1.363006694831248866e-01
2.848667431702805786e+00 -1.154320812969178434e+00 -9.145204122253527412e-01 9.574033031914797043e-01
4.874829175839208162e-01 9.807746703868440719e-01 8.309286301239721118e-01 -8.835146664085193891e-01
4.740186281572373872e+00 1.875726756613110169e+00 9.538678417101842388e-01 -2.779372154342505535e-02
3.099760349257032033e+00 3.246048655642574943e-01 3.189343115046467392e-01 9.991251567453256488e-01
3.388176878769764144e-01 -5.619799968457589223e+00 6.157877248413992088e-01 -9.431482923480328795e-01
-5.907749768726764827e+00 3.148798447740325912e+00 -7.205731792389292144e-03 -9.303480078909927009e-01
-3.514357305135169973e+00 -6.014879505518505809e+00 2.650982356176264654e-01 9.313240431910959627e-01
1.679691012931931127e+00 -1.926905425119858073e+00 -9.372604003075405421e-01 1.086796005475310634e-01
1.492087907216578024e+00 8.648311255307712386e-01 7.609857140239493223e-01 -7.862717810292592369e-02
8.427831286716704895e-01 -4.258415962540825106e+00 8.987118743593244252e-01 -6.653878058825576369e-01
3.100704487193143066e+00 -3.197749773049728628e+00 5.612760772524699043e-02 9.991641953785440622e-01
-5.226596307262273200e+00 -3.156597942722055183e+00 1.500472604336398376e-02 -4.918448367213812955e-01
6.115697566357010118e-01 -1.494555778400933121e+00 -9.970950968911204138e-01 -8.187477458560832311e-01
6.269845366619982485e+00 -5.447939973207551745e-01 -5.182419209926856229e-01 -9.999110243124099684e-01
1.927818257394084966e+00 5.775988652208619456e+00 -4.857287278817299936e-01 3.494855095611703044e-01
4.059505885936033565e+00 5.034312249444884202e+00 -9.486286667287920915e-01 6.074790721129718074e-01
-2.720304051174704973e+00 -3.482502796934383582e-01 -3.412536438887139312e-01 9.125627412628880553e-01
5.353393795263295729e+00 -1.977445091195178861e+00 -9.184515041002203617e-01 -5.980010974983166472e-01
6.230234461135406576e+00 5.271084500189404665e+00 -8.479473118184936986e-01 -9.985984314730798062e-01
-5.441622706209555460e+00 -1.179951005966178634e+00 -9.245873482545801103e-01 -6.662984313741401321e-01
-5.421761628717317372e+00 -2.282698918689527012e+00 -7.571203305093762159e-01 -6.513578831942280489e-01
-3.782778817358023016e+00 -6.978411660332790589e-01 -6.425650200188331995e-01 8.013868221872305631e-01
-4.980240681293208738e-01 1.965836462603457235e+00 9.229811190319030523e-01 -8.785281603000795192e-01
2.847927475726814706e+00 -5.334100678083474989e+00 8.128827083063676628e-01 9.571893758027801846e-01
-4.530589736183935123e+00 -1.601025256194803958e+00 -9.995431407046423411e-01 1.807994577451073615e-01
3.839608444856354552e+00 8.446159000673025830e-01 7.477161178652160789e-01 7.661189431833812513e-01
-2.627568544526135419e+00 3.539334594692169489e-01 3.465901297479898613e-01 8.707729680994654720e-01
1.763697632606753274e-01 7.876105640654325057e-01 7.086694528823774819e-01 -9.844871282521256983e-01
2.156015318169703932e+00 4.541747778400193170e+00 -9.854760842523844211e-01 5.523819448436759760e-01
1.667001622557762630e+00 4.509982917990319251e+00 -9.795857306286064325e-01 9.605696039776050188e-02
3.608546085108891077e+00 -5.533842402693431417e+00 6.811578234275487143e-01 8.929438975656466271e-01
4.611276089626962005e+00 9.339388072885856928e-02 9.325816986721656432e-02 1.009406855345638121e-01
-5.666725251938867558e+00 7.651605573528952320e-01 6.926528128782998284e-01 -8.159301853031185603e-01
-1.322587002997065220e+00 6.175590772887749935e+00 -1.073870582308441568e-01 -2.456685551132818390e-01
-1.669921262724463062e-01 -4.104414104560252241e+00 8.208064640552366065e-01 -9.860891868458363518e-01
5.636364642485240495e+00 -2.187282800687551543e+00 -8.159149110631092050e-01 -7.980038623408249876e-01
-1.010552883307217265e+00 -6.226405818024081995e+00 5.674898540882748754e-02 -5.313924409177216424e-01
3.571996696999473642e+00 5.229868675708969405e+00 -8.690687115222496262e-01 9.087972415842404672e-01
1.648860033933337021e+00 5.901373368871819736e+00 -3.726025426323911760e-01 7.798444533769405274e-02
2.109185617132114388e-01 1.938777693928161128e+00 9.330554143466091022e-01 -9.778390188588254039e-01
1.214712816629887726e+00 -3.204719469758330774e+00 6.308489784800391798e-02 -3.486061105042885799e-01
5.599666716977216296e+00 -6.160350753960591952e+00 1.225258915099971119e-01 -7.753554449869046739e-01
-1.039654862557470416e+00 3.044893530866580988e+00 9.654849209016382050e-02 -5.065178750658452245e-01
3.580759307578391670e-01 5.504007942970467582e+00 -7.026943583807783167e-01 -9.365728909124280133e-01
-2.967087599800853681e+00 -5.724264549951194603e+00 5.302714947906178589e-01 9.848125924493416061e-01
2.538659816739802011e+00 1.438671871505361466e+00 9.912842543695564723e-01 8.236760634578608187e-01
-4.297275832658947969e+00 6.170998177742671231e+00 -1.119519471807777083e-01 4.032934711349580037e-01
-1.832623070313252889e+00 5.965566273239836903e+00 -3.123055737994929748e-01 2.588454686013543227e-01
1.025092741718403033e-01 -4.213659192642730034e+00 8.781908259596191701e-01 -9.947505236282719876e-01
7.646965914810177622e-02 -2.476254258839853506e+00 -6.173253859017003853e-01 -9.970776201092123037e-01
2.412460563816679837e+00 4.471673614165792898e+00 -9.711676818969198210e-01 7.457529045903685816e-01
4.676945637617189178e+00 -6.103814828065239340e-01 -5.731801000346551378e-01 3.543592239862474597e-02
5.681271775142629821e+00 -6.061356008884939861e+00 2.200144644907192637e-01 -8.242536430807939629e-01
-1.497394794015463049e+00 5.134615503065084852e+00 -9.121787898914270887e-01 -7.333563858673571023e-02
2.092058563652141601e+00 -1.380989272146041280e+00 -9.820406562838703834e-01 4.979751350818080180e-01
3.756896435798205758e+00 1.780379994750942885e+00 9.781176184956189568e-01 8.165981394820472916e-01
-4.456414591783923740e-01 4.131932383347290738e+00 -8.362123366246959622e-01 -9.023343585582941362e-01
5.092708946478856191e+00 3.512068283618818398e+00 -3.620588339276636369e-01 -3.712175916170447065e-01
-1.035947586545409749e+00 -4.987520698489653626e+00 9.623894216315221906e-01 -5.097109095784965183e-01
5.735913725957333398e+00 4.415371235560762386e+00 -9.562135561805473749e-01 -8.539474567314401243e-01
-5.352798919654728316e+00 -6.050215053059683434e+00 2.308685502491113484e-01 -5.975242017232631486e-01
-4.857604905336645018e+00 1.381082039887183477e+00 9.820581544939553931e-01 -1.447060853556734750e-01
-1.511467349209311806e+00 5.325673688381547421e+00 -8.177618971889378807e-01 -5.929417809330462391e-02
4.410436901590324865e+00 -2.636420584866355110e+00 -4.839580233156176026e-01 2.973845345226605597e-01
-4.351228867945724943e+00 1.088407511827336194e-01 1.086259849010730028e-01 3.533597415222561322e-01
2.121047260060908712e+00 2.505476718971381800e+00 5.940755522008165368e-01 5.229011392349348641e-01
2.758198959407812012e+00 9.423870205367874675e-01 8.089636345180210020e-01 9.274004995692087805e-01
-1.370261986813201993e+00 -3.729524449024098409e+00 5.546412789232220142e-01 -1.991929911654487795e-01
-2.160589584686844589e+00 -2.673478889081579712e+00 -4.512037729694727828e-01 5.561892205962696289e-01
3.522539219526654719e+00 5.960180121374877515e+00 -3.174177646795930952e-01 9.283131189115864101e-01
-2.649562416668107545e-01 -4.109615284831448889e+00 8.237662957890934390e-01 -9.651039606703720741e-01
-2.188971810125273088e+00 1.256790593054552652e+00 9.511039489651673673e-01 5.795492594575365475e-01
1.141815838718714282e+00 -4.411345086746228716e+00 9.550274769961715204e-01 -4.159438845209233460e-01
-1.105447334958453709e-01 -2.569507449651208031e+00 -5.413864095110659802e-01 -9.938961505715016020e-01
2.014980484804857142e+00 -3.543573371496233637e+00 3.912419392282675545e-01 4.297213494451339044e-01
3.614316890395379289e+00 -3.592185980111466836e+00 4.354997166652340157e-01 8.903312118641169004e-01
-5.788554768059130495e+00 3.350401934651861424e+00 -2.072951924108290267e-01 -8.801441553854472133e-01
-6.030398138588308754e-01 -1.861517950996565141e+00 -9.580372759857895826e-01 -8.236153962963133068e-01
-2.433307616616286140e+00 3.121273390871113662e+00 2.031786453695584582e-02 7.594786310511741911e-01
-5.371342590735191713e+00 2.347397376796562796e+00 7.132998384515946144e-01 -6.122898767696784983e-01
-2.616409163670769367e+00 -6.191549791616019149e+00 9.150732445869728948e-02 8.652319595227146998e-01
-2.632844445728279137e+00 -6.052515645160207569e+00 2.286294997727943146e-01 8.733549201379330329e-01
1.360636997797950443e-01 2.576791970943704158e+00 5.352474642119771087e-01 -9.907576069661835350e-01
4.599490428868078240e+00 -2.560489458449887401e+00 -5.489463846514360812e-01 1.126588686017270247e-01
-5.702358167016177148e-01 2.596662833532283443e+00 5.183580764438148192e-01 -8.417736975047753756e-01
-5.535193320093378944e-01 2.106697079508572656e+00 8.598090396452507944e-01 -8.506797364110285642e-01
3.577593529237956815e+00 5.765145887950922088e+00 -4.951777543643273716e-01 9.064478087317155985e-01
-7.957561019424277404e-01 5.329253936274460202e+00 -8.156960249369589189e-01 -6.997448122612074384e-01
-5.282742227651905154e+00 -1.077419977596608902e+00 -8.807388351137981353e-01 -5.399294142779029748e-01
5.981534889533355326e+00 -8.157831241095481190e-01 -7.282624954685497087e-01 -9.548474564732128966e-01
-5.402043801114289501e+00 -3.668875743603217998e+00 5.031873091211532811e-01 -6.362709261692010010e-01
2.899163791549074887e+00 -4.448228280227957576e+00 9.653119813459812848e-01 9.707577633933448524e-01
1.322115638676174321e+00 -2.272747160042244197e+00 -7.635839714000960399e-01 -2.461254466418377196e-01
4.930958221769165206e+00 -1.813934608027174988e+00 -9.705872151279344440e-01 -2.168331265081066273e-01
8.272986472004291159e-01 2.247908890394224812e+00 7.793850746721321388e-01 -6.768667082357936460e-01
-3.229831449942986765e+00 -3.508274454143337717e+00 3.585197987878787629e-01 9.961094827170178245e-01
3.518624265624129777e+00 1.654104297068000662e+00 9.965318975229519038e-01 9.297615784362657232e-01
-1.598297833374782151e+00 2.322088895756975191e+00 7.308071927857615613e-01 2.749803999544265382e-02
-3.647936510156201795e+00 1.915852271641748317e+00 9.410565307725072826e-01 8.745235165555815815e-01
-2.610578346007940365e+00 -3.177477129671280931e+00 3.587677519685637806e-02 8.622938604653302974e-01
2.615662681590997352e+00 -4.304666000484053789e+00 9.180260859314840483e-01 8.648574534435706784e-01
-4.999728837398230041e+00 -2.660555485125100539e+00 -4.626988901666339582e-01 -2.834021506364742260e-01
-7.482806524567537920e-01 -2.831768771422430220e+00 -3.048909087889580816e-01 -7.328597607308813267e-01
-3.560841178500543602e+00 -3.058544553322888326e+00 -8.295266957132620134e-02 9.133951042889120187e-01
8.822627450497124713e-01 -1.918599889881235754e+00 -9.401235997202385120e-01 -6.354055289928728367e-01
-3.678894493308657143e+00 -4.285100856674884717e+00 9.100929079453047299e-01 8.590927789051726604e-01
5.039297461077257623e+00 -2.103666506561771676e+00 -8.613525470690180930e-01 -3.211167763649797613e-01
-2.627974351381278328e+00 -2.133398784232332979e+00 -8.458698539657977244e-01 8.709724256617681348e-01
2.603508213857644193e+00 5.834587391946843837e-02 5.831277565096533444e-02 8.586919656141455137e-01
-3.861055476018401045e+00 -2.287374458040041247e-01 -2.267480355662939706e-01 7.521598273101314236e-01
1.189818427230397546e+00 5.083419294504748720e+00 -9.319542733316765748e-01 -3.718284326576371535e-01
1.402329495756386102e+00 2.647537531733075156e+00 4.741999761411196945e-01 -1.676710828448677026e-01
1.612446542071919175e+00 -1.933392376535048029e-01 -1.921369814649443175e-01 4.163817426939307037e-02
-3.476826063196933436e+00 1.867058517864769840e+00 9.564344110227438467e-01 9.443335460248019064e-01
5.926333131874722326e+00 -4.584310606587244763e+00 9.918091711830875346e-01 -9.370010825740516802e-01
-3.701922788850079638e+00 6.010012692696664161e+00 -2.697877626741708168e-01 8.470797015520242779e-01
-3.648632284712589158e+00 -3.484440184397703089e+00 3.361702594395885590e-01 8.741858659937675746e-01
1.537025912920937820e+00 4.070439238426178719e+00 -8.009298570320610988e-01 -3.376399538003004019e-02
5.926605707818536573e+00 3.868659946819061446e+00 -6.646813923274315083e-01 -9.370962657522025063e-01
2.961810446467346480e+00 1.534862084853500619e+00 9.993544345991229871e-01 9.838826608200850199e-01
-1.180396595953210337e-01 1.092993351056079199e+00 8.880073212911190339e-01 -9.930414047317707160e-01
-1.248986503366920076e-01 5.122588789670471598e+00 -9.170411586645530466e-01 -9.922102978757537661e-01
3.083358145405783901e+00 -2.170178231362435817e+00 -8.256844601648203330e-01 9.983048501670526154e-01
-6.199063278023996482e+00 1.993258375635283741e+00 9.120822477488073066e-01 -9.964638281580744383e-01
-4.311135788783460043e-01 -4.922262648296101162e+00 9.780572420940255585e-01 -9.085009676652143762e-01
2.957170954586926470e+00 3.951820240236212811e+00 -7.244440762473810524e-01 9.830424627253758763e-01
3.455347470824809974e+00 -2.151171524639673649e+00 -8.362569736441862744e-01 9.511814198492978267e-01
5.035481268790782394e+00 -2.217131395056418874e+00 -7.982964140667446751e-01 -3.175003616356133485e-01
5.196644278029561193e+00 -3.358135593569331778e+00 2.148545896861638882e-01 -4.655494107161606832e-01
-2.820490933160026970e+00 1.937108448945737749e+00 9.336545960992944648e-01 9.488882776610214620e-01
1.890947969198228051e+00 1.927722068014579904e+00 9.369753815184391765e-01 3.147105013388966088e-01
-4.099169645061258471e+00 1.551754476696866725e+00 9.998187094503975247e-01 5.755032087281444220e-01
-5.557710035077812805e+00 -3.286353736570691630e+00 1.442560157874501481e-01 -7.481841676655757167e-01
2.449982782228822487e+00 3.165256305795749014e+00 -2.366144378473744245e-02 7.702202730464332570e-01
5.426929652468103882e+00 2.954938540020034310e+00 1.855721693297522901e-01 -6.552705121422425227e-01
3.026150073304625820e+00 -4.923826923388731736e+00 9.777301502454931459e-01 9.933439024020556118e-01
4.240677997350960737e+00 -1.049418921027298168e+00 -8.671339510930081707e-01 4.544110799455475247e-01
-5.333589862172275708e+00 5.357587298672576992e+00 -7.989805225843720216e-01 -5.820121131579948370e-01
-5.224824852292666577e+00 6.218787998994184107e+00 -6.435280799794353135e-02 -4.903016903173165741e-01
4.487029126517938948e+00 7.497463557639623133e-01 6.814531494344108209e-01 2.234571311073321187e-01
2.814102221232056777e+00 -5.208604780565098125e+00 8.793905160395455445e-01 9.468525715210133198e-01
-2.716042773787056053e+00 1.604402441163882642e+00 9.994353676814538012e-01 9.108118683609458532e-01
-1.126949541756375517e+00 1.824039401904245850e+00 9.681049782136359472e-01 -4.294166901739432385e-01
7.268484567903605864e-01 -3.517035069093111588e+00 3.666841642249769051e-01 -7.472723667190391827e-01
