2.483506852981040680e+00 2.437328142834470412e+00 1.986863523168023615e+00 -3.224211120200737302e-02
-4.233513139989844021e-01 5.275146377775746132e+00 1.902489441953688853e+00 -2.508998850685311144e-01
-3.349939868069089943e+00 2.888099245482637301e+00 1.485545295116342146e+00 -5.952600495594791985e-01
-2.561777831306783160e+00 3.014470215864966107e+00 1.251514630475965006e+00 -1.916655148334630132e+00
1.308382912879618942e+00 5.509247946402123119e+00 1.999737311508291038e+00 -1.501063147134965359e+00
-5.883085518724707086e+00 -5.916369997747959353e+00 3.304293218289697798e-01 -1.717495123184174854e+00
-5.462548437433431658e+00 3.944334191862365557e+00 6.015249890575224967e-04 -1.997517494968787943e+00
-2.890165047214886762e+00 -4.606335953294841801e+00 1.210519222111200666e+00 -1.481929265924774475e+00
5.975579466964113351e+00 2.844303293641921471e+00 1.560159822284448161e+00 -4.228685956870221752e-01
-3.980022959174426500e+00 -2.284145088952549418e+00 1.036427974289055864e-02 -5.619545093972444505e-03
7.371915331490708212e-02 -4.932645189719956136e+00 5.735969792299375758e-01 -1.146904716602275442e+00
-5.414007208008625227e+00 -8.575275265723831808e-01 1.989612742433255921e+00 -1.985994658967389359e+00
-3.955487258502183412e+00 -5.568444589230099773e+00 9.968343716467709115e-03 -1.623654791877204850e-03
5.340291714443555549e+00 -4.023811047848807831e+00 1.981310195832674870e+00 -4.920078899328972355e-02
-3.806928191221065294e+00 2.439859517992095661e+00 1.986032960919215107e+00 -2.869180538524584989e-02
3.495420821321824079e+00 -5.977656628800813721e+00 4.262661999243584354e-01 -1.650054636630920335e+00
-1.765475789779202387e+00 -7.284016587107364771e-01 1.993509829468256056e+00 -1.379595401859966763e+00
-5.479499730363368570e+00 -4.535546202206102606e+00 1.346357581847559715e+00 -1.999331215579633003e+00
-3.086847489088335728e+00 4.477098514207876079e+00 5.465958502065563218e-01 -1.109271696005349028e+00
4.796837659178907032e+00 -4.065228573191749462e+00 1.962023479233014012e+00 -8.319045011246323229e-01
-7.912798054195659958e-01 2.507289334936686487e-01 5.192955726830678076e-01 -6.918662793975460801e-05
2.467325048171348456e+00 -5.477735571902968559e-01 1.889178719590198341e+00 -2.459848743991444042e-02
-4.562845755971888906e+00 -1.540554443732580658e+00 1.060446895050741301e+00 -7.053526653058408424e-01
2.303181189186874533e+00 -2.602639050342283600e+00 1.190305167262065700e-01 -5.615556536506138841e-03
-3.464334385971067576e+00 -1.860624076486495859e+00 4.522642576211788334e-01 -3.984152951834435408e-01
-3.095819343806764934e+00 -3.319605043518333076e+00 1.348551063787282178e+00 -1.091418801071491362e+00
-6.050433573544526489e+00 1.335907399165143339e+00 5.473117829998969119e-01 -1.448872754497287474e+00
-2.287290825782624992e+00 2.168733285234793584e+00 1.930536038227982143e+00 -1.990519587750688491e+00
-3.639440073927648012e+00 1.549366555947192303e+00 9.571535788361175134e-01 -1.608628935832386864e-01
8.221084508915943445e-01 -3.170683518915256460e+00 1.058148910909970208e+00 -1.997305920131728474e+00
2.718447820922021307e+00 -2.809023293819672418e-01 1.532714338470740900e+00 -2.511735188615543679e-01
-5.864667026820976403e+00 -4.773710579849010927e+00 8.776640232285547460e-01 -1.742661867592802727e+00
-1.077402986294002218e+00 3.636698737553301086e-01 3.351150744148760907e-01 -1.657414500740040930e-01
-4.618296586990918051e+00 3.081688262620064123e+00 1.119522362159639961e+00 -8.129239622517077102e-01
-2.794400090694913796e+00 -2.508201290691509211e+00 4.585730263046472466e-02 -1.639913062092240414e+00
-1.519815867141989685e+00 7.932174647876255591e-02 8.420211203190676175e-01 -8.982156536664149815e-01
-1.622911588835067143e+00 -6.218431248412489509e+00 8.708536049523010192e-01 -1.104041899797278958e+00
5.678422147049820623e+00 1.522657669477373688e+00 9.038713540061100726e-01 -6.455132154195775129e-02
-2.659062905087758999e+00 -3.426064508283333865e+00 1.538742455755106153e+00 -1.822082793552975755e+00
-8.618213576492861350e-01 1.018905578386550381e+00 1.070837437367607725e-01 -1.165828594496653992e-02
1.156633020423304181e+00 -1.291109793211191459e+00 1.530654921519028377e+00 -1.736801009953525377e+00
2.366894607935705608e-01 -4.519922222822833291e+00 1.375497517838377037e+00 -1.455896233657992811e+00
4.047850816776154659e+00 3.887594886833925401e+00 3.102473073553824179e-03 -1.970927689834443441e+00
-5.818626119230172478e-01 3.537176976930416217e+00 2.888246663545060988e-01 -8.171562689652234202e-02
-5.587331074248535145e+00 3.919935575119490423e+00 9.955122383997760949e-05 -1.984006583355778508e+00
1.619785556861718767e+00 3.906113238964556089e+00 8.716198785456708009e-04 -9.021782265611919538e-01
-3.981134758848920097e+00 -3.287195659702545569e+00 1.287107670699779494e+00 -5.857405731787501679e-03
5.731315985076042452e+00 3.431669148939903380e+00 4.518480986156734325e-01 -1.071030377779980114e-01
2.790432959938090818e+00 4.051482562744332938e+00 3.083659069213195991e-02 -3.540100818967940599e-01
3.525233597356498549e+00 -4.829215595911653836e+00 7.684669773698755701e-01 -1.694181307520099988e+00
5.348205089010944491e+00 -1.599961995594317621e+00 9.417017359402704013e-01 -4.441682213530484535e-02
-4.896170376696716176e+00 -1.393174735827099830e+00 1.347818373643785872e+00 -1.359342085137349887e+00
-1.142859943400270417e+00 -3.067562017355820458e-01 1.575742855000904941e+00 -2.448566456028964389e-01
2.284821263748009201e+00 -5.061194664057970805e+00 3.576110758606861895e-01 -1.017098649486436468e-02
6.872272717265524022e-01 2.862258234516836808e+00 1.530057893940761637e+00 -1.980786793788368971e+00
-1.581226661532224576e+00 5.860829231908956771e+00 1.747780026499787809e+00 -1.020859156526570777e+00
-3.267001596930349194e+00 3.403887448374721458e+00 4.991421754986643533e-01 -7.518036630179746327e-01
-6.768811108769261509e-01 1.514246405911648274e+00 8.871411249011802447e-01 -2.345959773319150621e-02
4.133582317043519083e+00 -5.463871607461090463e-01 1.887906583777381186e+00 -1.915847405527021596e+00
6.558699203237550179e-01 5.857781562687875976e+00 1.751813089270078061e+00 -1.966632107011439201e+00
-1.814423848170092057e+00 -6.963366781100122083e-01 1.984178003210129715e+00 -1.468202152203271993e+00
-1.348677224444572609e+00 5.013492945634411058e+00 1.566463379287522883e+00 -5.702298490988804147e-01
9.519171767242449178e-01 -2.287625130192072476e-02 1.045736542053678386e+00 -1.945053527889898604e+00
1.143340741495550539e+00 -1.707713357478066740e-01 1.334941055491719375e+00 -1.754512621660283322e+00
2.162016510597158714e+00 -3.576411641734985380e+00 1.764095444444993444e+00 -7.446714510872487480e-02
-3.294811362655223785e+00 4.386693583628815674e-01 2.309594881326607618e-01 -6.983360585876514648e-01
-2.493484392889774970e+00 3.083763145271602113e+00 1.115401327118224817e+00 -1.962539215218249034e+00
-5.477084094077509846e+00 -2.457399460596206175e+00 2.041504904399871201e-02 -1.999142889933459344e+00
5.891730505957459840e-01 -6.156721177815001056e+00 7.497598792500319576e-01 -1.923974737007393632e+00
1.432138440087186382e+00 -6.042879890618967131e+00 5.376791047638569410e-01 -1.273774965524529179e+00
5.587874412330807061e+00 5.640553940713447290e+00 1.959511492155493695e+00 -1.618756949931599021e-02
5.394695122077866500e+00 -2.161566530705884226e+00 7.480830522336201494e-02 -2.118073407955445298e-02
5.878481217242487844e+00 1.167167905398061478e+00 2.776069509495768806e-01 -2.761210114965393370e-01
1.317527658371360211e+00 -3.174280855543336610e+00 1.065329843258312037e+00 -1.485152306044896342e+00
-1.500892038791299399e-01 -5.214645819651977376e-01 1.863883327529190170e+00 -7.043093586012606488e-01
-5.600354007269798373e+00 2.981424742296415076e+00 1.314885317565760880e+00 -1.979033753344790814e+00
-5.837998672162747482e-01 -5.403009187180566109e+00 1.791199197579840252e-02 -8.018852136591636537e-02
-5.075577098134187004e+00 2.024662362074057143e+00 1.788109778421281382e+00 -1.664164925816488338e+00
1.422385296562289625e-01 5.709327106860410339e+00 1.911828739460477378e+00 -1.280655566750082297e+00
2.103740879314313972e+00 -5.488894949485388253e+00 1.581380707048607448e-04 -1.247806425358101157e-01
5.770057707476942355e+00 4.598606382651677649e+00 7.743938372317824559e-01 -1.446349113948944831e-01
1.159001624078786818e+00 2.623486105869870855e+00 1.860481040315092649e+00 -1.733589883001332543e+00
5.137681688927171919e+00 1.605162286684755024e+00 1.068677816749405318e+00 -2.483333582092250857e-01
1.336976559584371671e+00 -4.938531624233554851e+00 5.629778228063722079e-01 -1.450780509383015282e+00
-1.306152296290183479e+00 -6.265801618402790041e+00 9.652396263200578863e-01 -4.950810528546871758e-01
-3.371536796992616658e+00 -2.460511808138279299e+00 2.168537333088826902e-02 -5.561519966912789048e-01
-3.211642730453301287e+00 -5.830371002722027463e+00 2.131867177882292852e-01 -8.603577122332199956e-01
2.830628762684169075e+00 -8.509760049312573571e-01 1.991411415597905243e+00 -4.173969400117427675e-01
8.550731729977583129e-01 -6.184110740530554651e+00 8.031449810552719892e-01 -1.990306487380691491e+00
5.531838104463927763e+00 4.697713700527279101e+00 9.706536541364814141e-01 -2.318039741339261717e-03
1.085862173145748066e+00 4.325784105294982140e+00 3.015640373910023486e-01 -1.824811260363152332e+00
-6.054265911480039009e-01 -2.226389693088138166e+00 3.350972977864941083e-02 -6.408314910668022613e-02
-1.904106878779299628e+00 5.636523659461282421e+00 1.961750711183431140e+00 -1.618333995284078730e+00
3.400217966796597935e+00 -9.374295663801355261e-01 1.954127966601538979e+00 -1.494492303748307993e+00
8.683454911569397083e-01 1.749074160329744387e+00 1.349048609811461130e+00 -1.986271011342733761e+00
-5.044658427079271590e-01 5.271685550647321250e+00 1.899486607637813851e+00 -1.537368330821575757e-01
4.477750088400842543e-01 2.280772866815032884e-01 5.595008710787146011e-01 -1.780553009547089172e+00
6.000380892583942583e+00 4.308441587484898250e+00 2.771659714431723431e-01 -4.640700730581034383e-01
5.800261626495508693e+00 -4.318014187390136982e+00 1.709472619271657834e+00 -1.774688769088995643e-01
-3.503995279529781737e+00 2.834640630310103049e+00 1.576063030298826106e+00 -3.370103387663078154e-01
-6.023677194336306329e+00 2.397472204760505932e+00 1.996594235523006411e+00 -1.496026159320533511e+00
2.899176043740794739e+00 2.950756917364239840e+00 1.372472187902466390e+00 -5.339391933897787990e-01
-5.867557732779857815e+00 2.177259867584018238e-01 5.781797604478754460e-01 -1.738777859119672531e+00
1.743731670167591119e+00 -2.536052433136307904e+00 6.400312801560137377e-02 -6.609840691254076361e-01
9.543718100207305710e-01 -4.088363305400366521e+00 1.948368365053930740e+00 -1.943437230056633158e+00
-2.989311499083881607e+00 5.213323315931731372e+00 1.842479162342177679e+00 -1.299875656243260735e+00
-8.951189032577548943e-01 -1.259129070438234521e+00 1.583745813314144879e+00 -2.398081721879119499e-02
-9.568656802302966113e-01 -4.808892670009395687e+00 8.081887043661161174e-01 -5.822818954951181070e-02
3.690714188975467991e+00 2.553706375929259309e+00 1.922987416644543979e+00 -1.890409048698471706e+00
4.530819675774859334e+00 1.328415633427624698e+00 5.340027489998853127e-01 -1.355209907749826970e+00
-3.646210986451648761e+00 -5.211136629816857990e+00 1.598849490706429899e-01 -1.535743895770410594e-01
-5.390519872881752050e+00 3.837419557261219083e-01 3.056732897919429703e-01 -1.977075592681445171e+00
4.643129812603950413e+00 -1.659797799756213443e+00 8.229355713313367682e-01 -1.138075794181482303e+00
5.088730989851965703e+00 1.544331954739149637e+00 9.470959653160671010e-01 -3.163998308032452966e-01
1.809434208355037654e+00 5.764708455102372398e+00 1.860858131444548480e+00 -5.406389192887224304e-01
1.911386062497161475e+00 -2.793620017663656085e-02 1.055843335177690800e+00 -3.702902887810012311e-01
4.353099762300352893e+00 3.933950867824504982e+00 9.688305088673132559e-05 -1.658315266242125441e+00
-7.715561369932251168e-01 4.671997332069359743e+00 9.193045392086602874e-01 -3.831789164360221989e-04
-1.218266082463452804e-01 -4.386481448928793547e+00 1.606630350241158300e+00 -7.587504597429748365e-01
2.506730503523549203e+00 5.984428183029784520e+00 1.562589151648488883e+00 -4.498086531049183545e-02
-1.464717072682083732e+00 -2.730676720847999839e+00 2.676056602543416263e-01 -7.894294996424582322e-01
4.649709786684738333e+00 -1.977808701392754998e+00 2.729436410717911432e-01 -1.125030316513057294e+00
-6.029113431716042193e+00 -5.158563686332707121e+00 2.214516503453827223e-01 -1.486556375583731437e+00
-2.033754591834550318e+00 -4.996216062457062179e+00 4.623443957310836572e-01 -1.799172027196640933e+00
6.134085813362402106e-01 3.017154490502393926e+00 1.246315061765043808e+00 -1.941420205498270768e+00
2.279445514916902837e+00 -3.054675545615641585e+00 8.270399589517473116e-01 -1.175769732201725759e-02
9.570212892962297602e-01 2.000270538353564831e+00 1.757156055846423204e+00 -1.941667116916400371e+00
3.226775590483876854e+00 3.714498121149031107e+00 8.895524382777764139e-02 -1.169542937367498370e+00
-3.358436320342633952e+00 -2.330140696775572451e+00 1.357293150844651741e-03 -5.797803792753855046e-01
6.544349258684487580e-01 2.523505239052257210e-01 5.164542166170280613e-01 -1.965892925885759812e+00
-1.903561743853252608e+00 2.786701885761075914e-01 4.710690571702521590e-01 -1.617476768046069768e+00
-3.092060511911354226e+00 -6.234674699399944231e+00 9.031309248144048230e-01 -1.098902331119915310e+00
-3.191064130033505197e+00 -1.316537889786700610e+00 1.486882320388565937e+00 -9.012184052115741473e-01
5.987366220077628753e+00 -7.506678210555701725e-01 1.997588576425939344e+00 -4.422784986397135798e-01
-5.511538925209018558e-01 -5.663048152407762714e+00 5.412694141411689142e-02 -1.077482117507271298e-01
1.061557590542353324e+00 3.667866846741560494e+00 1.313115891749446762e-01 -1.851310195575198048e+00
-4.421592345374696365e+00 -3.239879338526729047e+00 1.195309845339904031e+00 -4.506440484908259547e-01
5.576302814024520771e+00 3.654805280656285404e+00 1.445468310539080870e-01 -1.230410599292974805e-02
-4.405162523159576793e+00 -4.808954448820930594e+00 8.080674424470809525e-01 -4.234884089851417288e-01
1.829289642257007742e+00 -2.728952599336209150e+00 2.652621769938316998e-01 -5.057371736098466020e-01
-4.123615573320728700e+00 -2.635820834279231306e+00 1.523481638812712591e-01 -7.633124824613779502e-02
4.604096094170090581e+00 1.927947170639271235e+00 1.655089965980855116e+00 -1.214896421631798118e+00
-1.759567535904782432e+00 -1.193357678475849504e+00 1.685199302132057930e+00 -1.368637082296882301e+00
4.968565557651777098e+00 2.226021267955763605e+00 1.966300856005049225e+00 -5.097704039172519241e-01
2.254316077320787315e+00 -1.891989089707790228e+00 4.008928395464501637e-01 -2.068670265352079429e-02
2.725139125177907573e+00 -1.609516474943353259e+00 9.226370820671151440e-01 -2.601098475890589734e-01
2.891798709436228521e+00 -1.593215288098231319e+00 9.551770998701462068e-01 -5.209361641326427650e-01
-1.069940135221244759e+00 5.954181348579322020e+00 1.611541906534036173e+00 -1.576050447851303771e-01
-4.368639610665949746e+00 2.976384610863485491e+00 1.324436634789895484e+00 -3.653938941920020778e-01
2.562139504804974877e+00 -4.827572317088499432e+00 7.716654742235899977e-01 -8.363419808802230460e-02
3.759890601445327718e+00 -4.930821339603109976e+00 5.768992749842871692e-01 -1.944672881327785596e+00
-9.539259050260229245e-01 -2.061166992030388556e+00 1.690899199674793518e-01 -5.626746448710662207e-02
-4.952329314587732512e+00 -2.305919640088614386e+00 5.050863499411528679e-03 -1.461673325735930229e+00
-5.838807833649621415e+00 -2.015255734045338976e+00 2.236092176803546883e-01 -1.776287494143628631e+00
5.394635051389425229e+00 -5.071148045582328123e+00 3.424832406979682053e-01 -2.120533723928830216e-02
-5.427741264383949549e+00 6.866900588655644455e-01 1.942337416215567103e-02 -1.990203187735763324e+00
-5.611799539965599770e+00 3.381289770766855440e-01 3.741210844134691405e-01 -1.974114798304805296e+00
6.054846685346706892e+00 -3.136588563288396081e+00 9.899919864724004981e-01 -5.590317024165674109e-01
-1.240809707548686802e+00 6.037960922037797218e+00 1.471021805534241444e+00 -3.869042896292058664e-01
-3.469264687308081019e+00 1.693774887731507306e+00 1.243484753199795012e+00 -3.905679307651319654e-01
1.488866851522643309e+00 -5.743784019667607765e+00 1.186072056225554450e-01 -1.163126672179716437e+00
-5.201979583821314534e-01 -1.792631979261597230e+00 5.707417936560806870e-01 -1.373954192666164698e-01
2.901019626350690217e+00 5.915385769687777184e+00 1.671031447523974478e+00 -5.372045834374354900e-01
-6.116846046811699189e+00 5.435724401064710776e+00 1.992306317681362016e+00 -1.326575856980581003e+00
5.621824642048528275e+00 -5.694999306759065405e+00 7.678206450288393992e-02 -3.061312032308249886e-02
2.234508502743262071e+00 5.912398125445800900e+00 1.675449693416987795e+00 -2.946907307402324427e-02
-6.087073717509168702e+00 -1.889272748914709865e-01 1.368927213532411757e+00 -1.382243712598103746e+00
-5.000852396047723580e+00 5.307381267483112453e+00 1.928363233986681635e+00 -1.545450762158305569e+00
-3.575035966330960768e+00 -4.274510191611263998e+00 1.768028886761216167e+00 -2.376823506274542419e-01
2.507934172167278319e+00 -3.596051088820826358e+00 1.788838510559032091e+00 -4.569751378657915808e-02
-4.968392480643719189e+00 1.754544851090479085e+00 1.359280731640930107e+00 -1.489927861184850988e+00
-4.727217513229907908e+00 2.153668310147264009e+00 1.919081765048069599e+00 -1.029652718444721504e+00
5.534631054449997478e+00 -2.059599663272523529e+00 1.708381439103238142e-01 -2.713719238939371614e-03
5.646306846482886499e+00 -5.336195315925235327e+00 5.177086241529804678e-02 -4.379278344153203495e-02
-1.166369086260907295e+00 -1.267178421056052606e+00 1.570599612778691423e+00 -2.765031341753613203e-01
4.731304450898498715e+00 3.996524387837673942e+00 9.654260708791273515e-03 -9.621780821416567875e-01
2.095652352429636878e+00 -3.421074999913117587e+00 1.530308743952044193e+00 -1.327200853165557692e-01
-1.172023342189252304e+00 4.769207611787415146e+00 1.113392846245895518e+00 -2.843558071537454213e-01
-2.545482348329041411e+00 4.898291550020850593e+00 1.363297822590360697e+00 -1.929191989449331679e+00
-2.493185089507417462e+00 -2.590613927574798581e-01 1.495250180579842603e+00 -1.962701350494157504e+00
-3.557577416091483258e+00 4.972403414221737705e+00 1.496905189557950377e+00 -2.607408762937611924e-01
-3.479858834161252190e+00 -1.861167500420531695e+00 4.513552685185590052e-01 -3.739070924147014363e-01
-4.126423174289471696e+00 -2.248840111154501109e+00 2.296151151292702419e-02 -7.849749870053213119e-02
-4.791208788603078972e+00 5.002199108373224234e+00 1.547706255593758629e+00 -1.156987529911820411e+00
-1.036896795047643316e+00 -5.055747873567156603e+00 3.659976361003737244e-01 -1.238583424470645067e-01
8.369385570150944531e-01 -1.731783360081241341e+00 6.835601996156053239e-01 -1.994691878335992818e+00
5.826558088532788560e+00 5.488746121177738857e-01 1.098158396570251272e-01 -2.085030477362869172e-01
-5.510311766833764224e-01 5.815343348438018367e+00 1.805005012711078827e+00 -1.078590603996282260e-01
-6.224180213133140072e+00 -2.042319453966570109e+00 1.906490049723231772e-01 -1.117736469156165313e+00
-5.705040387599771279e+00 -1.941433180048466767e+00 3.247720433757028680e-01 -1.915315188262210588e+00
-4.831966829195299518e+00 5.066127875384866641e+00 1.649918951809292267e+00 -1.236882438839063125e+00
-2.845754719080367146e+00 -5.063876180337878452e-02 1.101104476143648814e+00 -1.557752788721487480e+00
2.745541084131648546e-01 -6.249215719543946612e+00 9.321130775003351188e-01 -1.521926754166904150e+00
-2.718067380103050823e-01 -2.086829912410506083e-01 1.405353949046456608e+00 -4.827680619257116446e-01
3.724565115721182096e+00 -4.504962364519299989e+00 1.403055616005072670e+00 -1.919160937208202800e+00
-4.256110121813124536e+00 5.319420932402309177e+00 1.937042908587277568e+00 -2.089290564291824692e-01
-1.472677361638460525e+00 -3.409928007832923491e+00 1.511277585308430815e+00 -8.050191451700832168e-01
-1.800674321685633572e+00 -4.826762194276828843e+00 7.732432164121513241e-01 -1.443729447785403242e+00
-6.131933669450626567e+00 -3.557913369306808349e+00 1.739711432752588660e+00 -1.297910748629319322e+00
-2.319395747190149404e+00 1.493213668805332794e+00 8.454565687255568562e-01 -1.997292927283159880e+00
5.959679336434017927e+00 -2.097678680696681397e+00 1.307097162221968478e-01 -3.971950373916970367e-01
-3.931629168042943601e+00 4.105255776127290090e-01 2.681374539496659271e-01 -4.302829245605988007e-05
8.599663640875423454e-01 -6.071169606727253587e+00 5.885618428275563030e-01 -1.988899763770966667e+00
1.478251253659835562e+00 3.941802165965361482e+00 4.387200341384733804e-04 -1.184035140817276455e+00
-4.546727127946942559e+00 -2.512910710019330196e+00 4.871913343979294986e-02 -6.747049750014657565e-01
-2.177740946841693059e+00 3.234133206772067837e+00 8.159737446911963232e-01 -1.936981899158023657e+00
-5.283881345368735438e+00 -3.666197759375439791e+00 1.867029979244346105e+00 -1.909875853766657805e+00
-3.676039447797548210e+00 4.799052994242559933e+00 1.172461459521234151e+00 -1.233312475368792960e-01
-1.595490955577087533e+00 -5.440782836951116863e-01 1.885772847838737665e+00 -1.049369180820718617e+00
2.144298710466490121e+00 -1.127183806764743501e+00 1.775322164728339480e+00 -8.846366722353560252e-02
-5.264035183250740602e+00 -3.613656391933989465e+00 1.809985551021710659e+00 -1.892695949522788190e+00
5.379428186762865494e+00 -4.985102406600184111e+00 4.812169435723575583e-01 -2.788709775993225559e-02
4.160077579809060566e+00 -1.553339687781816636e+00 1.034906185610806162e+00 -1.893294714602145490e+00
-1.276312747907293321e+00 -1.907676309693084882e+00 3.760712667941040754e-01 -4.444975043069688825e-01
-5.053635252456635030e+00 4.995669715641394504e+00 1.536733962948136245e+00 -1.630729203063984389e+00
3.759337390406916057e+00 -2.776314043150220900e+00 3.327152418120761235e-01 -1.944309381313026108e+00
-4.462974680611201173e+00 4.508530633883557570e+00 6.034857776611056712e-01 -5.216027907000555519e-01
-6.139583626917191062e+00 -6.276324509941508367e+00 9.862788361083530964e-01 -1.283271247706035290e+00
-8.241449893769452473e-01 7.499912307340350637e-01 2.506254176030342506e-03 -3.001130713526811711e-03
1.925178280748417237e+00 -5.061005299468681606e+00 3.579013719391812565e-01 -3.491041318343205413e-01
-4.796905037510021508e+00 9.693728956417189124e-01 6.693310970465304877e-02 -1.168228336520037214e+00
5.456494023865543497e+00 -3.888450827207631022e+00 1.997030808889402875e+00 -3.408305652048526646e-03
-5.438101514533335568e+00 3.548000285763484030e-01 3.484695825101478128e-01 -1.992883707645471292e+00
8.792049978726383941e-01 2.323954695856089714e+00 1.997921911463422795e+00 -1.982452118487123549e+00
5.791019105161142377e+00 1.528892965429402118e+00 9.162913465084303599e-01 -1.670971844184333532e-01
4.789084017216032052e+00 -2.067190966593073220e+00 1.624468261238037892e-01 -8.472107258726835344e-01
2.049301139279602779e+00 -1.350020419734229371e+00 1.427342958051706523e+00 -1.825271317320095177e-01
-1.579640748028833031e+00 6.280779828853674474e+00 1.004810938093336548e+00 -1.017687920023474524e+00
-2.675989522454414349e+00 3.960912418941569868e+00 2.300467591619947960e-03 -1.802340502079943008e+00
5.076612099882797935e+00 -2.183160183096751084e+00 5.928648641747769066e-02 -3.342889924270767699e-01
-3.602627943098011709e+00 -4.039083244266654660e+00 1.974975647325944550e+00 -2.031456878456776582e-01
-1.464435895790112241e+00 -1.702182431431012333e+00 7.402414041312594950e-01 -7.888797879004522118e-01
1.924015961942123099e+00 4.145612598571467800e+00 9.407770016134020530e-02 -3.508706771610728969e-01
-5.392609409159397238e+00 -3.398355716189144005e+00 1.491251612019028006e+00 -1.977956751851194683e+00
5.595824104840582791e+00 8.357403885440417568e-01 5.064398793820701350e-03 -1.916098630319151841e-02
-4.265794965837036656e+00 2.964330132951371155e+00 1.347144982667704216e+00 -2.209256209109924374e-01
1.709793648929650800e+00 -1.953687849404970756e+00 3.068983388053538874e-01 -7.255721638499411652e-01
1.526542614885953775e+00 -1.203310185665448451e+00 1.670566593507543773e+00 -1.088391914307189179e+00
-6.030506429642197297e+00 -1.659670970906642395e+00 8.231852267454161654e-01 -1.484120507465882977e+00
3.943299700359187199e+00 3.324583820245553767e+00 6.421332570072193491e-01 -1.999468087808107031e+00
1.639257120546624868e+00 8.572475644750348067e-01 1.030691861646582108e-02 -8.635058350364536173e-01
4.797028033674587633e+00 -5.496078078927881805e+00 5.841799664341174037e-06 -8.315291821124997096e-01
-4.633354947874313012e+00 1.875179199197400948e-01 6.336941219053926488e-01 -8.425893484379155529e-01
2.643537900294159471e-01 -5.906818424406034218e+00 3.163635237504384135e-01 -1.504417810243396048e+00
-1.752436170752011968e+00 -4.242935161522193077e+00 1.806913356532988235e+00 -1.355341782682724094e+00
-3.658362577366787161e+00 5.200063906685281623e-01 1.375893026553716147e-01 -1.408840055839347682e-01
-1.943368095250476379e+00 5.769751703066718918e+00 1.855681964656553662e+00 -1.678077315718216944e+00
2.458301851497052937e+00 2.702430641327886462e+00 1.769669947245006369e+00 -2.077946068292768622e-02
3.010284071553744667e+00 -2.952598230013540270e+00 6.309479659915679939e-01 -7.403911303070087602e-01
-5.553969372109698099e+00 -4.245922027015856415e+00 1.803370477422989282e+00 -1.993693753732895813e+00
5.504818037857983626e-01 -2.305394184352747011e+00 5.156903765444975640e-03 -1.891644034890236137e+00
5.880628744707298239e+00 3.408319687680776866e+00 4.914894859233772673e-01 -2.790909534433476669e-01
9.704830664238448534e-01 3.039033525938874547e-01 4.289316461045422635e-01 -1.932265927675790529e+00
-4.636296700778124169e+00 3.432002138290190629e+00 4.512912097523132937e-01 -8.484021968580479633e-01
4.546198063425936908e-01 -4.425858966017180762e+00 1.542205759394646103e+00 -1.789036827011365016e+00
5.808032551657193565e+00 -1.967997577287423638e+00 2.865549419244184381e-01 -1.864068225658750411e-01
1.620833649089682638e+00 -1.697567934170447046e+00 7.491645361425633975e-01 -9.000923119538277728e-01
1.483025619012034113e+00 6.074913324954209770e+00 1.404602356324151202e+00 -1.174641258325465065e+00
1.258754786204354659e-01 5.820708879810688074e+00 1.798592388661626185e+00 -1.249100103356432179e+00
1.100809481560486525e+00 4.889071562987361119e+00 1.346057004313958583e+00 -1.807542583079189580e+00
2.508524716511706387e+00 9.765254261939109170e-01 7.217397355336918618e-02 -4.605113866463694805e-02
-4.285514602679614704e+00 -4.086935529878891415e+00 1.949270195230422109e+00 -2.462507641941819037e-01
-2.646401085151378840e+00 -2.714336344717631189e+00 2.457490027311823866e-01 -1.836236140553165974e+00
5.584148143326657987e+00 -5.026371550992227100e+00 4.125006825175708824e-01 -1.487939795582549074e-02
4.983151489326960615e+00 -3.247690017530373563e+00 1.210605907782254187e+00 -4.845565856327512799e-01
2.692235571036075470e+00 -9.587342379994518993e-01 1.940508621903180853e+00 -2.174730255040857596e-01
-1.536215694374425844e+00 -4.355895147290663516e+00 1.654096590605433015e+00 -9.308938582628151215e-01
-4.241238867821405023e+00 -1.208976076566039559e+00 1.662117245538940802e+00 -1.910873919651023822e-01
-1.585710875402454256e+00 1.965172598154518724e-01 6.170066849302562328e-01 -1.029824673880877173e+00
-3.101490930566219273e+00 -5.798660663333173204e+00 1.756520965901554598e-01 -1.080117487680865018e+00
3.665924946034806453e+00 -5.903237849455639008e+00 3.111547277606449002e-01 -1.866757988443529914e+00
-1.806089561048507264e-01 -9.185468998813464125e-01 1.964751868445570260e+00 -6.465861881040619874e-01
1.087153601759399457e+00 1.823725109232343655e-01 6.432888982756246321e-01 -1.823348142221528079e+00
6.161780939641753108e+00 -5.919356845876396100e+00 3.348781952553485652e-01 -7.595700837362647784e-01
4.572344394143545543e+00 5.413827669169162249e+00 1.985934709543068610e+00 -1.276441347164298357e+00
-3.100229156159725274e+00 5.884660585425999457e+00 1.715297298806181647e+00 -1.082632666587097114e+00
3.443780348567685223e+00 4.704848115947809717e+00 9.849188428644236604e-01 -1.568248222272972558e+00
-5.599053310489603419e-01 -3.463120688875336750e+00 1.599643910016289805e+00 -9.998206515713181641e-02
5.735363463168368980e+00 -3.951898651306647636e+00 1.998759456155423386e+00 -1.107770963153730248e-01
1.408636396014390613e+00 1.232408674347178490e-01 7.560064557056767054e-01 -1.318664178366672823e+00
-5.549857672524922236e+00 4.764832688463487287e+00 1.104695204370939710e+00 -1.994582219211098018e+00
6.014495471327107268e+00 1.536000785966405324e+00 9.304650754009168301e-01 -4.881132491604524004e-01
3.137878317715392384e-01 -6.019918972364789234e+00 4.974613288140149470e-01 -1.587184097993588061e+00
-5.568811310006070769e+00 -3.374952861985400787e-01 1.624889956504797617e+00 -1.989928088415933161e+00
-5.790736986153278920e+00 -5.529903039157766820e+00 2.062152336177680567e-03 -1.833214943178216760e+00
-2.365042698010695332e+00 3.436343718097885969e+00 4.440527472776568674e-01 -1.999843422523061465e+00
-4.772750772403396624e+00 5.123723455445757580e+00 1.732964037857629647e+00 -1.120430556368252173e+00
5.397624584543155635e+00 -2.587708978638944224e+00 1.052963194797755797e-01 -1.999806502557732735e-02
5.330136260685993221e+00 -3.221038815876030803e+00 1.158224581697368194e+00 -5.568894478672614667e-02
6.268696364395474063e+00 4.487764068984837706e+00 5.657100831035341004e-01 -9.710261698028072042e-01
6.100865209860016236e+00 4.893946757167336514e+00 1.355188355539478584e+00 -6.433868313581192488e-01
1.291362669299045862e+00 1.537928086786982895e+00 9.343108540978419807e-01 -1.530226184214283691e+00
6.137086647409265794e+00 3.419009290529029244e-02 9.316730909786693493e-01 -7.119428989160261345e-01
-6.076724492676478739e+00 5.312516243762125612e+00 1.932131285519031128e+00 -1.401287109723920565e+00
3.124799205350097253e+00 5.592371412346707871e+00 1.982160924813459069e+00 -9.664194179466476520e-01
-2.457122459712500984e+00 1.144361325697681231e+00 2.468285384964501450e-01 -1.979696171961838891e+00
-2.611951211435991294e+00 -3.205813349229133635e+00 1.128088528772581922e+00 -1.872004680227019158e+00
2.475540349522692196e+00 4.803918301153593973e+00 1.182037956483308561e+00 -2.835187459717547487e-02
2.387924829724047626e+00 -2.640025453519738274e+00 1.568396278392958365e-01 -2.012953200752676253e-03
-4.630923721873875465e+00 1.727401922952987334e+00 1.308115184585954882e+00 -8.377893952748554085e-01
-3.293735947291965616e+00 -1.695204940786532610e+00 7.537422160301567864e-01 -7.003873875815379568e-01
4.626008469691825553e+00 -2.874531180675398367e+00 4.909136587552149766e-01 -1.171902921370124862e+00
3.126365448749950815e+00 -3.804349645922858514e+00 1.970068802436202748e+00 -9.695502976993285449e-01
-2.096759858410641719e+00 -4.870381971911561081e+00 6.892462104031017445e-01 -1.868380465252896805e+00
-1.278991852928393236e+00 -5.271190305235533557e+00 1.009466268327552374e-01 -4.489608886429529155e-01
3.006674813237211197e+00 -5.785361968363852192e+00 1.608890913973129999e-01 -7.334269330655156516e-01
9.744334335453537221e-01 5.492974750876927104e+00 1.999953682106613950e+00 -1.929378582608981318e+00
-4.623568536509789162e+00 4.742533054172389129e+00 1.060251633051431774e+00 -8.232919203155418808e-01
-2.869495951024373603e+00 -5.897887210493838239e+00 3.034368715348765289e-01 -1.517728180653911352e+00
-5.102694033286812925e+00 6.025913113594993931e+00 1.492138281398040611e+00 -1.703713020758834684e+00
1.090564261118298184e+00 6.220425433684457772e-01 5.289707482636163416e-02 -1.819457668664395289e+00
4.925054131549998715e+00 -5.547613780484860868e+00 4.961279631458315187e-03 -5.873783225372912753e-01
6.150104643647146929e+00 -2.132927334906560723e+00 9.805085284280290470e-02 -7.369701206769692092e-01
-2.742860385052858341e+00 3.495607362815482233e+00 3.496619075286016010e-01 -1.715587312973742895e+00
-3.278106794120816403e-02 -5.780620936588528380e+00 1.557690236498473491e-01 -9.344848226690152249e-01
9.339986230482804075e-01 4.549812765063212083e+00 6.805467668436195883e-01 -1.956159930493976296e+00
-6.135981783903048381e+00 -4.894888986053627988e+00 6.430506949321090904e-01 -1.290172459917413583e+00
2.418675984934848699e+00 6.257578202156778957e+00 1.051191824729639679e+00 -7.797719174128303621e-03
6.182795631177965490e+00 -5.155999433111047026e-01 1.857916096146752905e+00 -8.005669127663442852e-01
6.161857018512719719e+00 -5.029904129765339960e+00 4.067980932413027828e-01 -7.597177809418087513e-01
4.373200386510093907e+00 -1.951329561091084130e+00 3.103059319700801622e-01 -1.627530342069243074e+00
-2.794809861982344046e+00 4.694253537259994502e+00 9.637370660859266858e-01 -1.639283071974338757e+00
-5.375459387578551684e-01 8.525779992687194664e-01 9.012689966835907285e-03 -1.203661441821405331e-01
4.703441305103980952e+00 -3.184859423970350711e+00 1.086425586554379041e+00 -1.017894395431548249e+00
-6.041996463949609542e+00 1.127137131540569825e+00 2.246188816859649995e-01 -1.463886864063318249e+00
-1.198981470141822214e-01 -5.451926650277421516e+00 4.203421631436277117e-03 -7.624952458493193808e-01
3.583337174246505441e+00 -7.592809743003492429e-02 1.151273225770879538e+00 -1.772957229798479695e+00
3.002680837731563912e-02 2.814130609465559374e+00 1.609099039917032625e+00 -1.060017526666650500e+00
-3.157261114220915932e+00 1.143877772215126321e+00 2.461927043965016493e-01 -9.686682073091391620e-01
1.452164312824649528e+00 -1.258997779702276887e+00 1.583958992659785237e+00 -1.235044186517066045e+00
1.481282197430240366e+00 5.980133059942223994e+00 1.569670178177799746e+00 -1.178073447528984019e+00
-9.546388774905301133e-01 -5.536954158436670603e+00 3.066541511524301100e-03 -5.673999759226111550e-02
2.356047166936692250e+00 -4.808141027809861079e+00 8.096642916951819480e-01 -4.340828307913824347e-08
-1.268885230144509713e+00 2.912183321872506170e+00 1.442889257854656160e+00 -4.322070664993094002e-01
1.758299410741319235e+00 2.453835264066388078e+00 1.980993076135325381e+00 -6.337217316496159825e-01
-3.425408808940193506e+00 -5.458770231713841348e+00 3.043094197288986891e-03 -4.623628219086031166e-01
-3.812858494062035142e+00 -4.266689422474984283e+00 1.777951606994232936e+00 -2.593944952713589380e-02
-5.188286235760451781e+00 5.304409069135450849e+00 1.926137465948796645e+00 -1.814458031079207778e+00
4.551432841298000298e+00 3.392507716134346651e+00 5.189691793116975038e-01 -1.316381186526654812e+00
-2.164929283326219256e+00 3.508272226777613412e+00 3.306309822406967580e-01 -1.927723081213458034e+00
5.689411874007202385e+00 2.782278246075124528e+00 1.658353187707484189e+00 -7.254555657536065905e-02
-3.023185217888416432e+00 -1.589507474754110028e+00 9.625864380099392603e-01 -1.234607589546219630e+00
2.834902389180857796e+00 -1.548638857503386035e-01 1.304799372804364088e+00 -4.243649747866146127e-01
-4.481754768810761291e+00 2.160877158512571228e+00 1.924667581941149397e+00 -5.549156767430988291e-01
-2.729328203123218444e+00 -5.515649773815462176e+00 6.380792343481100914e-04 -1.734228033194408880e+00
-5.526369710261607615e+00 -5.141081514902993810e+00 2.438661051082717801e-01 -1.998366518690906757e+00
-2.600983814529645333e+00 1.211813638662076364e+00 3.421463335781185222e-01 -1.882531079122665485e+00
5.640187118911104136e-01 2.645577933458056918e+00 1.837137789492051976e+00 -1.903573095760136447e+00
-3.295633410932572449e+00 3.836058744376126484e+00 1.649175358885046627e-02 -6.967689618011565500e-01
-1.712660963080293364e+00 -4.606059000673675463e+00 1.211060681858463051e+00 -1.279937756239480251e+00
-5.760123085336008586e-01 -1.981184125507321703e+00 2.683252612254783953e-01 -8.641090040288867957e-02
5.666837640035044643e+00 -2.188528731758356827e-01 1.423862616095843414e+00 -5.661374025941268151e-02
-4.279924078190791903e+00 -1.046882257916265324e+00 1.866340524860965910e+00 -2.389502699337365810e-01
-3.161529639349800913e+00 1.034460274407239311e+00 1.215196866739832737e-01 -9.601365938012542678e-01
-2.958681437364198086e+00 1.261566058173556826e+00 4.202184630515337638e-01 -1.357717427365537244e+00
2.384698349810966178e+00 -5.413810376707665739e+00 1.407107125699869066e-02 -1.624500002304518631e-03
1.664267412590003659e-02 2.764133265692150232e-01 4.749050712882141312e-01 -1.033279202372780148e+00
2.042092672407246567e+00 2.585028651869539118e+00 1.897085204230074762e+00 -1.909154772916609177e-01
-1.300547216975324716e+00 2.491263845997202964e+00 1.963733888347149348e+00 -4.854367448649846706e-01
3.151204191522490206e+00 4.196937115346674574e+00 1.422361036908635912e-01 -1.019221891980810479e+00
-2.261731186993179321e+00 3.258239382071339563e+00 7.688169903124860705e-01 -1.982206389288095005e+00
2.135234297973402917e+00 -5.894350956355580706e-01 1.924175050193139835e+00 -9.606797210310535906e-02
4.984718480422010600e+00 5.368501902280820914e+00 1.966756491610071045e+00 -4.818735379732334012e-01
-9.985305109125190981e-01 3.806270363672524581e+00 2.900554067126737134e-02 -8.948345553240966144e-02
4.030878519633606771e+00 4.609200771694707655e+00 7.950854367970798808e-01 -1.978492233082264740e+00
2.704149330104941740e+00 2.268411871299500504e+00 1.984627969105024814e+00 -2.325291616311494503e-01
-5.157200370766156894e+00 5.433622488380169813e+00 1.991777088150909591e+00 -1.776834265921530154e+00
-4.840646102311323418e-01 -3.647389703463697508e+00 1.847678607335906609e+00 -1.761732803139844927e-01
7.209174934741726659e-01 -4.283294711882743577e+00 1.756659453819520378e+00 -1.991696004653212393e+00
2.853122351094478759e+00 -4.829735358870651751e+00 7.674558237239491598e-01 -4.545376935947251784e-01
4.923164724527239855e+00 4.765604582100332109e+00 1.106230382170656057e+00 -5.908233914778560081e-01
4.553029139996001007e+00 1.113870528555394479e+00 2.081382212429728762e-01 -1.313350978774142197e+00
-1.664266624450794652e+00 -4.159149410517969159e+00 1.894127546108919091e+00 -1.185853667447623438e+00
2.921436559249857012e-01 -1.530016255998251751e+00 1.081469747882720878e+00 -1.551605065418615759e+00
-8.745887389969846382e-01 1.259312041265743254e+00 4.165513471391620870e-01 -1.586777469344768932e-02
6.212823554744568710e+00 -6.130238038225066077e+00 6.988536927930404374e-01 -8.597404958451886348e-01
-4.806236446167198473e+00 2.608959148679783624e-01 5.015656764316077654e-01 -1.186594808280061919e+00
5.561669541641375503e+00 7.435996765433232625e-01 3.492192543502969926e-03 -8.150824724961980294e-03
3.246881922944169219e+00 6.124205099838780697e+00 1.312629861052206470e+00 -1.209025693670562340e+00
4.246740954865298789e+00 -4.269669883689070744e+00 1.774192416094452440e+00 -1.802394090760851553e+00
8.821186330021602018e-01 6.039148058502934902e+00 1.468926082529759869e+00 -1.981348570932784048e+00
-6.077995290878554613e+00 5.024873688895091561e+00 1.585072470998626804e+00 -1.398957835004203565e+00
-3.117201475931274945e+00 4.107464043513452623e+00 6.443700647136063608e-02 -1.048763009575998550e+00
3.861883932157434529e+00 2.686273693511212812e+00 1.789895099807206735e+00 -1.991534159212523525e+00
3.334175472687237018e+00 4.783742378988225852e+00 1.142222914065661676e+00 -1.375712644814289565e+00
5.767746988523743568e+00 -2.080064310768042546e+00 1.486591155050507318e-01 -1.422500308750463960e-01
4.262376218661410476e+00 5.299478089440610162e+00 1.922372694833733409e+00 -1.783342775001139469e+00
-5.031387175295562564e+00 4.567506885208327816e+00 7.142737459937160693e-01 -1.595587156506885318e+00
-4.663875683953913942e+00 -1.018852212082927977e-01 1.202363194472356511e+00 -9.031255728022772322e-01
5.073291873980030786e+00 6.181276177776195979e+00 1.202410021335991619e+00 -3.392588026934801881e-01
5.546515818257043762e+00 -9.467126272780337359e-01 1.948405166066015992e+00 -4.745209840037789562e-03
2.568747133483688216e+00 4.613958598737314176e+00 8.044083040495322301e-01 -8.900468394151916929e-02
4.384954039554269656e+00 -4.806314521761644087e+00 8.132517852963621063e-01 -1.609056048093656210e+00
-5.495111109733698207e+00 -3.625965975194144875e+00 1.824176543609719037e+00 -1.999985677717731392e+00
-4.577247169025460138e-01 9.595111647089904494e-02 8.092734470369549182e-01 -2.071634326808983184e-01
-3.939406184097942187e-01 -5.322024220450130905e+00 6.115158995254166285e-02 -2.911396024493687618e-01
-2.859642309728873233e+00 5.518658742930790950e+00 1.999128879202584752e+00 -1.534487026058126924e+00
-2.637962588046639301e+00 5.476827445631281321e+00 1.999121510760880849e+00 -1.845371439253079116e+00
3.847747146242145533e+00 -3.691886096803633777e-01 1.673088651833864793e+00 -1.987467147869911521e+00
5.893272248535437186e+00 -3.517278618955402170e+00 1.682641944665264955e+00 -2.968442070046376502e-01
3.486006233417196398e+00 -1.134413956808526081e+00 1.766108791302969161e+00 -1.635632196191150856e+00
-2.534859051503016936e+00 -4.425766695783667437e+00 1.542360809503780406e+00 -1.936834365691788129e+00
-4.026218931263350953e+00 -3.774986212101924199e+00 1.954144011883811816e+00 -1.962789010209187168e-02
4.386144742321672396e+00 5.259609824982728554e+00 1.888672378011632791e+00 -1.607165565406948993e+00
-5.234868065862729125e+00 -1.548914920824597807e+00 1.043748844307446078e+00 -1.864903543118497931e+00
5.991156528704953743e+00 2.468828687765778795e+00 1.974734191294718944e+00 -4.485865889465413536e-01
-1.817488652483272737e+00 -4.079394886243871809e+00 1.953904549706477978e+00 -1.473609575883131573e+00
-9.464303123153072761e-01 2.759828297830253518e+00 1.691474887829734097e+00 -5.141596302649387162e-02
1.469435942146512630e+00 -2.086458983649950305e+00 1.420194674417245562e-01 -1.201335127226059063e+00
