-2.593521101096486259e+00 -4.645337579395234506e+00 2.519871373682003757e+00 -2.057187569381961900e+00
1.901346315755064964e+00 1.823199926334323706e+00 1.084105754472734606e+00 -2.081053878971571791e+00
-3.111851805349556965e+00 -2.572476878483791474e+00 1.983975393963928635e+00 -2.842005280342121853e+00
-2.110351364157094345e+00 -3.120994583256452515e+00 1.982329395368095382e+00 -2.513645308340027640e+00
-4.087012534142903775e+00 -4.589325030620659440e+00 1.195388694189456702e+00 -2.071860240701846489e+00
1.336175422361041143e+00 2.875824942328288003e+00 1.744545842109403111e+00 -1.775687613139391940e+00
3.889174738957162702e+00 5.059338983100687415e-01 2.329480535748619463e+00 -1.358535658441073046e+00
5.338294395971962203e+00 -2.637122452103654702e+00 1.608282295088592662e+00 -1.487145318628889878e+00
2.399449723103094456e+00 -3.402909987553179416e+00 1.825386993831419336e+00 -2.712000371080029559e+00
2.953926013506768200e+00 -5.358277597998508668e-01 2.095252341123120310e+00 -1.155250668848731843e+00
5.315883092644265062e+00 1.220537685600731947e+00 2.773366668080626152e+00 -2.194740215259513683e+00
3.752363393195107477e+00 -6.170853233822823469e+00 2.064286934528953399e+00 -1.185956899336948478e+00
-4.117490607445128070e+00 -3.911344845168859941e+00 1.423604355287374723e+00 -2.402431457643947166e+00
2.676498464263190158e+00 -3.900526696208026056e+00 1.691360629593843035e+00 -2.648499428820056067e+00
-1.057476193923604590e+00 -4.147647309856628439e+00 2.735857544727716473e+00 -1.737179340701761721e+00
1.871021002434298808e-01 -1.854423958398636607e+00 2.178580530134443194e+00 -1.725043759622202799e+00
-4.841244884542240001e+00 -5.271221423885197765e+00 1.159154532412282723e+00 -2.068130061899945193e+00
3.441606492388801897e+00 -1.494374053313375583e+00 1.705329164091817340e+00 -1.927062371562071830e+00
5.530474637979274632e-01 -4.253581107041657816e+00 1.529041336002814555e+00 -1.623141496509125092e+00
6.067258790091974774e+00 -6.110177641941472615e+00 2.036882690733623491e+00 -2.962196436713430359e+00
2.058304216479340809e+00 2.158020121539854230e+00 1.264499639429973010e+00 -2.259532126722717749e+00
-3.956768110547029149e+00 1.320936421555845008e+00 1.294755819265466235e+00 -1.830438119999800106e+00
3.141866144343358869e+00 3.491546934847596262e+00 1.999906232367100634e+00 -2.939388353590285607e+00
5.147631823348840285e+00 -3.426880168297296247e+00 2.255194671478265356e+00 -1.595411366325055535e+00
-3.446838107111396710e+00 3.608009705234911380e+00 2.135143799681657129e+00 -2.851896149269941727e+00
6.062236458648943227e+00 -3.516966806509080445e+00 2.080346934391879898e+00 -1.092246845214752682e+00
4.849891455623005498e+00 -4.697182368188422608e+00 2.990446892908934728e+00 -1.997915716185627133e+00
-5.444694257601192078e+00 5.855087576522139514e+00 2.308713384795717083e+00 -2.608250586494976986e+00
1.385326908545682301e+00 1.748319543422208966e+00 1.032596582339020852e+00 -1.967434988554965569e+00
-5.259353269110629725e+00 -4.388372674371438187e+00 1.190336693527551892e+00 -1.834413433931378457e+00
-9.913908228335168715e-01 -5.352656107699287347e-01 1.573179795032940032e+00 -2.470945766373793262e+00
-9.239450571906004939e-01 -3.835378386262444650e-01 1.701390978384976771e+00 -2.558890222918572377e+00
2.411198926315273994e+00 3.245620342785928258e+00 2.069278312849988311e+00 -2.740884785096599163e+00
7.669283538428510738e-01 -7.393718334312371354e-02 2.051260258397352043e+00 -2.718078317992104420e+00
1.002107979766011958e+00 -1.572355266287828179e+00 2.842607036830367750e+00 -1.999160468859484396e+00
-3.925336166495387413e+00 2.508538893250991109e+00 1.582361654042830246e+00 -2.571029421443431051e+00
-5.530237414413033292e+00 6.103597089444363633e+00 2.122142086843898934e+00 -2.717941151969856861e+00
-3.355544238482120356e+00 -5.325768496212802461e+00 1.826381899223289640e+00 -1.437490531107931790e+00
-3.266762933375675360e-01 3.364987438595113289e+00 1.928908081865924329e+00 -1.076420713702001208e+00
-4.438996393331313683e+00 2.389619034665990682e-01 1.772096560351481331e+00 -1.737672679129887321e+00
6.206694118514381131e+00 2.557499341852926378e+00 2.042139428449351701e+00 -1.168226842026126810e+00
-6.152944158096988581e+00 -4.365507048777533150e+00 1.877862345473439554e+00 -1.662912199280815795e+00
3.160791769942235874e+00 4.329453255253914890e+00 1.982192536759968426e+00 -2.373576309397503525e+00
2.442904429496724816e+00 2.182758769840267732e+00 1.473515186221512341e+00 -2.439867707839467492e+00
-1.951096765207703143e+00 5.640243143702594608e+00 1.443283402412041783e+00 -1.702915990916888944e+00
1.630078268403717168e+00 4.981517944157824118e+00 2.962309438442654042e+00 -1.984246645418370925e+00
5.965763445763281325e+00 -2.706496132749086847e+00 1.868442800179336061e+00 -1.138472876725246330e+00
3.320780792873403442e-01 -1.525801264988555950e+00 2.325678323036041384e+00 -2.042522491153512032e+00
4.510875404577934233e-01 7.606422943597683783e-01 1.699465555532369443e+00 -2.651934857183891658e+00
-1.382203828821637615e+00 3.574597348543283815e+00 1.587839813474798856e+00 -1.829825846743893258e+00
4.974852938968837179e+00 -1.544625613314365431e+00 1.034577097039678595e+00 -2.006789502148644821e+00
-5.225465361434977751e-03 -5.558673631686519734e+00 2.003463265148384576e+00 -2.748812934529765606e+00
4.326977747299983079e+00 2.436058944923482628e+00 2.600873178346061021e+00 -2.286190361929616444e+00
-4.722777408969173862e+00 -5.276573231552154297e+00 1.155020512722798820e+00 -2.005554869865310064e+00
-5.122824303305746341e+00 -4.087587147114398967e+00 1.256283325911637050e+00 -1.766605322537464717e+00
-5.848750545682131374e+00 -3.937566968392021138e-01 2.161481763166535952e+00 -2.837690998440353329e+00
3.585135625437537499e+00 1.344795941741484313e+00 2.418229389416995279e+00 -1.797601393867349184e+00
-4.260358573828746387e+00 -1.986079233571675928e+00 2.823101308235578699e+00 -2.176223578371105916e+00
4.830587331786269090e-01 2.156368851293670730e+00 1.612895907493171688e+00 -1.510561576077274371e+00
-4.161979086954321616e-01 -4.466116757136416204e+00 2.392087734931403809e+00 -1.777021370377251719e+00
4.502704464820217467e+00 -1.175170927225519080e+00 1.097455733306570203e+00 -1.919781523467189555e+00
7.375181355424746954e-01 -1.565332052052180067e+00 2.672443018825604533e+00 -2.004044306946294540e+00
-4.695681746367212028e+00 -2.443373902461676295e-02 2.024427898212637800e+00 -1.983298529917448594e+00
9.783826222674223416e-01 -1.062467783759988293e-01 2.087976099135028907e+00 -2.555216491261271816e+00
-8.345034271224864852e-01 -1.432515846040467444e+00 1.266109747231592086e+00 -2.092566003865787838e+00
5.222505576013061201e-01 -5.680092960608149610e+00 1.717066509150362297e+00 -2.713800590981847005e+00
-7.300523392230733322e-01 -1.476957491181654980e+00 1.336025517713222754e+00 -2.069820447514781225e+00
-2.692736324779148926e+00 4.055544856506186235e+00 1.656356455578169351e+00 -2.550135024941935669e+00
-4.721550342434429837e+00 2.910452754304719392e+00 1.770922356834225608e+00 -1.991082400954961029e+00
2.929755378730469317e+00 -3.966142068864279668e+00 1.845620885667227373e+00 -2.663712193883469581e+00
-6.049749866010992072e+00 -6.235512613694318418e+00 1.988976474554662754e+00 -2.971772134477902227e+00
1.345784929980148981e+00 -3.852643154263347913e+00 1.363821712304522871e+00 -1.830949089050030842e+00
1.752517115342325127e+00 -2.680260458770893361e+00 2.437811803508689312e+00 -2.161829635916826309e+00
3.143759262991213888e+00 4.889965483293853055e+00 1.997867462891441681e+00 -1.823355706920137154e+00
4.751878843135589392e+00 2.891411433665000530e+00 2.247386522646493745e+00 -1.961749496015643190e+00
2.169910423851497683e-01 3.163052507567194027e+00 2.004619784686427764e+00 -1.023675180075945601e+00
1.544745270181602237e-01 8.990244517133749724e-01 1.879569973269089811e+00 -2.614962939556794819e+00
5.355553756949646527e+00 -8.421792214603813775e-01 1.402972752122465305e+00 -2.399323923030347583e+00
5.669868327365580996e+00 1.907440297628053116e+00 2.543274746000369291e+00 -1.729881956179359248e+00
-3.269169474707463330e+00 -1.216167415400610352e+00 2.119314133839819370e+00 -1.655579609682155784e+00
5.396467434829293808e+00 -1.203834356178800746e+00 1.276596590904373718e+00 -2.226735119209620084e+00
-5.183851439766130831e+00 3.365135539692950317e+00 2.197500935564707714e+00 -1.557111390423476793e+00
-5.042339124182500854e+00 5.633493567508224942e+00 2.572309551013612250e+00 -2.257988287245997316e+00
4.517476037901232644e+00 -2.017948960462641494e+00 1.115391810720447907e+00 -2.083747694291575581e+00
3.918931974867710721e+00 5.510125960757079611e+00 1.510202701872668474e+00 -1.489806457205731460e+00
-2.546808971879784167e+00 7.088302075337509223e-01 2.364744421948574704e+00 -1.371240681200766254e+00
4.449945907518236154e+00 6.114453879147649928e+00 1.837818224342024465e+00 -1.744243679911285039e+00
5.099552525666629421e+00 -5.783939654970774669e+00 2.443327116320652692e+00 -2.331479532055874770e+00
2.389071566954550363e-01 1.072520366382478052e+00 1.792132729603605146e+00 -2.464337789355322883e+00
4.110654244422146775e+00 2.244359845237049456e-01 2.183465557013621439e+00 -1.448123877788330072e+00
-4.309023740245399026e-01 5.301353477161315553e+00 1.652683222131426266e+00 -2.504721561240089045e+00
-4.466772479320386680e+00 -2.992299092576604647e+00 2.144275557421847722e+00 -2.240449617436704344e+00
-2.694527912720860563e+00 3.667131335476746301e+00 1.783113795757809150e+00 -2.780036295846016081e+00
3.809662913694417341e+00 -2.635193087494000164e+00 1.699536235821305752e+00 -2.686495969564274944e+00
-3.942570460298894464e+00 8.886415988402616151e-01 1.442648171509842925e+00 -1.561191838582933089e+00
-5.980985865587244987e-01 -1.266456356173059739e+00 1.462803860997540006e+00 -2.247644271524808612e+00
2.327536886992126242e+00 5.046184263814675219e+00 2.686947110708248765e+00 -1.775063096411624297e+00
-1.321347832453406035e+00 -4.478566549076782977e+00 2.942678825364626327e+00 -1.942800909803408693e+00
-6.294226939736198290e-01 -3.674084291901257959e+00 2.298861064675709720e+00 -1.303555202359442333e+00
5.530553733153624307e+00 1.562461083359307779e+00 2.683538145456268342e+00 -2.006083761677239341e+00
1.681214017143910056e+00 2.851230994610769898e+00 1.715444750362949300e+00 -2.105580802602193380e+00
1.936947027548445277e+00 -1.979949297260787944e+00 2.856642031177933472e+00 -2.142433513693198233e+00
3.719230282045080216e+00 -2.249049666391392144e+00 1.574810168379336073e+00 -2.525635864455460400e+00
