-2.899871248305450511e+00 7.462478661537079727e-01 7.462478661537079727e-01 4.648301882845434219e-01
2.401344477820311241e+00 8.279077098970535342e-01 8.279077098970535342e-01 -9.959257268611202418e-01
-1.501406864015653042e-02 -5.412421499885645693e-01 -5.412421499885645693e-01 -3.002362481010465919e-02
-4.374843736904169944e+00 9.049358064657564427e-03 9.049358064657564427e-03 -6.249679579687787978e-01
-4.077779568995657300e+00 -3.103243933724311177e-01 -3.103243933724311177e-01 -9.548691163196753040e-01
-3.382411242712822563e+00 -2.766354414283094254e-01 -2.766354414283094254e-01 -4.632307248193301419e-01
7.497444337467218389e-02 -9.645611289588027493e-01 -9.645611289588027493e-01 1.493875929744652720e-01
2.835848130742885331e+00 -5.776677722252188119e-01 -5.776677722252188119e-01 -5.740873179037762064e-01
-2.676011579431882836e+00 5.874014857670291079e-01 5.874014857670291079e-01 8.023141711536817544e-01
-5.509841863047078903e+00 2.055623094864063027e-01 2.055623094864063027e-01 9.997093815644904069e-01
4.253786533284634075e+00 6.351879626673999635e-01 6.351879626673999635e-01 7.939051829446113207e-01
-3.260089503039908188e+00 7.082386377722624804e-01 7.082386377722624804e-01 -2.347814222446148180e-01
-7.125665528257840720e-02 9.516105783809127860e-01 9.516105783809127860e-01 -1.420313916213530314e-01
2.484728876092795247e+00 5.832853828499018345e-01 5.832853828499018345e-01 -9.671393871624557326e-01
5.521706957570890140e+00 7.277691917538695598e-01 7.277691917538695598e-01 -9.988559032427710704e-01
-3.025322976660901553e+00 -2.000664663218287842e-02 -2.000664663218287842e-02 2.304492693589224872e-01
-1.174705375877347358e+00 1.152805521882383610e+00 1.152805521882383610e+00 -7.118873016977533830e-01
5.372491328342457351e+00 3.805793213591446289e-02 3.805793213591446289e-02 -9.687658803244162398e-01
-5.500558274730885877e+00 -1.166793402274843849e+00 -1.166793402274843849e+00 9.999846417058428916e-01
-4.941537556804466824e+00 -9.410095723999276629e-01 -9.410095723999276629e-01 4.424216235964640309e-01
-3.903083460360656787e-01 -2.973212788578902810e-01 -2.973212788578902810e-01 -7.037177001837030543e-01
-5.321904672976620176e+00 1.138539364583306179e+00 1.138539364583306179e+00 9.387660554713734840e-01
3.293844796343197601e+00 -1.009319286495722334e+00 -1.009319286495722334e+00 2.998203025740031613e-01
1.556031919169862832e+00 1.184666742750528634e-01 1.184666742750528634e-01 2.952452415749941619e-02
-5.366882085104287547e+00 1.786635045650881715e-01 1.786635045650881715e-01 9.659230492198869200e-01
-5.580899325488172913e+00 3.499356282455734490e-01 3.499356282455734490e-01 9.862165114992799131e-01
-8.694040742623103668e-01 -1.080662008959232478e+00 -1.080662008959232478e+00 -9.859191834229620310e-01
-4.658430686341947791e+00 -3.883742373520515656e-01 -3.883742373520515656e-01 -1.077072441062419395e-01
1.083885964107559552e+00 4.668604851476865214e-01 4.668604851476865214e-01 8.270395415368089198e-01
2.589378370297056975e+00 1.080628090995779056e+00 1.080628090995779056e+00 -8.932073948668823871e-01
3.075648404876000441e+00 6.987870046008006764e-01 6.987870046008006764e-01 -1.315064724272143881e-01
-1.713627356111118161e+00 7.223870134802619081e-01 7.223870134802619081e-01 2.817927419115513477e-01
6.695077233874062728e-01 -7.039954925776683581e-01 -7.039954925776683581e-01 9.732588505958323921e-01
7.208998528820806939e-01 9.186864811320043511e-01 9.186864811320043511e-01 9.916914667283430740e-01
-4.457417837680708317e+00 2.434593763524641741e-01 2.434593763524641741e-01 -4.881268759766713705e-01
4.516763460899165139e+00 -5.151889523778296898e-02 -5.151889523778296898e-02 3.813452145837694096e-01
6.387812390757190428e-01 -1.145523881878697026e+00 -1.145523881878697026e+00 9.573141403631729718e-01
-6.118781868643245581e+00 1.181675152617531088e+00 1.181675152617531088e+00 3.229140532079386450e-01
-4.049325104226618066e+00 2.392661739716723801e-01 2.392661739716723801e-01 -9.702176610462019957e-01
-5.470477932417858291e+00 3.414720403989337516e-01 3.414720403989337516e-01 9.985087847172759989e-01
-5.154839962967185940e+00 5.162335720982962339e-01 5.162335720982962339e-01 7.738528989794082324e-01
-1.012938144252556683e+00 1.111720526415193033e+00 1.111720526415193033e+00 -8.982258851487264772e-01
-4.106375667226345172e+00 6.851819015570053129e-01 6.851819015570053129e-01 -9.363295180854369626e-01
1.046928403520002604e+00 -7.318709945767895020e-01 -7.318709945767895020e-01 8.662944259774609801e-01
4.919163568746558468e+00 5.143851508611483325e-01 5.143851508611483325e-01 -4.018618344583471669e-01
2.712852953831500713e+00 3.911582179277424132e-01 3.911582179277424132e-01 -7.561956229916798611e-01
5.202166630374909673e+00 5.124069480302031465e-01 5.124069480302031465e-01 -8.302495804438996263e-01
1.899064741637861431e+00 -1.827863147384867215e-01 -1.827863147384867215e-01 -6.103773030780627051e-01
2.498320121488548651e+00 1.490287051993426370e-01 1.490287051993426370e-01 -9.598718967420940551e-01
-4.311927168066827853e+00 -2.555005323007485396e-01 -2.555005323007485396e-01 -7.179992803067272167e-01
-2.783610902039332480e+00 3.831934642876566599e-01 3.831934642876566599e-01 6.563446469466350797e-01
2.112844269476283898e+00 7.779110515823182137e-01 7.779110515823182137e-01 -8.838809104611942136e-01
5.770906421337720360e+00 -2.187763763551171525e-01 -2.187763763551171525e-01 -8.544845456784083693e-01
-3.455066990931168203e+00 -8.941830037662239494e-01 -8.941830037662239494e-01 -5.866764643356842113e-01
-6.575050296305589015e-01 7.506378592331808264e-01 7.506378592331808264e-01 -9.674646642208992731e-01
5.478587947394800040e+00 -5.999955741910438789e-01 -5.999955741910438789e-01 -9.992628722935088526e-01
1.502690952749883735e+00 1.911760271212896711e-01 1.911760271212896711e-01 1.357899439596990943e-01
4.760249239661202836e+00 5.910425371671099715e-01 5.910425371671099715e-01 -9.557441360768893779e-02
6.640644911661128802e-01 -3.730764108762740783e-02 -3.730764108762740783e-02 9.707004854195393495e-01
-4.115257012717908225e+00 3.185681130007891326e-01 3.185681130007891326e-01 -9.299452567161268224e-01
5.921553186757057219e+00 1.336790215131877790e-01 1.336790215131877790e-01 -6.618352296247730360e-01
-1.351237785853086848e+00 -4.642725490034658176e-01 -4.642725490034658176e-01 -4.251404775161518601e-01
4.856706303273634617e+00 3.895004970756112961e-01 3.895004970756112961e-01 -2.846436166551874480e-01
-1.404616187975095798e+00 3.092547110408294664e-02 3.092547110408294664e-02 -3.262750463042385363e-01
-4.551415118534393400e+00 4.468622425677217791e-01 4.468622425677217791e-01 -3.164148110943789671e-01
3.821635626373375061e+00 -4.844624366220906531e-02 -4.844624366220906531e-02 9.778825819595394764e-01
-8.102725881102799121e-01 4.142949111164921927e-01 4.142949111164921927e-01 -9.987627811930108734e-01
-3.923034610315149884e+00 5.739301166004553423e-01 5.739301166004553423e-01 -9.999686970208494508e-01
-9.348785366146339371e-01 -3.949861031346403317e-01 -3.949861031346403317e-01 -9.556430935942369365e-01
4.279616817048509603e+00 4.566437037775168406e-01 4.566437037775168406e-01 7.614482229766261767e-01
-3.493980276908877691e+00 1.170024175764131646e+00 1.170024175764131646e+00 -6.478626384129660964e-01
4.262425674132183318e+00 -6.292185071826726928e-01 -6.292185071826726928e-01 7.832812891197026284e-01
-6.093423394115975888e+00 -5.251545004037287967e-01 -5.251545004037287967e-01 3.704782215421169589e-01
-3.130457512863422664e-01 -7.697074152637493061e-01 -7.697074152637493061e-01 -5.859820925600570662e-01
6.133805753432918451e+00 1.017055962819544357e+00 1.017055962819544357e+00 -2.943345095517967969e-01
-2.329139109791697138e+00 -5.092671172881297892e-01 -5.092671172881297892e-01 9.985363699576529362e-01
5.846229335463300814e+00 8.462322325885602847e-01 8.462322325885602847e-01 -7.668456071977112209e-01
-3.385578737436594210e+00 -5.611404076892526627e-01 -5.611404076892526627e-01 -4.688356986907820101e-01
-4.694327270194648349e+00 5.233644321873767158e-01 5.233644321873767158e-01 -3.611556464174251607e-02
-2.483120351867498243e-01 -5.683441765211599828e-01 -5.683441765211599828e-01 -4.764601552812640639e-01
-2.613403132764454018e+00 7.539996211622745914e-01 7.539996211622745914e-01 8.705795818985304635e-01
5.061096433192847854e+00 1.572255119872698614e-01 1.572255119872698614e-01 -6.422383476373522138e-01
-1.485030343288891608e+00 1.027498082830943682e+00 1.027498082830943682e+00 -1.706920332979164345e-01
1.912892205657625411e+00 6.586732419309035969e-01 6.586732419309035969e-01 -6.320468867238887567e-01
-3.185129235888843446e+00 5.592328610408683343e-01 5.592328610408683343e-01 -8.696317867624697717e-02
2.700345561846084763e+00 4.930726886933864961e-01 4.930726886933864961e-01 -7.723256517508646501e-01
2.377311192222062886e+00 -7.025132255540622594e-02 -7.025132255540622594e-02 -9.991083023430821219e-01
-3.652122200311803901e+00 -9.000115763080044351e-01 -9.000115763080044351e-01 -8.526618373977747911e-01
1.874199377252715237e+00 6.302458120122880203e-01 6.302458120122880203e-01 -5.702466695920773709e-01
4.264489431586651946e+00 -5.649453097790098077e-01 -5.649453097790098077e-01 7.807086825956720544e-01
4.668275238292492801e+00 8.512331082701656282e-01 8.512331082701656282e-01 8.811306696081730450e-02
-4.669549259931944363e+00 6.592590220398113487e-01 6.592590220398113487e-01 -8.557465105691428042e-02
2.239820310905932033e+00 -4.190848373569666663e-02 -4.190848373569666663e-02 -9.730361545329478945e-01
2.399720675405017545e+00 6.894586910526157020e-02 6.894586910526157020e-02 -9.962133346235561016e-01
-1.662493342982779509e+00 6.407559656539787429e-01 6.407559656539787429e-01 1.823677332002514584e-01
-1.930173127089650720e+00 -2.842999036354172393e-01 -2.842999036354172393e-01 6.584471098157212987e-01
-5.711449299839884475e+00 -4.592695434156077727e-01 -4.592695434156077727e-01 9.100779107195412498e-01
-3.117335756290607662e+00 7.691171798049243336e-01 7.691171798049243336e-01 4.849476658809393631e-02
-5.568503463890840166e+00 -1.075769956373439529e+00 -1.075769956373439529e+00 9.900150650147281350e-01
2.316003067838112273e+00 4.380443468784225303e-01 4.380443468784225303e-01 -9.967710383350046888e-01
-4.359408417157099258e+00 4.825476814269800130e-01 4.825476814269800130e-01 -6.487655351187187058e-01
-1.360843974759727182e+00 -2.651535165997093157e-01 -2.651535165997093157e-01 -4.076734375487711670e-01
6.208631941827130518e+00 -9.754106148304267920e-01 -9.754106148304267920e-01 -1.485548341266852146e-01
-5.927631514102731813e+00 -8.004541855223485936e-01 -8.004541855223485936e-01 6.526733221456009204e-01
5.362393098998355256e+00 -5.973779108018669737e-01 -5.973779108018669737e-01 -9.635603888331654154e-01
3.073878100577811523e+00 8.910171901164207764e-01 8.910171901164207764e-01 -1.350155003334826409e-01
5.776850889108587239e+00 -4.100888196455182433e-01 -4.100888196455182433e-01 -8.482482761916592118e-01
-2.830191637520425907e+00 -9.180847685435025163e-01 -9.180847685435025163e-01 5.833133901820803935e-01
4.956993417652197920e-01 5.217487224164500947e-01 5.217487224164500947e-01 8.367926040564018786e-01
2.041341716300122400e-01 7.109775548315109273e-01 7.109775548315109273e-01 3.970205926821236964e-01
-4.319533778228351828e+00 -1.842910474372916330e-01 -1.842910474372916330e-01 -7.073275343820097927e-01
2.214884420879878135e+00 7.061620740198275570e-01 7.061620740198275570e-01 -9.603280501485941256e-01
-9.535877207110825537e-01 -7.558862903190894933e-01 -7.558862903190894933e-01 -9.439560012913722487e-01
2.939638285775076909e+00 -7.179918397096229921e-01 -7.179918397096229921e-01 -3.930155422607602422e-01
-2.641665061057443253e-01 4.065092045432423529e-01 4.065092045432423529e-01 -5.040943506205216584e-01
-2.001967547408876058e+00 -8.114274745798268906e-01 -8.114274745798268906e-01 7.593687787699033853e-01
-5.619761177419686504e-01 4.675034027675339932e-01 4.675034027675339932e-01 -9.018153274679283626e-01
-3.752585790370384977e+00 -9.762058102129372861e-01 -9.762058102129372861e-01 -9.397800778249695286e-01
3.032983638804344295e+00 2.946169213191589531e-01 2.946169213191589531e-01 -2.155138642587430264e-01
-3.543895352691781575e+00 -1.032406015540274780e-01 -1.032406015540274780e-01 -7.205570839475357037e-01
-7.438054414079671162e-01 -5.024581621982238122e-01 -5.024581621982238122e-01 -9.965420856566296059e-01
-1.066869823086929792e+00 8.242004330632479725e-01 8.242004330632479725e-01 -8.456879927031349942e-01
-5.981820085198156889e+00 1.303526250733360037e-01 1.303526250733360037e-01 5.668938984469129583e-01
-1.941286375198211012e+00 3.777745081398771188e-01 3.777745081398771188e-01 6.750113583314748533e-01
6.383452701842253774e-01 9.601104554356918452e-01 9.601104554356918452e-01 9.570617432686779891e-01
4.388846976008249356e-01 -1.120144764755393041e-02 -1.120144764755393041e-02 7.693157302354982630e-01
5.478224646865230696e-01 -9.685714714389481728e-02 -9.685714714389481728e-02 8.892234715697978631e-01
-4.147027740277341223e+00 -1.358272861652984886e-01 -1.358272861652984886e-01 -9.047202065801760451e-01
-1.724257817743482413e+00 -4.395281273129160171e-01 -4.395281273129160171e-01 3.021268492804716210e-01
4.626525872818273655e+00 -2.882439713709044060e-01 -2.882439713709044060e-01 1.708834274950815080e-01
7.289008087461645857e-01 -7.811768347021912362e-01 -7.811768347021912362e-01 9.936228873124948180e-01
1.218978692283793741e+00 3.935793493115280484e-02 3.935793493115280484e-02 6.469938315021375175e-01
4.441096400189612936e+00 -5.721036851335382645e-01 -5.721036851335382645e-01 5.163515856943245996e-01
2.406177366879166613e+00 -1.196825917786401572e+00 -1.196825917786401572e+00 -9.950075836522568329e-01
6.629673121358283794e-01 4.806046479779624292e-02 4.806046479779624292e-02 9.701708606227025244e-01
4.127197256505887424e+00 1.022682318042448246e+00 1.022682318042448246e+00 9.209001328309590617e-01
-3.139218333500331859e+00 1.047006200321262126e+00 1.047006200321262126e+00 4.748622332299804079e-03
-1.739628493442268109e+00 1.150522427633097200e+00 1.150522427633097200e+00 3.312842238172378773e-01
-2.339617999288630124e+00 1.165672067327831352e+00 1.165672067327831352e+00 9.994504902328447127e-01
-5.760227732347197538e+00 -2.731758692979320280e-01 -2.731758692979320280e-01 8.653834910817382875e-01
-5.195966224231653996e+00 1.178824645742777344e+00 1.178824645742777344e+00 8.232738092137329433e-01
-2.199486599176996293e-01 -1.008162228173414832e+00 -1.008162228173414832e+00 -4.258465627710747436e-01
-5.125425579322497427e+00 3.323002265708623337e-01 3.323002265708623337e-01 7.352755849917652631e-01
-4.216332482430724227e+00 -9.007349765264633934e-01 -9.007349765264633934e-01 -8.371834908444163448e-01
-2.786176713672539051e-02 3.685097926677183278e-01 3.685097926677183278e-01 -5.569470077869219382e-02
-6.229571714233295587e+00 -1.092790710341489113e+00 -1.092790710341489113e+00 1.070218268634024056e-01
3.050326541343720166e+00 -7.528963411886555601e-01 -7.528963411886555601e-01 -1.815203098757898204e-01
5.999112784991918801e+00 -5.033951327203478598e-01 -5.033951327203478598e-01 -5.380694322812743513e-01
-1.990785113512615112e+00 -9.062961452867822620e-01 -9.062961452867822620e-01 7.446281508854439846e-01
4.290405467758724001e+00 -4.954609327534589269e-01 -4.954609327534589269e-01 7.472850955862908595e-01
-2.878750243202121695e-01 -8.254671278588914252e-01 -8.254671278588914252e-01 -5.444640726967430178e-01
1.511087300523220378e+00 8.371784796916428295e-01 8.371784796916428295e-01 1.191344245899200183e-01
-4.927888449229151036e+00 9.322006190716483065e-01 9.322006190716483065e-01 4.177785944307159105e-01
-4.766737690479049050e+00 1.156276744500728926e+00 1.156276744500728926e+00 1.084835009256149563e-01
2.178501493403430800e+00 -3.387874838142790335e-01 -3.387874838142790335e-01 -9.375122513235220056e-01
-2.449042541051787314e+00 7.858779275096270389e-01 7.858779275096270389e-01 9.828079669977933808e-01
4.631394117965745849e+00 2.009032213667221178e-01 2.009032213667221178e-01 1.612822005938214509e-01
5.275621426725274787e+00 5.440812592085424448e-01 5.440812592085424448e-01 -9.028982531043339144e-01
3.519236614716891864e-01 2.041932267662938116e-01 2.041932267662938116e-01 6.471555070585461866e-01
-5.082257291372577868e+00 9.826899191654347998e-01 9.826899191654347998e-01 6.740933918534476321e-01
-2.622825165795324320e+00 4.531465247058030776e-02 4.531465247058030776e-02 8.611537630839781743e-01
1.499510737917624681e+00 -6.949352225584682907e-01 -6.949352225584682907e-01 1.420886719242459295e-01
-1.608742842710732646e+00 -1.126074520014749503e+00 -1.126074520014749503e+00 7.582019863269993942e-02
3.629574271861560675e+00 -1.925296111660321774e-01 -1.925296111660321774e-01 8.282420416788403017e-01
-7.612514722256902289e-01 -2.066299792122219259e-01 -2.066299792122219259e-01 -9.988341012346966252e-01
-3.869533645946526601e+00 5.507981270865500711e-01 5.507981270865500711e-01 -9.934046096322870500e-01
5.338299587612301167e+00 1.077926476756369878e+00 1.077926476756369878e+00 -9.495573148764367977e-01
-5.187028730623382877e+00 4.223065199160154215e-01 4.223065199160154215e-01 8.129961913074218449e-01
-5.701410062332593398e+00 3.392855883699938957e-01 3.392855883699938957e-01 9.182151780830160037e-01
-2.223136145762094174e+00 1.085464190969922305e+00 1.085464190969922305e+00 9.647994280476885898e-01
-6.057273990641066419e+00 -2.756991484860438213e-02 -2.756991484860438213e-02 4.366059953997690757e-01
4.776788993978442477e+00 -8.257573786146127359e-01 -8.257573786146127359e-01 -1.284442022585394749e-01
-2.281250078398535663e-01 -5.342009862468951598e-01 -5.342009862468951598e-01 -4.405848105446312779e-01
-1.075444333478577263e+00 -3.887661244870282973e-01 -3.887661244870282973e-01 -8.364120417298789301e-01
-3.707836217463311268e+00 -1.013699004238143297e+00 -1.013699004238143297e+00 -9.054705484746339295e-01
5.076970451061814771e+00 4.524994900765524353e-01 4.524994900765524353e-01 -6.662456467736456167e-01
-5.317283881354581965e-01 -1.319980981558781519e-01 -1.319980981558781519e-01 -8.740401883770670954e-01
-9.880138161065046276e-01 8.275550937958764397e-01 8.275550937958764397e-01 -9.190112339054771207e-01
-4.056256286200309091e+00 5.228643632649216944e-01 5.228643632649216944e-01 -9.667666023556746868e-01
-1.318705007663416140e+00 8.519380966792213794e-01 8.519380966792213794e-01 -4.830919446639020398e-01
-4.307190652783663865e+00 -9.961158162358180190e-01 -9.961158162358180190e-01 -7.245606105252208051e-01
5.377606742820889352e+00 6.378831405763363271e-02 6.378831405763363271e-02 -9.712521480658625750e-01
4.169032818117488048e+00 -1.111379274088043045e+00 -1.111379274088043045e+00 8.851016237081492655e-01
-5.025237013061635061e+00 -9.763012865362300507e-01 -9.763012865362300507e-01 5.856616144838001636e-01
-2.238836523916390320e+00 -6.227513627452516687e-01 -6.227513627452516687e-01 9.725804452062647432e-01
2.282200920427143842e+00 2.803102601204119360e-01 2.803102601204119360e-01 -9.890698727870620433e-01
-5.636429356016788184e+00 -9.164110333251799245e-01 -9.164110333251799245e-01 9.618023584477872756e-01
5.062162703998499325e+00 5.024160443326100012e-01 5.024160443326100012e-01 -6.438714898280339938e-01
-3.815394198904078937e+00 -7.549561443722527798e-01 -7.549561443722527798e-01 -9.751956162994522836e-01
5.852865745623342164e+00 7.030678798050367106e-01 7.030678798050367106e-01 -7.582593959511100268e-01
-5.255372517627019846e+00 -4.549415959325059378e-01 -4.549415959325059378e-01 8.847545402122167779e-01
2.255686192161077130e+00 1.147855863762459849e+00 1.147855863762459849e+00 -9.798641049831354755e-01
-1.407794697016307772e+00 6.293721586302107873e-01 6.293721586302107873e-01 -3.202593646487707502e-01
4.556629913143087407e+00 1.131901523805454390e+00 1.131901523805454390e+00 3.065040547808681182e-01
-2.614669829431888193e+00 9.128000456439193666e-01 9.128000456439193666e-01 8.693302899820261054e-01
-1.731944794609210803e+00 -5.705944631753524510e-01 -5.705944631753524510e-01 3.167460615380773281e-01
-3.311897534129918608e+00 -1.115603062236308229e+00 -1.115603062236308229e+00 -3.340618852117773763e-01
4.353054796375008806e-01 -2.584269579230638048e-01 -2.584269579230638048e-01 7.647227571098005328e-01
-5.601262241018645227e-01 -1.282540819264059717e-01 -1.282540819264059717e-01 -9.002104007445521638e-01
-2.790016936491930277e+00 -9.139619983946589699e-02 -9.139619983946589699e-02 6.466248340378799586e-01
-4.462358983217221464e+00 3.949684588682182973e-01 3.949684588682182973e-01 -4.794781877235211320e-01
4.024897991726373192e+00 2.978672394904555709e-01 2.978672394904555709e-01 9.808895505921096936e-01
4.344833588907688338e+00 4.275001196963061911e-01 4.275001196963061911e-01 6.706693337249557407e-01
-5.124352196749851984e+00 -8.564828913716162617e-01 -8.564828913716162617e-01 7.338188825373440638e-01
9.147547472257171464e-01 7.079751094722086524e-01 7.079751094722086524e-01 9.667199974716782496e-01
4.693628664164466002e+00 -5.127715428759012095e-01 -5.127715428759012095e-01 3.751182948244184689e-02
-8.554516723163816394e-01 6.166580461367441313e-01 6.166580461367441313e-01 -9.902010569398658202e-01
-2.961572776582999111e+00 -4.708039257187973670e-01 -4.708039257187973670e-01 3.523114386517620100e-01
4.061645326269394118e-01 -1.863708377798194427e-01 -1.863708377798194427e-01 7.258910952977857267e-01
4.530602769136185870e+00 -6.025397454964555033e-01 -6.025397454964555033e-01 3.556153971361559751e-01
9.672950633647978691e-01 1.196511858028344255e+00 1.196511858028344255e+00 9.345536337856433784e-01
4.364912540764152027e-01 7.538981423802944004e-01 7.538981423802944004e-01 7.662487351225021337e-01
-5.902281517028816538e+00 -8.469289333282706833e-01 -8.469289333282706833e-01 6.902305182196885047e-01
-1.101030622934395353e+00 1.051955700946300754e+00 1.051955700946300754e+00 -8.072816416391668248e-01
1.370079265431455084e+00 -3.145116600422382946e-01 -3.145116600422382946e-01 3.907388559003658335e-01
2.427042661206940011e+00 -4.905936559174844946e-01 -4.905936559174844946e-01 -9.899778587652187101e-01
-2.579957586088634347e+00 -8.636426286470597624e-01 -8.636426286470597624e-01 9.015203673195759659e-01
4.395160835207816419e-01 8.300880332041919996e-01 8.300880332041919996e-01 7.701218621426079158e-01
-6.809693778188492530e-01 -3.511088581628400984e-01 -3.511088581628400984e-01 -9.782684270391417414e-01
4.970883347475837155e+00 -1.128367746576182107e-01 -1.128367746576182107e-01 -4.942646547776364252e-01
5.610761081553663487e-01 9.931752003198368595e-01 9.931752003198368595e-01 9.010360396721923681e-01
2.519705327034651887e+00 -1.042089344325126676e+00 -1.042089344325126676e+00 -9.470032520833813194e-01
-7.997604673420530830e-01 -3.850389050735022467e-01 -3.850389050735022467e-01 -9.995874768164888513e-01
-4.146480773422716481e+00 6.266984414632175149e-01 6.266984414632175149e-01 -9.051856877784927313e-01
3.654981458996802601e+00 -2.907019351229467308e-01 -2.907019351229467308e-01 8.556355943774880402e-01
1.761511319420616672e+00 -9.621644228290926470e-01 -9.621644228290926470e-01 -3.722480664530573580e-01
-2.821043697482722656e+00 -1.012465706721824121e+00 -1.012465706721824121e+00 5.980757119819540835e-01
-4.112447834117089585e+00 -7.391148816722257209e-01 -7.391148816722257209e-01 -9.319964272979722741e-01
7.033350759792611484e-02 -5.313466229926030460e-01 -5.313466229926030460e-01 1.402035726698983853e-01
9.155946968940327224e-01 -2.378766290569938047e-01 -2.378766290569938047e-01 9.662888536031534192e-01
-4.596550043560584164e+00 1.802551757390102871e-02 1.802551757390102871e-02 -2.296108910470498754e-01
-2.575188024804315745e-01 6.811640228376092399e-01 6.811640228376092399e-01 -4.925675760116074997e-01
2.609867061379976150e+00 8.998891071534809161e-01 8.998891071534809161e-01 -8.740374715421621588e-01
1.316055836037115512e-01 1.132853565177778021e+00 1.132853565177778021e+00 2.601824609121940468e-01
2.889935273864370657e+00 -7.861108287434546149e-01 -7.861108287434546149e-01 -4.823318744951494708e-01
2.486944390009606209e+00 9.614246542698594578e-01 9.614246542698594578e-01 -9.660033220631980555e-01
1.298109392601603851e+00 9.190384391129626795e-01 9.190384391129626795e-01 5.187377593259883124e-01
3.154502178087390973e+00 -4.921475454326741383e-01 -4.921475454326741383e-01 2.581618049423893557e-02
-1.684640295086346384e+00 1.060448213667432027e+00 1.060448213667432027e+00 2.257257377462008052e-01
-5.358002993780151435e+00 4.418784480060760078e-01 4.418784480060760078e-01 9.611746514859598189e-01
7.106966650798796081e-03 -3.949590759967065434e-01 -3.949590759967065434e-01 1.421345468563154323e-02
-1.079112952642758749e+00 -3.465999671880206634e-01 -3.465999671880206634e-01 -8.323680148269154699e-01
4.203918233586001918e+00 1.921965167403927310e-01 1.921965167403927310e-01 8.505033208294862090e-01
4.376915857126560283e+00 9.904907577851582712e-01 9.904907577851582712e-01 6.217273974366228639e-01
1.553678636133007274e+00 4.472863662237944737e-01 4.472863662237944737e-01 3.422869405456561293e-02
-2.062702839073722316e-01 3.197245924755363067e-01 3.197245924755363067e-01 -4.009380467143670579e-01
4.233762799551675116e+00 -8.890978645586145035e-02 -8.890978645586145035e-02 8.176126525366030906e-01
-2.885339263187229886e+00 -4.938938315339264085e-01 -4.938938315339264085e-01 4.903634899312352413e-01
4.134349484637265704e+00 7.797502295328035959e-01 7.797502295328035959e-01 9.152302514952187495e-01
4.828520228440256190e+00 2.252176457637244944e-02 2.252176457637244944e-02 -2.301798545924848560e-01
-3.814358931088430715e+00 -7.242038157870478443e-01 -7.242038157870478443e-01 -9.747352239925021200e-01
-1.915514606396204300e+00 7.680056109130097841e-01 7.680056109130097841e-01 6.361025297359858000e-01
-1.971740651717511561e+00 1.470939339324854878e-01 1.470939339324854878e-01 7.186706457324627539e-01
-1.992063408110733569e+00 3.712969325352837302e-01 3.712969325352837302e-01 7.463321864712956222e-01
5.526432630286688408e-01 -3.799270302365193031e-01 -3.799270302365193031e-01 8.935928431910314940e-01
5.932563004482723557e+00 5.771493972760370905e-01 5.771493972760370905e-01 -6.451691147433201712e-01
-4.832001772008123197e-01 -8.011847216556355900e-01 -8.011847216556355900e-01 -8.228454955625366107e-01
-5.241797371779954418e+00 -9.593591768506274375e-01 -9.593591768506274375e-01 8.717764299694094055e-01
2.842110837612677798e+00 1.014390486697729132e+00 1.014390486697729132e+00 -5.637868188602632724e-01
9.226390152565722147e-01 1.352670444715831088e-01 1.352670444715831088e-01 9.625658101210463613e-01
-6.003811181245569450e+00 -4.843149627303611204e-02 -4.843149627303611204e-02 5.301252320446278032e-01
-1.588387685553555251e+00 -8.565779511730874374e-01 -8.565779511730874374e-01 3.517545963345184573e-02
2.014714758900590041e+00 9.381857558860307034e-01 9.381857558860307034e-01 -7.757084268887128875e-01
3.457068465452639572e-02 -1.154581581051705497e+00 -1.154581581051705497e+00 6.908629375561177455e-02
4.575662713792089775e+00 -1.475421852364875441e-01 -1.475421852364875441e-01 2.700572913651048124e-01
2.848667431702805786e+00 -2.204590359574798430e-01 -2.204590359574798430e-01 -5.529082078071270168e-01
4.874829175839208162e-01 1.873141642216686886e-01 1.873141642216686886e-01 8.276827154718375823e-01
4.740186281572373872e+00 3.582374222456459201e-01 3.582374222456459201e-01 -5.556596854026545768e-02
3.099760349257032033e+00 6.199496268747806127e-02 6.199496268747806127e-02 -8.356703736304881003e-02
3.388176878769764144e-01 -1.073302733001243459e+00 -1.073302733001243459e+00 6.269526004972393318e-01
-5.907749768726764827e+00 6.013762053095519367e-01 6.013762053095519367e-01 6.822758586133241820e-01
-3.514357305135169973e+00 -1.148757366486486298e+00 -1.148757366486486298e+00 -6.783607997653667843e-01
1.679691012931931127e+00 -3.680118279340984788e-01 -3.680118279340984788e-01 -2.160717456486054011e-01
1.492087907216578024e+00 1.651705782815398038e-01 1.651705782815398038e-01 1.567675110458295051e-01
8.427831286716704895e-01 -8.132975402157645028e-01 -8.132975402157645028e-01 9.934211577304868923e-01
3.100704487193143066e+00 -6.107252197822209405e-01 -6.107252197822209405e-01 -8.168521851761358088e-02
-5.226596307262273200e+00 -6.028657991255070847e-01 -6.028657991255070847e-01 8.564817460735558718e-01
6.115697566357010118e-01 -2.854391278308766600e-01 -2.854391278308766600e-01 9.401736067948849307e-01
6.269845366619982485e+00 -1.040479891684691349e-01 -1.040479891684691349e-01 -2.667671603723004506e-02
1.927818257394084966e+00 1.103132574290035306e+00 1.103132574290035306e+00 -6.548951431772194187e-01
4.059505885936033565e+00 9.614828154806784877e-01 9.614828154806784877e-01 9.650846070483383166e-01
-2.720304051174704973e+00 -6.651090413561489001e-02 -6.651090413561489001e-02 7.463608335325874199e-01
5.353393795263295729e+00 -3.776641931478197378e-01 -3.776641931478197378e-01 -9.585901167921018207e-01
6.230234461135406576e+00 1.006702984392259692e+00 1.006702984392259692e+00 -1.057038521764726013e-01
-5.441622706209555460e+00 -2.253540422469261228e-01 -2.253540422469261228e-01 9.936977427930311357e-01
-5.421761628717317372e+00 -4.359633797999552529e-01 -4.359633797999552529e-01 9.884624962956406469e-01
-3.782778817358023016e+00 -1.332778452806500091e-01 -1.332778452806500091e-01 -9.586933462125133421e-01
-4.980240681293208738e-01 3.754471084003512260e-01 3.754471084003512260e-01 -8.393292185604598332e-01
2.847927475726814706e+00 -1.018738187840178888e+00 -1.018738187840178888e+00 -5.541407269302630612e-01
-4.530589736183935123e+00 -3.057733002460454319e-01 -3.057733002460454319e-01 -3.556397590537559994e-01
3.839608444856354552e+00 1.613097546116657455e-01 1.613097546116657455e-01 9.847674715930222478e-01
-2.627568544526135419e+00 6.759631152016920552e-02 6.759631152016920552e-02 8.562925428178785880e-01
1.763697632606753274e-01 1.504225374028913542e-01 1.504225374028913542e-01 3.454699539726174273e-01
2.156015318169703932e+00 8.674099310508298633e-01 8.674099310508298633e-01 -9.209213891248517747e-01
1.667001622557762630e+00 8.613432895898032182e-01 8.613432895898032182e-01 -1.912255550466088749e-01
3.608546085108891077e+00 -1.056886047216228475e+00 -1.056886047216228475e+00 8.039494726436280381e-01
4.611276089626962005e+00 1.783691732703918120e-02 1.783691732703918120e-02 2.008502509527822777e-01
-5.666725251938867558e+00 1.461349019539954774e-01 1.461349019539954774e-01 9.434607933154214310e-01
-1.322587002997065220e+00 1.179450957621340335e+00 1.179450957621340335e+00 -4.762795383316756337e-01
-1.669921262724463062e-01 -7.838853518842314738e-01 -7.838853518842314738e-01 -3.278097180676594613e-01
5.636364642485240495e+00 -4.177402436031704136e-01 -4.177402436031704136e-01 -9.618377803792726999e-01
-1.010552883307217265e+00 -1.189155916361602561e+00 -1.189155916361602561e+00 -9.003124635881879501e-01
3.571996696999473642e+00 9.988313417526561988e-01 9.988313417526561988e-01 7.583695415191616940e-01
1.648860033933337021e+00 1.127079291224185598e+00 1.127079291224185598e+00 -1.554938992472867376e-01
2.109185617132114388e-01 3.702792642539671775e-01 3.702792642539671775e-01 4.094372210984948413e-01
1.214712816629887726e+00 -6.120563338018513155e-01 -6.120563338018513155e-01 6.534756248404666179e-01
5.599666716977216296e+00 -1.176540328407255087e+00 -1.176540328407255087e+00 -9.793128277612395127e-01
-1.039654862557470416e+00 5.815318279511410005e-01 5.815318279511410005e-01 -8.734692681180131757e-01
3.580759307578391670e-01 1.051188085128965666e+00 1.051188085128965666e+00 6.564867444184963041e-01
-2.967087599800853681e+00 -1.093253998428523444e+00 -1.093253998428523444e+00 3.419677616767796691e-01
2.538659816739802011e+00 2.747660878048154842e-01 2.747660878048154842e-01 -9.341485122474003644e-01
-4.297275832658947969e+00 1.178573836558589383e+00 1.178573836558589383e+00 -7.380840735288833887e-01
-1.832623070313252889e+00 1.139339232874099883e+00 1.139339232874099883e+00 5.000473807471847998e-01
1.025092741718403033e-01 -8.047496268164343602e-01 -8.047496268164343602e-01 2.035853198293843258e-01
7.646965914810177622e-02 -4.729297267760644852e-01 -4.729297267760644852e-01 1.523437956670567195e-01
2.412460563816679837e+00 8.540267515057038406e-01 8.540267515057038406e-01 -9.936749369242322549e-01
4.676945637617189178e+00 -1.165742761925028237e-01 -1.165742761925028237e-01 7.082733376905651912e-02
5.681271775142629821e+00 -1.157633724784560503e+00 -1.157633724784560503e+00 -9.334190234167404343e-01
-1.497394794015463049e+00 9.806393258269048285e-01 9.806393258269048285e-01 -1.462763378873169762e-01
2.092058563652141601e+00 -2.637495228227054733e-01 -2.637495228227054733e-01 -8.636794175834754395e-01
3.756896435798205758e+00 3.400275320958421332e-01 3.400275320958421332e-01 9.426916989163947047e-01
-4.456414591783923740e-01 7.891409559974369436e-01 7.891409559974369436e-01 -7.778785920650468366e-01
5.092708946478856191e+00 6.707556333770443580e-01 6.707556333770443580e-01 -6.893851499122186643e-01
-1.035947586545409749e+00 -9.525462875253251083e-01 -9.525462875253251083e-01 -8.770552171948619025e-01
5.735913725957333398e+00 8.432737892703177085e-01 8.432737892703177085e-01 -8.887189032532653021e-01
-5.352798919654728316e+00 -1.155505958956130952e+00 -1.155505958956130952e+00 9.582506099208742967e-01
-4.857604905336645018e+00 2.637672401561801383e-01 2.637672401561801383e-01 2.863660159533006344e-01
-1.511467349209311806e+00 1.017128751360443450e+00 1.017128751360443450e+00 -1.183797061872386980e-01
4.410436901590324865e+00 -5.035192417808473930e-01 -5.035192417808473930e-01 5.678604022525622907e-01
-4.351228867945724943e+00 2.078705227268051736e-02 2.078705227268051736e-02 -6.611272538832255741e-01
2.121047260060908712e+00 4.785108055511508862e-01 4.785108055511508862e-01 -8.914348925300750182e-01
2.758198959407812012e+00 1.799826631488878892e-01 1.799826631488878892e-01 -6.938252820650290253e-01
-1.370261986813201993e+00 -7.122867017331152573e-01 -7.122867017331152573e-01 -3.904024391778209147e-01
-2.160589584686844589e+00 -5.105968565389948921e-01 -5.105968565389948921e-01 9.244484269705380841e-01
3.522539219526654719e+00 1.138310553641837197e+00 1.138310553641837197e+00 6.902924199170029640e-01
-2.649562416668107545e-01 -7.848787041443190393e-01 -7.848787041443190393e-01 -5.054578292704219322e-01
-2.188971810125273088e+00 2.400293223792320241e-01 2.400293223792320241e-01 9.445925128492835832e-01
1.141815838718714282e+00 -8.425048514877697681e-01 -8.425048514877697681e-01 7.565106528509476513e-01
-1.105447334958453709e-01 -4.907397743081269859e-01 -4.907397743081269859e-01 -2.192927014163242316e-01
2.014980484804857142e+00 -6.767726619389264897e-01 -6.767726619389264897e-01 -7.760437120270982092e-01
3.614316890395379289e+00 -6.860569862881736869e-01 -6.860569862881736869e-01 8.107595424961282493e-01
-5.788554768059130495e+00 6.398796350933917410e-01 6.398796350933917410e-01 8.356203115231162215e-01
-6.030398138588308754e-01 -3.555237402664800372e-01 -3.555237402664800372e-01 -9.342248477417139929e-01
-2.433307616616286140e+00 5.961193066780070549e-01 5.961193066780070549e-01 9.881306861708344380e-01
-5.371342590735191713e+00 4.483198751017458683e-01 4.483198751017458683e-01 9.681936026974582443e-01
-2.616409163670769367e+00 -1.182498905682340729e+00 -1.182498905682340729e+00 8.676057657227264075e-01
-2.632844445728279137e+00 -1.155945339681934803e+00 -1.155945339681934803e+00 8.507950620743840453e-01
1.360636997797950443e-01 4.921310153942377585e-01 4.921310153942377585e-01 2.687811573325425973e-01
4.599490428868078240e+00 -4.890174648563877513e-01 -4.890174648563877513e-01 2.238833025110732455e-01
-5.702358167016177148e-01 4.959260705996042518e-01 4.959260705996042518e-01 -9.088303465683185145e-01
-5.535193320093378944e-01 4.023495045612588417e-01 4.023495045612588417e-01 -8.943779680388371789e-01
3.577593529237956815e+00 1.101061758855964134e+00 1.101061758855964134e+00 7.656181872046520231e-01
-7.957561019424277404e-01 1.017812528340025002e+00 1.017812528340025002e+00 -9.997854338917382400e-01
-5.282742227651905154e+00 -2.057720582645513607e-01 -2.057720582645513607e-01 9.089282975608290460e-01
5.981534889533355326e+00 -1.558031000315804881e-01 -1.558031000315804881e-01 -5.673636893416666993e-01
-5.402043801114289501e+00 -7.007036522212863883e-01 -7.007036522212863883e-01 9.817223762419975408e-01
2.899163791549074887e+00 -8.495490225593280709e-01 -8.495490225593280709e-01 -4.660824867894863832e-01
1.322115638676174321e+00 -4.340627339025481257e-01 -4.340627339025481257e-01 4.771082621300813398e-01
4.930958221769165206e+00 -3.464359911755813259e-01 -3.464359911755813259e-01 -4.233487622702701847e-01
8.272986472004291159e-01 4.293189738317499948e-01 4.293189738317499948e-01 9.964907533057467681e-01
-3.229831449942986765e+00 -6.700310653199196276e-01 -6.700310653199196276e-01 -1.755629717524225530e-01
3.518624265624129777e+00 3.159106503215007855e-01 3.159106503215007855e-01 6.846061408168916396e-01
-1.598297833374782151e+00 4.434863112702283061e-01 4.434863112702283061e-01 5.497528363033381965e-02
-3.647936510156201795e+00 3.659008311187450513e-01 3.659008311187450513e-01 -8.482582732717295348e-01
-2.610578346007940365e+00 -6.068534300983580154e-01 -6.068534300983580154e-01 8.733454199904577830e-01
2.615662681590997352e+00 -8.221306468039875082e-01 -8.221306468039875082e-01 -8.683471789664241047e-01
-4.999728837398230041e+00 -5.081286681934984450e-01 -5.081286681934984450e-01 5.435659812710601502e-01
-7.482806524567537920e-01 -5.408279971981718726e-01 -5.408279971981718726e-01 -9.972458459199076142e-01
-3.560841178500543602e+00 -5.841389811937568455e-01 -5.841389811937568455e-01 -7.436391159534495587e-01
8.822627450497124713e-01 -3.664255875481977620e-01 -3.664255875481977620e-01 9.812931228976853326e-01
-3.678894493308657143e+00 -8.183939795845478482e-01 -8.183939795845478482e-01 -8.794015388899858454e-01
5.039297461077257623e+00 -4.017707077633980717e-01 -4.017707077633980717e-01 -6.082206109422733098e-01
-2.627974351381278328e+00 -4.074491545161788020e-01 -4.074491545161788020e-01 8.558730695593322890e-01
2.603508213857644193e+00 1.114324109195985457e-02 1.114324109195985457e-02 -8.801456230739973519e-01
-3.861055476018401045e+00 -4.368563420390603191e-02 -4.368563420390603191e-02 -9.913176546465406469e-01
1.189818427230397546e+00 9.708615702349752130e-01 9.708615702349752130e-01 6.903377602316549400e-01
1.402329495756386102e+00 5.056424222359614529e-01 5.056424222359614529e-01 3.305947244949331565e-01
1.612446542071919175e+00 -3.692507443940895584e-02 -3.692507443940895584e-02 -8.320412755563438845e-02
-3.476826063196933436e+00 3.565819105920069454e-01 3.565819105920069454e-01 -6.213518223747851454e-01
5.926333131874722326e+00 -8.755388324483581730e-01 -8.755388324483581730e-01 -6.546385305784809816e-01
-3.701922788850079638e+00 1.147827873705247415e+00 1.147827873705247415e+00 -9.003879142286013160e-01
-3.648632284712589158e+00 -6.654790551059156511e-01 -6.654790551059156511e-01 -8.489943921692028050e-01
1.537025912920937820e+00 7.773966304208836942e-01 7.773966304208836942e-01 6.748948857969110093e-02
5.926605707818536573e+00 7.388596244134590929e-01 7.388596244134590929e-01 -6.542263300831145934e-01
2.961810446467346480e+00 2.931370653225200407e-01 2.931370653225200407e-01 -3.518665365439712645e-01
-1.180396595953210337e-01 2.087463535045803731e-01 2.087463535045803731e-01 -2.338925030775297897e-01
-1.248986503366920076e-01 9.783423927638217332e-01 9.783423927638217332e-01 -2.472075562778918989e-01
3.083358145405783901e+00 -4.144735114941102694e-01 -4.144735114941102694e-01 -1.162058772546813029e-01
-6.199063278023996482e+00 3.806843080100128507e-01 3.806843080100128507e-01 1.674514597537221094e-01
-4.311135788783460043e-01 -9.400829180075136460e-01 -9.400829180075136460e-01 -7.592937633254205343e-01
2.957170954586926470e+00 7.547420705330336599e-01 7.547420705330336599e-01 -3.605368586665953501e-01
3.455347470824809974e+00 -4.108434979019196520e-01 -4.108434979019196520e-01 5.871306492547838651e-01
5.035481268790782394e+00 -4.234409052089507242e-01 -4.234409052089507242e-01 -6.021446115397479648e-01
5.196644278029561193e+00 -6.413566551472742461e-01 -6.413566551472742461e-01 -8.240428389326192038e-01
-2.820490933160026970e+00 3.699604619457461663e-01 3.699604619457461663e-01 5.989613607618091695e-01
1.890947969198228051e+00 3.681677952382216290e-01 3.681677952382216290e-01 -5.974386773499998915e-01
-4.099169645061258471e+00 2.963632745175404093e-01 2.963632745175404093e-01 -9.412924970014540094e-01
-5.557710035077812805e+00 -6.276473303084952882e-01 -6.276473303084952882e-01 9.928270857541966476e-01
2.449982782228822487e+00 6.045194246642222602e-01 6.045194246642222602e-01 -9.824590346964287013e-01
5.426929652468103882e+00 5.643516902123240087e-01 5.643516902123240087e-01 -9.899752261183024649e-01
3.026150073304625820e+00 -9.403816725435307777e-01 -9.403816725435307777e-01 -2.288392852129207677e-01
4.240677997350960737e+00 -2.004242503867893488e-01 -2.004242503867893488e-01 8.095716028866842828e-01
-5.333589862172275708e+00 1.023223801956114398e+00 1.023223801956114398e+00 9.465613547236890746e-01
-5.224824852292666577e+00 1.187701020096577187e+00 1.187701020096577187e+00 8.546476048020338334e-01
4.487029126517938948e+00 1.431910063019632418e-01 1.431910063019632418e-01 4.356134801469063733e-01
2.814102221232056777e+00 -9.947702369268146549e-01 -9.947702369268146549e-01 -6.091440680201432034e-01
-2.716042773787056053e+00 3.064182950639229297e-01 3.064182950639229297e-01 7.520057734721635745e-01
-1.126949541756375517e+00 3.483658646489340427e-01 3.483658646489340427e-01 -7.756179872200456016e-01
7.268484567903605864e-01 -6.717042195284572692e-01 -6.717042195284572692e-01 9.931516945665270768e-01
