-2.720771763183969405e+00 3.912641975967119379e-01 3.912641975967119379e-01 7.457379435667469414e-01
6.714567969592373231e-01 -8.791101978500902581e-01 -8.791101978500902581e-01 9.741469015754213867e-01
4.973009614468827166e+00 -4.849365030225430973e-01 -4.849365030225430973e-01 -4.979569511075156996e-01
-4.240890148647430635e+00 2.899252699966239355e-01 2.899252699966239355e-01 -8.093224554273109606e-01
6.120678632589360291e-01 -1.002094560557178271e+00 -1.002094560557178271e+00 9.405125458173277941e-01
-3.569484220370256811e+00 -1.351006450648721824e-01 -1.351006450648721824e-01 -7.550845914318639052e-01
3.709650249520539234e+00 2.065717036457279665e-01 2.065717036457279665e-01 9.070043692497812282e-01
-2.454382669582996002e+00 -1.081524639795222287e+00 -1.081524639795222287e+00 9.807800481315619434e-01
3.211078109654371460e+00 9.214451138843589018e-01 9.214451138843589018e-01 1.385240216632824817e-01
6.006127115775690584e+00 1.037736968693310002e+00 1.037736968693310002e+00 -5.261921079471311158e-01
-4.482018284819973886e+00 4.338872841988556939e-01 4.338872841988556939e-01 -4.446123102673998906e-01
-3.421660653303701949e+00 9.886168250217679532e-01 9.886168250217679532e-01 -5.313014192184728479e-01
-1.873114796981871777e-01 -4.214568052598124392e-01 -4.214568052598124392e-01 -3.659216639043351704e-01
-1.770507059339752054e+00 -7.580022283962244423e-01 -7.580022283962244423e-01 3.888854112291672549e-01
4.071016258869113003e+00 1.105020979816655258e+00 1.105020979816655258e+00 9.587994090749528686e-01
-3.233636013015113608e+00 -2.352701968303071434e-01 -2.352701968303071434e-01 -1.830487597908279362e-01
2.844014694502593699e+00 -5.573587619757831568e-01 -5.573587619757831568e-01 -5.606378710871738891e-01
-1.363429112567907886e+00 -2.931823106678339563e-01 -2.931823106678339563e-01 -4.029468873143199348e-01
5.498981048764832735e+00 8.559084470814160017e-01 8.559084470814160017e-01 -9.999971491831390891e-01
2.196726427005639692e+00 -1.038969476767356293e+00 -1.038969476767356293e+00 -9.495695399018264649e-01
-5.509989958865299187e+00 7.276908409644218256e-01 7.276908409644218256e-01 9.997021973903319481e-01
1.460656687800686804e+00 -7.454606863164706665e-01 -7.454606863164706665e-01 2.185021612433392657e-01
2.211638344988482885e+00 5.582981128228807766e-01 5.582981128228807766e-01 -9.584973404508850825e-01
-5.158558077179763224e+00 2.862530875137550002e-01 2.862530875137550002e-01 7.785413091692823251e-01
2.854477207353248502e+00 1.025855548498434855e+00 1.025855548498434855e+00 -5.431892007846501613e-01
-8.119562078195254884e-01 -5.248725919303510734e-01 -5.248725919303510734e-01 -9.985896721817735244e-01
3.580620216949339962e+00 7.746849896236682742e-01 7.746849896236682742e-01 7.694982437721160640e-01
-4.307316006345782711e+00 -6.830219216484227918e-01 -6.830219216484227918e-01 -7.243877976267674157e-01
6.071590092068030131e+00 1.102592767112239303e+00 1.102592767112239303e+00 -4.106715194055912677e-01
2.991208772198753252e+00 8.282132737799996480e-01 8.282132737799996480e-01 -2.962535912913741298e-01
2.166237159385996591e+00 5.355579841706015198e-01 5.355579841706015198e-01 -9.286962859495840883e-01
-1.587677750898324192e-01 3.730416488376047113e-01 3.730416488376047113e-01 -3.122262646670219688e-01
-1.533172093821367099e+00 -2.906855314352707609e-02 -2.906855314352707609e-02 -7.517747242137697017e-02
5.122157740706638762e-01 -8.986997182284133245e-01 -8.986997182284133245e-01 8.544189686678241857e-01
-2.773465892613959038e+00 -5.295742569696147983e-01 -5.295742569696147983e-01 6.715165296756632207e-01
-8.928013334435789261e-01 3.557049642198844008e-01 3.557049642198844008e-01 -9.770176927295457503e-01
3.029530867418458229e+00 3.932463138348163412e-02 3.932463138348163412e-02 -2.222519400386502308e-01
-3.011592635645745197e+00 -5.253670315668473867e-01 -5.253670315668473867e-01 2.570805865740513063e-01
5.817264667312018744e+00 -5.109194001764653104e-01 -5.109194001764653104e-01 -8.027193609882475878e-01
4.937917060116303603e+00 -7.787720886067031056e-01 -7.787720886067031056e-01 -4.359163070666192685e-01
-3.730859217955931673e+00 -7.548351296008924960e-01 -7.548351296008924960e-01 -9.240462501859469935e-01
-4.500200440530020884e+00 -6.357323044459994854e-01 -6.357323044459994854e-01 -4.117531972714403854e-01
4.704141664385383947e-01 7.157667918988419586e-03 7.157667918988419586e-03 8.080463641138200259e-01
-2.012521043103404850e+00 -1.012362477368312641e+00 -1.012362477368312641e+00 7.729320991326369406e-01
9.822297343611756659e-01 -4.915988277591557543e-01 -4.915988277591557543e-01 9.235101733587109951e-01
5.847048694399738622e+00 -4.998628935323582434e-01 -4.998628935323582434e-01 -7.657927970969493625e-01
-9.531938012348071254e-01 5.774235463069521401e-01 5.774235463069521401e-01 -9.442157513450397666e-01
-1.948372247236846988e+00 1.173716234825859184e+00 1.173716234825859184e+00 6.853992421519773393e-01
-6.893276409868711596e-01 9.039828025205365325e-01 9.039828025205365325e-01 -9.815976292785302260e-01
-3.973834250375356536e+00 9.335030194701949835e-01 9.335030194701949835e-01 -9.956145945473560133e-01
5.154684179188402382e-01 4.749286216071388900e-01 4.749286216071388900e-01 8.577809136528526945e-01
-6.256474751734485196e+00 -5.603253581833786967e-01 -5.603253581833786967e-01 5.339570552019896194e-02
1.876308899484683934e+00 -1.839713866043077850e-01 -1.839713866043077850e-01 -5.737074173118958953e-01
-5.401874256134492569e+00 5.990616701541895406e-01 5.990616701541895406e-01 9.816577846708767208e-01
4.979965827446783067e+00 -6.115257970763400275e-01 -6.115257970763400275e-01 -5.099732516400138360e-01
-4.545514931735972652e+00 -1.069039662271362934e+00 -1.069039662271362934e+00 -3.275866027303615535e-01
-2.477838994526680771e+00 -9.747674840487644543e-01 -9.747674840487644543e-01 9.705509165052567111e-01
1.893025423718356137e+00 -5.052453757556422120e-01 -5.052453757556422120e-01 -6.007653931224952171e-01
2.911699392563393829e+00 -1.609879319716265300e-01 -1.609879319716265300e-01 -4.437568094032298127e-01
5.426090321234706693e-01 2.406049348393002330e-01 2.406049348393002330e-01 8.844052103775891238e-01
-6.796633398675213655e-01 3.832622718901821379e-01 3.832622718901821379e-01 -9.777234961495766541e-01
7.395822818635284790e-01 -1.148496592976171238e+00 -1.148496592976171238e+00 9.958047466430748340e-01
3.753804497593668188e+00 6.504046730781194441e-01 6.504046730781194441e-01 9.406103443179010259e-01
-5.755010056357433790e+00 9.053643123643806412e-02 9.053643123643806412e-02 8.705655390721949161e-01
-3.600010523658622397e+00 4.640226060928092089e-01 4.640226060928092089e-01 -7.936806678364720646e-01
5.283774620390856214e+00 -6.605901994314616887e-01 -6.605901994314616887e-01 -9.097872767894883417e-01
-4.367275464906653859e+00 -7.948522869061949159e-01 -7.948522869061949159e-01 -6.367122625360798205e-01
3.955672508965378142e+00 5.060848457424558244e-01 5.060848457424558244e-01 9.983551721981752669e-01
-5.666064362723361114e+00 1.559155336958568672e-01 1.559155336958568672e-01 9.438981176079308533e-01
8.532838858146458705e-01 -7.343411942737771980e-01 -7.343411942737771980e-01 9.907972073585410433e-01
4.193245624177563968e+00 1.526265180923713771e-01 1.526265180923713771e-01 8.615356610545821248e-01
-1.982874716920628444e+00 -5.908709420139525159e-01 -5.908709420139525159e-01 7.339753485415626555e-01
-5.583973080769992769e+00 -2.585155130729165363e-01 -2.585155130729165363e-01 9.851807157316418984e-01
6.011816448827817183e+00 1.016919325936658014e+00 1.016919325936658014e+00 -5.164822253563022825e-01
5.483758674192914739e+00 -5.178235646228622757e-01 -5.178235646228622757e-01 -9.996064299009155274e-01
4.322171657690921265e+00 -4.378696264709637243e-01 -4.378696264709637243e-01 7.035883480503339893e-01
4.300920567905379244e+00 -9.210324546776632593e-01 -9.210324546776632593e-01 7.331462380731599282e-01
1.514407018264257054e+00 -3.228043151914384845e-01 -3.228043151914384845e-01 1.125396968721548291e-01
4.961823729534337701e+00 8.005198489927201067e-02 8.005198489927201067e-02 -4.784331238757426608e-01
4.120045473323619589e+00 -3.698224850509023165e-01 -3.698224850509023165e-01 9.263812500016171958e-01
-1.398229318892427742e-01 4.032371148330222699e-01 4.032371148330222699e-01 -2.760152867004171950e-01
-4.954379052643226089e+00 5.706981921081692999e-01 5.706981921081692999e-01 4.653058765547701259e-01
-5.645065271247606375e+00 -1.422962175705899668e-01 -1.422962175705899668e-01 9.569310624898493822e-01
-2.570749296837706588e+00 -6.286343729905032873e-01 -6.286343729905032873e-01 9.093365655390404090e-01
6.065629923499951559e+00 7.016220752595003773e-03 7.016220752595003773e-03 -4.215108503810010010e-01
-2.426341424213722675e-01 1.184163877810580301e+00 1.184163877810580301e+00 -4.664456875473443898e-01
9.358108330098131589e-01 -8.593517366605873953e-02 -8.593517366605873953e-02 9.550922593546924411e-01
3.073794114127062826e+00 5.573438513693480534e-01 5.573438513693480534e-01 -1.351819332833271714e-01
-4.838904208471678459e+00 1.124055906865081722e+00 1.124055906865081722e+00 2.503390653540658595e-01
-6.273816800899923329e+00 1.846583263088401594e-01 1.846583263088401594e-01 1.873591622712635768e-02
4.251962314029134049e-01 1.073479018324519751e+00 1.073479018324519751e+00 7.515393661121227975e-01
-4.453584212278742349e+00 3.207460916504389914e-02 3.207460916504389914e-02 -4.948042298311460807e-01
-5.754524083832884607e+00 -1.108349081634715683e+00 -1.108349081634715683e+00 8.710433757661798504e-01
-1.764128693303643303e+00 8.107573885740999575e-01 8.107573885740999575e-01 3.771014875861359306e-01
-4.705033752171660311e+00 -1.040232026516991981e+00 -1.040232026516991981e+00 -1.470992588073119153e-02
2.456804521967384858e+00 5.943517359570340552e-01 5.943517359570340552e-01 -9.798234592509104113e-01
-5.424497004829387237e-01 4.648427306352058697e-01 4.648427306352058697e-01 -8.842564389954670201e-01
-5.516032569192773849e+00 3.766605200556536470e-01 3.766605200556536470e-01 9.993342827795214101e-01
4.298995422078947470e+00 1.134517167968529305e+00 1.134517167968529305e+00 7.357592690323676576e-01
2.447488885855706897e+00 5.186468581303347314e-01 5.186468581303347314e-01 -9.833769263189651166e-01
6.187287285698541695e-01 -2.039603433042092018e-01 -2.039603433042092018e-01 9.449551348451049604e-01
3.388581091096874331e+00 6.294772018908989519e-01 6.294772018908989519e-01 4.741310848263157740e-01
-6.098273881084518955e+00 -5.699391258629985524e-01 -5.699391258629985524e-01 3.614502665444849216e-01
