4.894853485276140503e+00 4.224634449510300982e+00 -8.833874092053993765e-01 -1.814537148713828429e-01
6.205927404166454053e+00 -6.823263149527658555e-01 -6.306001999976226235e-01 -9.970170923480879965e-01
1.580706419615429681e+00 6.139581370189647558e+00 -1.431108767585612118e-01 9.909930609726525300e-03
3.737300686424465113e+00 -2.013897258064958784e+00 -9.034265063897429782e-01 8.277514326906838527e-01
1.938261314849956563e+00 2.266866241154710693e+00 7.673681047432949764e-01 3.592508116172424826e-01
5.739659534715469746e+00 4.169315467291021093e+00 -8.561244289875084013e-01 -8.558906274838926631e-01
4.541496350178197972e+00 5.186528325870284561e+00 -8.896860026125651411e-01 1.700620442828806311e-01
-4.599867081941097169e+00 -4.622795553404133173e-01 -4.459895529931468539e-01 1.122846054233066215e-01
1.448331685151981851e+00 4.061625537503624983e+00 -7.956215413440284046e-01 -1.221587587257786517e-01
-3.188671443094269975e+00 5.035319030503456972e+00 -9.483096489309199573e-01 9.988919984611089875e-01
6.632525400228344026e-01 6.162469339296235304e+00 -1.204229956429390125e-01 -7.879938692469534711e-01
-3.794703228406454354e+00 1.191304784358475644e-01 1.188488936244824490e-01 7.941974726704702503e-01
-1.995414503136898610e+00 1.808220316134365291e+00 9.719470758590257331e-01 4.119728955543027760e-01
-1.653693783070305123e+00 6.113270644816793720e+00 -1.690982409757863236e-01 8.280254383546163666e-02
-3.624171652869593530e+00 -1.098762315193653194e-01 -1.096552795606002551e-01 8.858010461331103924e-01
4.355020065664753304e+00 7.860057900585992741e-02 7.851967093806216935e-02 3.498105924319012683e-01
5.837721041702430114e+00 -5.007847519053552077e+00 9.566687262743124309e-01 -9.024107213946699346e-01
1.921485412023008266e+00 2.658425817077908704e+00 4.645858231977639807e-01 3.435450338538091342e-01
8.830917643587490318e-01 5.043137264983029056e+00 -9.457996022850114759e-01 -6.347651597356742670e-01
5.534198833275693730e+00 2.382577495021402925e+00 6.882072625946624722e-01 -7.323793516187142583e-01
1.050695637134779759e-04 -5.186698908315783285e+00 8.896081063462070171e-01 -9.999999944801933882e-01
7.648940578772123189e-02 -3.534331887384090987e+00 3.827205277558883290e-01 -9.970761113672526044e-01
4.082694195920627322e+00 4.935796422848421017e+00 -9.751481804817527799e-01 5.888981079557583653e-01
-3.097003812602627359e+00 2.772736042690670644e+00 3.605491828949323185e-01 9.990060823187557615e-01
-3.006880912801920491e+00 4.625558506185436514e-01 4.462368307858003424e-01 9.909400869323546912e-01
-4.171367510939951728e+00 1.436829023902459923e+00 9.910397938248136640e-01 5.150118464865761636e-01
-4.217034134291601788e+00 -8.703725236890873518e-01 -7.645690971496957866e-01 4.753438748161400440e-01
1.039048953462823555e+00 3.970716113919777968e+00 -7.373395323253203459e-01 -5.070402147276623639e-01
-7.948573351778227547e-01 5.516245684144562844e+00 -6.939349048143044207e-01 -7.003866021384150820e-01
6.037953577368295299e+00 -1.750416338989044363e+00 -9.839116508123181282e-01 -9.700810913942086167e-01
1.979359039676159782e+00 -1.500848402493511813e+00 -9.975546412232976223e-01 3.972907507709461661e-01
-3.157498048455712247e+00 -4.653702169424380308e+00 9.982784233076070768e-01 9.998735118737105410e-01
-5.962102702350406958e+00 6.181714847863403861e+00 -1.012964213316191464e-01 -9.488943106036766828e-01
2.877708946674097490e+00 4.924956399351973602e+00 -9.774924879991898630e-01 9.653842670195941222e-01
-1.421252206063478241e+00 5.537609442771445956e+00 -6.783950089777138759e-01 -1.489873567248508612e-01
4.462318040821566356e+00 5.604314083810001179e+00 -6.279149177073947152e-01 2.474726928558458605e-01
-2.217606085637717328e+00 4.452952304941382167e+00 -9.665346445803193465e-01 6.026436310637041105e-01
-2.169028658491585659e+00 6.394129104200487745e-01 5.967244364089463460e-01 5.631826723935648982e-01
5.823797009898498800e+00 -4.994505682600784979e-01 -4.789432945512109296e-01 -8.963238941301229223e-01
-3.366301333275742103e+00 2.197199755768183493e+00 8.101411786681647076e-01 9.748590611193254096e-01
-3.508054220814884605e+00 -3.558676910154530137e+00 4.050963904496663881e-01 9.336010582331005780e-01
-2.368391367501458067e+00 -1.369709738699411261e+00 -9.798501275845865610e-01 7.156784667077066286e-01
3.347483067170893278e-01 1.813004504977943299e+00 9.708107173791298283e-01 -9.444930287094903676e-01
2.231596917795670265e+00 3.923900533333428697e+00 -7.049182477568961547e-01 6.137491160897182718e-01
5.569047546469525045e+00 -3.074120009614552451e+00 -6.742146011019541085e-02 -7.556582595478443798e-01
-2.932665525009251262e+00 -5.461355543383472622e-01 -5.193887995549198999e-01 9.782540024671948498e-01
-1.046107122875809203e+00 4.974446198103290584e+00 -9.658590628906847941e-01 -5.009440411812158267e-01
-3.194231120413292047e+00 -4.855219295091984577e+00 9.898170796605068045e-01 9.986149157664429010e-01
1.503458973823819100e+00 -2.688420657950810977e+00 -4.378195553900917636e-01 -6.728647633264858707e-02
-5.070142045244880435e+00 -3.228914383188774551e-01 -3.173098975005216871e-01 -3.501704463180494442e-01
1.706277040720811655e-01 -5.479878858279853659e+00 7.196557905530663879e-01 -9.854783763007964881e-01
1.279471682468305893e+00 -2.232016178483675617e+00 -7.892437322863397053e-01 -2.872213061691521463e-01
-2.003886946334745289e-01 -4.300045059038977158e+00 9.161839954449120249e-01 -9.799892821045177449e-01
2.522728389167815166e+00 -9.126016342466165554e-01 -7.910978079724569900e-01 8.145378339156275072e-01
5.798000215541762259e+00 3.977958400976568498e+00 -7.422124792512345692e-01 -8.845886426862017426e-01
5.488752831031964874e+00 -6.315588953909152536e-01 -5.904036719341798634e-01 -7.006897878674180902e-01
-1.566003044898153007e+00 -6.071228817382783305e-01 -5.705068680314274721e-01 -4.793263542048978483e-03
3.069410053011630168e+00 -1.495329175227917418e+00 -9.971537057747664745e-01 9.973959670369525465e-01
-4.140906466548944564e+00 5.010203411631778181e+00 -9.559800866588005208e-01 5.408795851064701621e-01
-4.074969968806234633e+00 -2.070735652861925402e+00 -8.776116489080150185e-01 5.951232546887815777e-01
-4.774720790207548582e+00 -5.183546890057721512e+00 8.910432892147184258e-01 -6.229145517212896638e-02
5.502978551055806022e+00 -4.560704171577132371e+00 9.885179000204533661e-01 -7.107681154915652666e-01
5.835405766035494324e+00 -6.119797887269357695e+00 1.626614395178393735e-01 -9.014107048330721739e-01
3.935557515157581676e+00 -2.699440876122243260e+00 -4.278853017256659674e-01 7.010233383803174956e-01
3.778423058579427618e-02 1.088052734146569556e+00 8.857246520809275436e-01 -9.992862608796052593e-01
-6.241270871670645093e+00 -4.334297442464318806e-02 -4.332940491697621910e-02 -9.991217186411266438e-01
1.625582219647308868e+00 -2.575844556578720468e+00 -5.360475003373189606e-01 5.475849037653243018e-02
2.038290688523209937e+00 -2.502194185725553410e+00 -5.967128469722970951e-01 4.506509184320436345e-01
2.626260526170492327e+00 8.240902259282849585e-01 7.339301448097445002e-01 8.701290899723514993e-01
4.381698833770993673e+00 1.311262286532858035e+00 9.665096624062147201e-01 3.246958590916127485e-01
-4.939266202534083661e+00 5.701256148246377720e+00 -5.496365854068593348e-01 -2.249358730367140846e-01
-4.865997590013240170e+00 -4.587393401999014131e+00 9.921982184832169871e-01 -1.530052405665307813e-01
1.154586426922763920e+00 1.531119195693142920e+00 9.992129658925539282e-01 -4.042968341283431077e-01
-1.421383621291967714e+00 5.857363476507673639e+00 -4.130693619912997883e-01 -1.488574069223333185e-01
3.296601904127950178e+00 5.625021240282039869e+00 -6.116654465987523270e-01 9.880101026329674019e-01
3.233735542363858073e-01 1.646337995499915330e+00 9.971480847466043240e-01 -9.481688111856956258e-01
-8.496236842121129840e-01 4.274398882525760612e-01 4.145423849566890473e-01 -6.602658178246089138e-01
-7.369558180959776550e-01 3.085713249756508958e+00 5.585032772770602560e-02 -7.405177889104550548e-01
-1.344439784907844881e-01 3.368965217978583837e+00 -2.254184938073476308e-01 -9.909760131350604517e-01
-5.757939794808962120e+00 -2.084220784686252159e+00 -8.710676511937235356e-01 -8.652008615519392043e-01
-2.405091166402251623e+00 -5.776618062716700308e+00 4.851784579344085024e-01 7.408230395432131576e-01
-5.164147537220570072e+00 3.938763609336849214e+00 -7.153822087418891806e-01 -4.365483481321595916e-01
-4.245127996571332218e+00 5.150026610359621060e+00 -9.057553642944966565e-01 4.504425696367545529e-01
-2.839255169517281630e+00 4.106798117616847321e+00 -8.221658937418392377e-01 9.546431060807238911e-01
2.417760229666766847e+00 1.854534017456366257e-02 1.854427714414245629e-02 7.492731726790622382e-01
1.368856622586906546e+00 -3.227266782636228459e+00 8.556935868181682336e-02 -2.005699951262810699e-01
5.913486621718844205e+00 2.236103259153123801e+00 7.867273526499081182e-01 -9.324362632684466412e-01
6.020269199268906135e-01 -2.206716707275957923e+00 -8.045254065563386403e-01 -8.241894352068015461e-01
-4.592003836714949827e+00 1.856926024710656264e+00 9.593434173698565104e-01 1.200945723620347183e-01
8.793525432904214512e-01 -3.843927597078721003e+00 6.460017927761194656e-01 -6.376500306752556080e-01
6.071295702881316814e+00 5.393851740948765183e-01 5.136085529954850237e-01 -9.776352621555701727e-01
6.264376722792331265e+00 5.429307970332134303e+00 -7.538337284282514705e-01 -9.998231237911185953e-01
4.323988717965228545e+00 2.827838606191708237e-01 2.790300186350816447e-01 3.787083174911702876e-01
5.067968894389338175e+00 -8.353748814791925881e-01 -7.415480717146177847e-01 -3.481340610882202591e-01
-1.317574427731807774e+00 -3.065925302890367909e+00 -7.559516519334046059e-02 -2.505244077735020447e-01
-2.761230131607400384e+00 -1.958028200359498427e+00 -9.259579245489748534e-01 9.285301077320055052e-01
-6.965420887654909521e-01 -4.869022905164035464e+00 9.877579665648775764e-01 -7.670652577614096579e-01
-5.180014357166348837e+00 2.318260766126780226e+00 7.334148514142179165e-01 -4.507678717358664100e-01
1.809816294917707680e-01 1.261783612177147518e+00 9.526342856341073473e-01 -9.836674780930600992e-01
-2.288355061639672172e+00 -1.266913621831513126e+00 -9.541818732056106533e-01 6.575473517731257322e-01
-3.663065686953475897e+00 3.796816970677774350e-02 3.795904799318099848e-02 8.670863174128458084e-01
-1.618107469414572286e+00 2.767843028337823696e+00 3.651087598339539664e-01 4.729349482447778308e-02
3.849521836511737405e+00 -4.971772803095215743e+00 9.665482018653438478e-01 7.597100774961222935e-01
9.639620229534360263e-01 -4.348424282438687172e+00 9.344928108160086566e-01 -5.702698373218947347e-01
5.942770996459323385e+00 -2.339001130363305148e+00 -7.191592116200943297e-01 -9.426164173414478542e-01
-1.790478698013163061e+00 8.377178943025755942e-01 7.431179615231137126e-01 2.179196389597739536e-01
-2.717404666594451346e+00 3.753733537894520467e+00 -5.746209175010879022e-01 9.113732424005414057e-01
-4.893556488270570881e+00 4.299540562585582038e-01 4.168290407018718224e-01 -1.801780964193565038e-01
-6.254637074500184468e-01 -3.222636466299292124e+00 8.095512453479838944e-02 -8.106917183619848366e-01
2.429504542345163998e+00 -5.400301343434541046e+00 7.725731919412202053e-01 7.569991222453484880e-01
-4.999681995916177790e+00 -4.243542719095016125e+00 8.920902071292173829e-01 -2.833572292900510825e-01
-3.965445599397836141e+00 3.927213234487119564e+00 -7.072640366175441118e-01 6.793990851519378094e-01
-2.503810766111129293e+00 -2.474994091666121943e+00 -6.183162789857811203e-01 8.034184303202056565e-01
2.043734206118580587e+00 1.573566858873094887e+00 9.999961620784567629e-01 4.555036471907498719e-01
-3.937959429039910475e+00 1.774086392639745213e+00 9.794076394639378291e-01 6.993084210026835335e-01
-5.669090824407095219e+00 -7.286567884496273351e-01 -6.658681068516423274e-01 -8.172955578495659790e-01
5.201415289076368964e+00 -4.862540099519140568e+00 9.887484836846158753e-01 -4.697665453771887600e-01
-5.251550088314614229e+00 -2.794093894829618119e+00 -3.405471395170399096e-01 -5.134162858172786059e-01
-5.934540176251190680e+00 5.222271110148945183e+00 -8.728020431501023468e-01 -9.398364321501683216e-01
-1.008633940409063179e+00 -7.212959016149858016e-01 -6.603583842849595209e-01 -5.330170475202419267e-01
-2.930134878217391936e+00 -3.351898923094542848e+00 2.087594311084246257e-01 9.777259879126684039e-01
-5.282330725326302989e+00 4.409942186039156553e+00 -9.546105529723956096e-01 -5.395830028278713053e-01
4.448184715634059927e+00 -3.260165855340607433e+00 1.182955482938901487e-01 2.611412271889538284e-01
-4.006784387554349181e+00 -1.498952229467493957e+00 -9.974203227256926985e-01 6.484941759525484350e-01
-8.043117808919069134e-01 -3.807355713297990274e+00 6.176594175177978485e-01 -6.936071602603771646e-01
5.708759372858729364e+00 5.172671062004562614e+00 -8.959272322765673424e-01 -8.395043610134650391e-01
5.446922318821778575e-01 9.895728394066436451e-01 8.357915236480044641e-01 -8.552868028386241273e-01
5.074880579005423442e+00 -4.994252170468640450e+00 9.605388673640536945e-01 -3.546050166275011573e-01
3.927060956086977583e+00 4.946041703540601020e+00 -9.728271625684790092e-01 7.070571836142349742e-01
2.470813811892307754e+00 1.023374172443241470e+00 8.538690949317335743e-01 7.833377784185870940e-01
-3.669694172783040553e+00 5.067451424011876426e+00 -9.376247821881442679e-01 8.637652604068617457e-01
2.676728594272960393e+00 -7.488017372382183012e-01 -6.807615153484903869e-01 8.938825162496562005e-01
-3.468301726927041528e+00 -4.687903956041436615e+00 9.997002567669864836e-01 9.471036205370543248e-01
5.027100385870841848e-02 -5.239818418544190060e+00 8.641037231780114292e-01 -9.987366791717515735e-01
-6.164428403318388483e+00 -2.808651337660049041e+00 -3.268242320957875924e-01 -9.929566825106459493e-01
-5.287449087349481935e+00 5.546033787868257292e+00 -6.721816655129901896e-01 -5.438852310033915893e-01
1.771087181344872974e+00 -3.466930608894974064e+00 3.196290312066220052e-01 1.989543792111349851e-01
-4.243680968208431992e+00 -4.562065675881987303e+00 9.887227122397355128e-01 4.517340123409399055e-01
-5.182842367148316143e+00 -3.861924298513210729e-01 -3.766640116012183737e-01 -4.532904640784048977e-01
2.911543396024756092e-01 -6.315990532796575962e-01 -5.904360832158697114e-01 -9.579131511782774666e-01
5.338046409673209425e+00 -5.123364992668993700e+00 9.167313384530183518e-01 -5.856302973653302324e-01
-2.633575219137302970e+00 -2.683582636935195609e-01 -2.651488202676274275e-01 8.737106352130229459e-01
-3.681320304045318625e+00 -3.569902406692825991e+00 4.153338311367655855e-01 8.578486742552584587e-01
5.212108174303082819e-01 3.679967739793383430e+00 -5.127416108487653501e-01 -8.672169125473866425e-01
4.732015997843081578e+00 -4.269896932814093660e+00 9.036873935208220576e-01 -1.962575736332584225e-02
-3.022458378271644097e+00 5.547505824035324551e+00 -6.710910622878002441e-01 9.929119016087892824e-01
-6.177020039363283921e+00 -6.131745487256460514e+00 1.508616293804506403e-01 -9.943697591700508820e-01
-5.720627070742322573e+00 5.408407684250491343e-01 5.148569442261518025e-01 -8.458934401489263122e-01
1.716106525271169581e+00 -2.090142186260889545e+00 -8.681440234233398501e-01 1.447993659781142972e-01
1.922912480861468154e+00 -3.680097049485535621e-01 -3.597591104590295297e-01 3.448848955917033776e-01
6.143222243966871332e+00 -6.756029533947955912e-01 -6.253679330141230786e-01 -9.902211498114897870e-01
5.443580587753915623e-01 5.206714345530162547e+00 -8.802889824698115762e-01 -8.554599085074811038e-01
5.954796153375706780e+00 1.563851275315314204e+00 9.999758832269100006e-01 -9.465630993751957822e-01
-2.198401042295729191e+00 -1.551359481501108917e+00 -9.998111104693546691e-01 5.872076139522767191e-01
7.898893706295577744e-01 5.137493876890696143e+00 -9.109954769325485646e-01 -7.039238972802636107e-01
3.118785038619567018e+00 -4.124220066273567298e+00 8.319580303291064238e-01 9.997399176242739438e-01
-4.697810625399489126e+00 -1.278501257341990716e+00 -9.575850721731532511e-01 1.457783860486197222e-02
-5.359577365301224638e+00 -4.342759929571533561e-01 -4.207537106776851887e-01 -6.029457354173667349e-01
-3.514793061989315515e+00 5.750141004279464951e+00 -5.081576406305433613e-01 9.311652557853842271e-01
2.613442807099483289e+00 -1.417120691371011709e+00 -9.882151197921293928e-01 8.637409075434296923e-01
4.225432008393553929e+00 3.804748410988249674e+00 -6.156068187118062252e-01 4.679387497123063677e-01
3.465778767076113098e+00 -5.428946542032842437e+00 7.540711611530650504e-01 9.479102936333957397e-01
2.760675018400963410e+00 5.274236280119771081e+00 -8.462724058132804483e-01 9.283238749562719994e-01
5.673843860256761573e+00 -5.164449183512870079e+00 8.995490746877780053e-01 -8.200251037094213880e-01
4.783037947441082238e+00 -3.535274910494035083e+00 3.835915827107072573e-01 -7.059021029982426310e-02
3.493553569969204631e+00 6.178521605393882510e+00 -1.044727168355422536e-01 9.386985133170560047e-01
-5.852466927419873954e+00 5.931747623495356336e+00 -3.442479734393116275e-01 -9.086660436090324700e-01
4.408917463555274807e+00 -6.951487234147659677e-01 -6.404996600177480515e-01 2.988348859811165714e-01
-3.507510011524982652e+00 -1.082780679931969026e+00 -8.832650087931401828e-01 9.337959178890176126e-01
9.569838369656880062e-01 4.550979225700180208e-01 4.395502717271743132e-01 -5.759881889301778912e-01
-9.524514923811890910e-01 2.305613497843644666e+00 7.419533437496583783e-01 -5.796872616455223115e-01
-5.626935160377585454e+00 3.828829169502983021e-01 3.735961873255649324e-01 -7.922857701059177193e-01
4.258775605396305508e+00 -5.334427960462923224e+00 8.126920465416034300e-01 4.382163405129811951e-01
4.187271644214140665e+00 -4.776720667196081571e+00 9.979314305928883577e-01 5.013145350208649820e-01
2.116516681719508242e+00 5.104125203561460822e+00 -9.242475741956924784e-01 5.190339510998506212e-01
7.407975341769788002e-01 1.890388411541394476e+00 9.493636556032559737e-01 -7.379305562765244852e-01
8.437579923476272725e-01 -3.409455890302934833e-01 -3.343784013861160198e-01 -6.646597561628935225e-01
-6.330308561408388712e-01 1.678554844507975652e+00 9.941996669301023104e-01 -8.062381867350579823e-01
5.050614814259892782e-01 -4.531218443345994551e+00 9.836334580791956661e-01 -8.751447276008199605e-01
7.145259222067954497e-01 2.933644012504464271e+00 2.064531702103347133e-01 -7.554039700044959948e-01
3.971213784317411566e+00 1.251349279866522224e+00 9.494092135017699885e-01 6.751552911497361587e-01
1.157168930822426667e+00 3.745265857669437537e-01 3.658319725056331517e-01 -4.019334586195941750e-01
-6.965003305519665844e-01 -4.788441395363877362e+00 9.971094087486516155e-01 -7.670920478714435831e-01
-2.897945837227875909e+00 5.872934802850682701e+00 -3.988390582114137439e-01 9.704646599105015703e-01
-3.955340864344541352e+00 1.237846212868007001e+00 9.450822642823425435e-01 6.867788149269566933e-01
-3.677172959432084554e-02 2.287932220247483883e+00 7.536911909461055936e-01 -9.993239961285929063e-01
-2.517613621460671691e+00 -6.750030065377652377e-01 -6.248996639498076711e-01 8.115600622544851817e-01
1.764402945799108835e+00 3.961803637513588328e+00 -7.312897511598460687e-01 1.923993741261814661e-01
4.795983440215039195e+00 2.206946495046389956e+00 8.043889101699904787e-01 -8.349713369188643819e-02
2.253477147457227048e+00 -5.266694246567883653e+00 8.502663204662007645e-01 6.308752950291898198e-01
-1.420361476448387172e+00 -2.838523358526553686e+00 -2.984510196436721552e-01 -1.498680857769190133e-01
2.898812893205860775e+00 -2.385411945268712142e+00 -6.861480670578442576e-01 9.706734665641081339e-01
-3.514735860487177899e+00 -1.289179823542593084e+00 -9.606074530422040736e-01 9.311861097811192645e-01
1.550498047988329020e+00 1.180686724674582244e+00 9.248673848456873126e-01 -2.029688495206261392e-02
-5.493948895972731172e+00 2.178291327882924122e+00 8.210804770566039190e-01 -7.043875282027410867e-01
-5.941350295757501954e+00 -1.773597483222065563e+00 -9.795062296635912436e-01 -9.421411259957309658e-01
1.177976233405338746e+00 4.438439739289830044e+00 -9.627099966338754644e-01 -3.827952297871973220e-01
-6.047463482819610547e+00 4.799232820250770359e+00 -9.962314431237474510e-01 -9.723460162534853790e-01
5.146304626617865807e+00 3.279052055129110244e-01 3.220605545817698534e-01 -4.204267858609557762e-01
4.474152395894943623e-01 -4.007146061436504425e+00 7.614541095961483430e-01 -9.015683748575588075e-01
1.278800621799891957e+00 4.876888859667509735e-01 4.685854612706639721e-01 -2.878640264736180288e-01
-3.204498165521520114e+00 -4.423498775493931667e+00 9.585606337202849936e-01 9.980221006427320019e-01
-2.127507210187360442e-01 3.184152806309995754e+00 -4.254730521065022697e-02 -9.774538003026399524e-01
-1.421348865251807148e+00 -3.793842226769519321e+00 6.069757216913042042e-01 -1.488917756441212048e-01
-4.156635628022364415e+00 -3.288947073791709030e+00 1.468217397709878358e-01 5.275834251165207878e-01
3.596853621898333131e+00 -4.123574821802245438e+00 8.315998506470426710e-01 8.981463118553718594e-01
5.869916729417411716e+00 2.751929910846751426e+00 3.798764612148294306e-01 -9.158130404793577428e-01
1.587685016205571564e+00 3.790039756540902971e+00 -6.039494403513575582e-01 1.688788656808596148e-02
-3.721202918053426956e+00 -1.607548325205710782e+00 -9.993247213203102497e-01 8.366761707859875496e-01
-9.104842777274635424e-01 1.569695489618584183e+00 9.999993940788167723e-01 -6.133633384575409853e-01
-3.808058659855635852e+00 -5.600900632505506849e+00 6.305678821039540916e-01 7.860113272869401202e-01
3.482178989686127935e+00 4.072008504369319937e-01 3.960406113878244261e-01 9.425589679649492014e-01
3.834396020983401598e+00 -4.759653692784270973e+00 9.988832314048328165e-01 7.694585391943195019e-01
3.809820374639880214e+00 5.339904003430481438e+00 -8.094890231233164979e-01 7.849209947168312995e-01
-1.223487941692595449e+00 -1.008212981606664727e+00 -8.458800480813354339e-01 -3.403681388093658389e-01
-5.462770896938089926e+00 -4.610629722716472756e-01 -4.449003349342701141e-01 -6.819181543955017410e-01
3.647311191917674833e+00 -6.067788137034364482e+00 2.137354373197950241e-01 8.748266143418161889e-01
4.790744034900731307e+00 -7.103450455083466508e-01 -6.520954015728647191e-01 -7.827490212505447409e-02
2.541727412172658518e+00 4.152846839329033202e+00 -8.474982305496666646e-01 8.254116978349922418e-01
6.138793948763515473e+00 -3.418646003267368005e+00 2.735225585826728811e-01 -9.895936666897067191e-01
-4.685245975469909396e+00 -2.633179024995092821e+00 -4.867921362655320272e-01 2.713967213569353290e-02
-1.074926649531684930e+00 -3.996714347551779234e+00 7.546507683773888697e-01 -4.757967603114015565e-01
7.964076906168351400e-01 5.744710302911014921e+00 -5.128273922419132047e-01 -6.992791734350198851e-01
-3.592743269533658079e-01 -5.012599594761347532e+00 9.552742271333439783e-01 -9.361522131493457133e-01
4.937400943329214087e+00 -4.958382492719952239e+00 9.698958635164924846e-01 -2.231180235236059906e-01
1.552740771498199557e+00 1.503352483181696009e+00 9.977265259493584004e-01 -1.805457428492367872e-02
-4.632031997997386519e+00 3.266233372322334461e+00 -1.243182473107490721e-01 8.027052952237739847e-02
1.930343455613707349e+00 3.787192324033071600e+00 -6.016775268999161597e-01 3.518503564652004645e-01
7.158902081195801514e-01 -1.249563592987290583e+00 -9.488469201021689781e-01 -7.545093061464186457e-01
6.360996999280565944e-02 -2.749855370498374363e+00 -3.817946694525049534e-01 -9.979775679318954040e-01
3.391156463634136031e+00 5.677812316133303838e+00 -5.690688226060026667e-01 9.690202446557895088e-01
-1.897501345326796596e+00 -5.519378323573050693e+00 6.916758849493942485e-01 3.209240829951579554e-01
-3.177064514504811310e+00 -2.090458769210281176e+00 -8.679868558917575028e-01 9.993709395055295763e-01
-6.727015903683168929e-01 -3.356192277171378358e+00 2.129562529017120787e-01 -7.821411577652077618e-01
-5.828279166920147247e-02 2.055718263477080754e+00 8.847113401842712221e-01 -9.983020388273359247e-01
-3.835327581725393564e+00 -1.699708763069751605e+00 -9.917022926709527786e-01 7.688632205787899743e-01
4.050297934279605272e+00 -5.446382378043873373e+00 7.425053920595888757e-01 6.147674205301297823e-01
-2.330036038310261404e-01 -4.051623151354267094e+00 7.895224571960981486e-01 -9.729772498433107986e-01
2.029234198804655165e+00 -2.211264080697242562e+00 -8.018163296495655068e-01 4.425478171769868796e-01
1.362724345199075593e+00 6.141718684727248245e+00 -1.409952370590147053e-01 -2.065738519617236757e-01
6.219728402428708947e+00 -1.953266363443398212e+00 -9.277456164273402139e-01 -9.979872861518388483e-01
1.146773714729730109e+00 3.539624363913166150e+00 -3.876046742981321125e-01 -4.114301466770784454e-01
9.952811836011310476e-01 -1.772861886752062688e+00 -9.796541239737653894e-01 -5.442670227079746681e-01
9.572416066980782290e-02 6.135596321908062478e+00 -1.470537588101171744e-01 -9.954219399084555109e-01
5.829409889896588481e-01 1.404723381230856383e+00 9.862415537818821631e-01 -8.348473024202299753e-01
-1.177782544874309778e+00 -3.374388113708835846e+00 2.306984747909708588e-01 -3.829741585043844321e-01
3.488272533832086353e+00 -2.655420488121029710e+00 -4.672450243590802743e-01 9.405059951015699582e-01
-3.088478498686086482e+00 -2.720032845182228431e+00 -4.091842002470393869e-01 9.985897748549629194e-01
-3.759325980240806331e+00 5.066075153109146356e+00 -9.381023531351037059e-01 8.151933816732285232e-01
5.236590254281619394e+00 1.686894208072557078e+00 9.932682074078491574e-01 -5.005216880497358467e-01
2.242110817995301986e+00 -1.250929339766220671e+00 -9.492772511180739281e-01 6.220157769255666436e-01
-3.956142357057572223e+00 -1.664840426174065691e+00 -9.955811119549499155e-01 6.861960162233952110e-01
3.121159726690063252e+00 2.803882629803801763e+00 3.313273338666884449e-01 9.997912550119710806e-01
-1.603211089585286686e+00 1.670535377174199532e+00 9.950301828926798597e-01 3.240908663237543341e-02
4.286677389880942712e+00 -4.295945793969030646e+00 9.145334894701202533e-01 4.129689638080429326e-01
3.126235019080887412e+00 -4.755133363945251546e+00 9.990865979214523795e-01 9.998820738489812010e-01
4.186627675668363580e+00 5.059621932653486809e+00 -9.403179300605029045e-01 5.018716345603391193e-01
-5.085760327349901466e+00 5.441053383179013991e+00 -7.460644066727689649e-01 -3.647565699228995095e-01
4.375627953889612343e+00 2.904030215205583687e+00 2.353342264290814723e-01 3.304317908000730108e-01
-1.072310306367209698e+00 5.722659836094994290e-01 5.415383954930931276e-01 -4.780963475863350687e-01
2.582427173350728467e+00 -4.952876001556850483e+00 9.712220934492165059e-01 8.476981013168107815e-01
3.773157720388477188e+00 -2.502506389314639534e+00 -5.964622886125566792e-01 8.071044681834368406e-01
-3.585992970828161042e+00 -5.620311380185444960e+00 6.153846968431458953e-01 9.028686412529307592e-01
-2.723650952565560779e+00 -9.410346449144224579e-02 -9.396463769836572999e-02 9.139262984493877751e-01
1.800904508074095745e+00 -7.207628611177003819e-01 -6.599580034078900148e-01 2.280828546770757859e-01
-3.398272978546598821e+00 4.467884854721303256e+00 -9.702574831501625807e-01 9.672380755382192774e-01
-3.533402208039189141e+00 3.010080875735127393e+00 1.311330152235565261e-01 9.242195742935028768e-01
-1.795295370976314864e+00 -2.895138404231452522e+00 -2.439668893896298485e-01 2.226180053772937595e-01
-4.497208738316071930e-01 -5.199129267910816310e+00 8.838622732623043765e-01 -9.005684775364647399e-01
9.048894312432160802e-01 -3.595490469690990842e+00 4.384719982326903964e-01 -6.177725302091691129e-01
1.522212636516766082e+00 -3.282769605625101672e+00 1.407084544586374164e-01 -4.856457991264346435e-02
-2.797732393491498826e-01 4.668392897040913425e+00 -9.990323284301992901e-01 -9.611180801880444546e-01
1.807571054392465015e+00 2.858531052078149060e+00 2.792967175546198222e-01 2.345685659591915662e-01
5.543225551956924235e+00 -2.270882249445307366e-01 -2.251414635745516701e-01 -7.384956946984182480e-01
-1.498004573002324591e+00 -7.483928791838501127e-01 -6.804619678365964042e-01 -7.272748794499422909e-02
-5.439424259831080910e+00 1.569383487017557144e+00 9.999990019420478271e-01 -6.646574736275675521e-01
-1.597275127230987302e+00 3.111820880378717291e+00 2.976737532870979072e-02 2.647570637813599637e-02
-5.641582253414802572e+00 -2.806404618178808708e+00 -3.289467466413687480e-01 -8.011373912885807469e-01
-4.593928822754573815e+00 -1.993364523171917035e+00 -9.120387213472859189e-01 1.181832971647437946e-01
3.689957078769865007e+00 -1.883631380363171459e+00 -9.514648862668306784e-01 8.533782754526395564e-01
-8.156526256537022235e-01 -2.959184292848876741e+00 -1.813985024566401871e-01 -6.853933150333378910e-01
6.592431274566035171e-02 5.400235466025561593e+00 -7.726150175257445740e-01 -9.978277793741086032e-01
-2.560964079762192203e+00 -4.459105857586400212e+00 9.680949436927469565e-01 8.361180111889986444e-01
-5.052178666943515140e+00 1.662668054960349195e+00 9.957827603050939391e-01 -3.332888107890275564e-01
2.975051251162412314e+00 1.046332307586354204e+00 8.655924578598712671e-01 9.861640046788823222e-01
1.528638273439675288e-02 5.143534477718521458e+00 -9.084876290305157198e-01 -9.998831655265686402e-01
-6.119604629863966139e+00 -4.732796513462425025e-01 -4.558078776280092281e-01 -9.866504887690934478e-01
-5.004622304525812915e+00 2.459577363981425790e+00 6.303587802904828674e-01 -2.880915793791746782e-01
6.014058731735037355e+00 4.802740572685921805e-01 4.620222456027185953e-01 -9.640034985066370243e-01
2.571424991837146123e+00 -3.767443855447472956e+00 5.857873542064139238e-01 8.418104876745041709e-01
-3.017343810286989836e-01 -3.083454211381053689e+00 -5.810569566079946263e-02 -9.548225078797737408e-01
6.240771026512730302e-01 -5.374318492131921587e+00 7.888077454868832605e-01 -8.115027587858646418e-01
-1.679590915976845622e+00 -4.396622521967024078e+00 9.505586382183026650e-01 1.085800959394166848e-01
2.710950518783489471e+00 6.032940904591734821e+00 -2.476407565663892030e-01 9.086978750411612848e-01
-4.702569837630997007e+00 -2.768872709777365770e-01 -2.733628094249160867e-01 9.818984968088386583e-03
-4.336208183083692269e+00 8.722499198816491273e-01 7.657778093012982401e-01 3.673710143756172553e-01
-8.848155084059312614e-01 -1.659598922258042286e+00 -9.960596399815656588e-01 -6.334322715195702669e-01
-4.112341875546210446e-02 -6.151085265669476776e+00 1.317161763712927924e-01 -9.991545513723607552e-01
1.621180651537425632e+00 -5.922797475972219949e+00 3.526371767677684566e-01 5.036301000680684647e-02
-3.172369258197610620e+00 3.462301910193350096e+00 -3.152397329277234483e-01 9.995264376860053535e-01
4.496744009174744150e+00 -1.042675483700504557e+00 -8.637555230398544781e-01 2.139775055291864292e-01
-5.898786524458058622e+00 1.416970464662899332e+00 9.881921132170972122e-01 -9.270240578003802190e-01
4.766260450963887507e+00 -3.787176569520952274e+00 6.016649430803789889e-01 -5.384541731020513894e-02
-5.078405702723124193e+00 -8.074302030246123252e-01 -7.225129137898407272e-01 -3.578988543145545376e-01
5.534864139127295246e+00 -2.637900563295954015e-01 -2.607413691588363336e-01 -7.328321941396122030e-01
4.172247411037631082e+00 5.294522955216317328e+00 -8.352912769531377624e-01 5.142574117585688720e-01
-1.427844749249579159e+00 -3.964636338673362737e+00 7.332189063613688829e-01 -1.424652018638969397e-01
-3.492371904296049934e-01 -4.696899065922444549e+00 9.998800336737061478e-01 -9.396340052508553864e-01
-1.411969350752793062e+00 -4.415931987185523155e+00 9.563775209229558039e-01 -1.581600560147968237e-01
6.406072514503664550e-01 -3.813677109846334012e+00 6.226184787503630247e-01 -8.017329622205261463e-01
4.462565270110976812e+00 -8.519624135196011139e-01 -7.525741175421384321e-01 2.472331461053697832e-01
-3.551225845769722778e+00 3.707056473382836614e+00 -5.358074953153127984e-01 9.172669741336091365e-01
3.001739620235966299e+00 -6.382194604377300351e-02 -6.377862784126145379e-02 9.902364937021849167e-01
4.841366116892011462e+00 5.332155292923943080e+00 -8.140142150696869638e-01 -1.286198425199025774e-01
-1.844568636862605082e+00 2.169236952684427067e+00 8.262150999450352806e-01 2.703651728864028270e-01
4.336819314187870589e+00 2.876523602522498280e+00 2.619759081922974908e-01 3.668025483641622619e-01
-6.532663386508117398e-01 5.539198506803556299e+00 -6.772266718029577026e-01 -7.941028116234390977e-01
-1.413422315909786953e+00 1.003433808654968118e+00 8.433213149911752415e-01 -1.567252121792575004e-01
-1.598801418405353836e+00 -1.528866409494996859e+00 -9.991210698008468061e-01 2.800143109106378522e-02
5.177580657415099097e+00 -2.017712475067949818e+00 -9.017841877538341766e-01 -4.485941182704509256e-01
-5.458031341732674235e+00 -6.934516426459493843e-01 -6.391954507756130166e-01 -6.784438626039965836e-01
-6.251990218671865662e+00 -6.259008333108175393e+00 2.417461879495393443e-02 -9.995134726830886551e-01
-3.514940949470550358e+00 -6.183484510183602900e+00 9.953570394734466420e-02 9.311113262113358546e-01
4.098532073257425523e+00 2.538122118130612392e+00 5.675034237147180693e-01 5.760244976382817850e-01
-6.154379513272543178e+00 -7.252673828389424315e-01 -6.633355548563928394e-01 -9.917159965138616640e-01
-1.403234052501473705e+00 -6.138660801988396365e+00 1.440219084721969245e-01 -1.667792634408865049e-01
2.680677810104079128e+00 4.569059227435808168e+00 -9.897458635903509938e-01 8.956459795780887800e-01
1.075121491239882765e+00 -4.020234234611531399e+00 7.698726498359246273e-01 -4.756253772331539564e-01
3.752137989539901852e+00 3.097253561033001645e+00 4.432456587373604512e-02 8.193354907622325545e-01
1.128233779329418596e+00 -2.555542635639493909e-01 -2.527817103679729227e-01 -4.282565331132177078e-01
4.715766944014854190e+00 -2.628183792254463746e+00 -4.911494697397952303e-01 -3.377957206047808598e-03
1.219145908842276249e+00 -3.736603946062750481e+00 5.605181063075337367e-01 -3.444476973350711346e-01
-8.157629148054796886e-01 -2.187920109367080812e+00 -8.155462713592650514e-01 -6.853130012760291212e-01
3.591441861239717426e+00 1.676160766269976676e+00 9.944543008374238102e-01 9.005126815901860482e-01
1.215737407825725036e+00 -2.395184412861235401e+00 -6.790063185797088341e-01 -3.476456097970004877e-01
5.352037306973061348e+00 -3.417070204197782513e+00 2.720065127131540139e-01 -5.969133286877479350e-01
-2.600946777519222319e+00 3.303214762757672673e+00 -1.609193867370912467e-01 8.573764343537718657e-01
3.585627216767276693e+00 -4.521578907226985855e+00 9.818509234079229042e-01 9.030258245724162025e-01
-7.958297624020822525e-01 -5.059335172613410592e+00 9.404154750386441997e-01 -6.996921878544278828e-01
-5.045792015982060619e+00 2.114461560406793339e+00 8.558184958694147193e-01 -3.272605616398526762e-01
-1.932231416225282494e+00 4.495950004697109037e+00 -9.766683810620648831e-01 3.536169657025670099e-01
-3.693286040883046351e+00 -2.449775900747091839e+00 -6.379372943672344531e-01 8.516381882381666157e-01
-3.125470983947794323e+00 -4.505851831604475777e+00 9.787469149558627457e-01 9.998700486986314973e-01
-3.443034744293989036e+00 -3.230071336806093818e+00 8.836328616630648169e-02 9.549093289594517975e-01
-1.517884782109711672e+00 -5.500044478017702687e-01 -5.226910207855673951e-01 -5.288685933585907800e-02
-1.990341540789453134e+00 -4.160127673708666762e+00 8.513403872520730609e-01 4.073451508334957616e-01
2.439792841534059065e+00 -1.476199204143721744e+00 -9.955290277696868806e-01 7.636814783651875160e-01
-8.127627848087453089e-01 4.349317778365572096e+00 -9.348105062243837748e-01 -6.874947544327231208e-01
-2.296085047178873406e+00 -5.346011662029514611e+00 8.058879268808163410e-01 6.633515220615576746e-01
5.701892987173863503e+00 4.717683735521555732e+00 -9.999859828167673159e-01 -8.357537293309149629e-01
1.438689256618657097e-01 -5.341924073657780880e+00 8.083013183405456381e-01 -9.896687045650364167e-01
2.490646545057838779e+00 5.721030296247439750e+00 -5.330108071011814275e-01 7.955108703168090045e-01
-4.526865379785728116e+00 1.738707386470260019e+00 9.859360281003288762e-01 1.844611742989274716e-01
-1.688159139029284717e+00 -3.874085909984269271e+00 6.687254711835129983e-01 1.170935712511493171e-01
-4.047944071595743765e-01 -5.953742245237148012e-02 -5.950225492261852073e-02 -9.191833851768285157e-01
-4.323528768318927185e+00 -2.526668404153061598e+00 -5.768966495814539241e-01 3.791339682102225495e-01
2.507250053494672670e+00 -3.798485091027963279e-01 -3.707797809184578131e-01 8.054614773211118406e-01
3.024749420427847113e+00 5.005737892536753719e+00 -9.572808749717625076e-01 9.931815919995814479e-01
4.099776256974724475e+00 -3.791869977589655161e+00 6.054071556044288149e-01 5.750070159399707226e-01
5.455523281405248781e+00 -8.909072984983694710e-01 -7.776424921959971259e-01 -6.765991785491999311e-01
3.673529877579332137e+00 5.199511599436798193e+00 -8.836833741497139849e-01 8.618261208246619232e-01
-4.076542302602193857e+00 -1.654918575850850893e+00 -9.964638096813952517e-01 5.938589379795204959e-01
5.355300672990802369e+00 1.249098218052405507e+00 9.486998815178568911e-01 -5.995283628541356880e-01
-2.043690287516095161e+00 4.031513480490556134e+00 -7.770219125905446500e-01 4.554645489219347199e-01
-5.075673956161747213e+00 -2.506193745316675159e+00 -5.934986169119531585e-01 -3.553467254358445571e-01
-5.957386669396509404e+00 4.007610887814504252e+00 -7.617553365304430280e-01 -9.473954121646995796e-01
2.112398551493699372e+00 1.978423927060433130e+00 9.180639016879852399e-01 5.155095731735200859e-01
-9.032414703087008334e-01 -4.991999831051863623e+00 9.611629091545451642e-01 -6.190675761321549064e-01
5.680134041730795502e+00 -3.592135966708368322e+00 4.354546946119019490e-01 -8.236089014876368797e-01
4.285346017012754416e-01 -1.649011405991265278e+00 -9.969427597507330985e-01 -9.095756552681251161e-01
1.498803166695202194e+00 2.630919648696545821e+00 4.887644976063488245e-01 -7.193098594169922144e-02
-1.076549065577088626e+00 -4.041919261721810486e+00 7.835298907145888947e-01 -4.743691301783113934e-01
-4.254136636056042420e+00 6.351727421451807132e-01 5.933165753168307965e-01 4.423814385583017539e-01
-1.873998957258319109e+00 1.057811947133338037e+00 8.712837170053998603e-01 2.985782756232255863e-01
5.400905742739057658e+00 4.244590924900435880e+00 -8.925633564516803897e-01 -6.353925413290893998e-01
6.057979721161887099e+00 1.827073769603767772e+00 9.673402771474152173e-01 -9.747482189206182479e-01
-4.042477927142198446e+00 5.694429691880577238e+00 -5.553265825505420139e-01 6.209162661845332165e-01
3.032434252569879973e-01 -1.532479438408120842e-01 -1.526488115386413491e-01 -9.543729681303769752e-01
4.616652552781838281e+00 -5.357533917472004248e+00 7.990126225994318432e-01 9.559024981837087320e-02
6.071485257963267657e+00 -6.213161503228384674e+00 6.996659297304606839e-02 -9.776751094693274524e-01
5.555361245999952402e-01 -2.468213659409028260e+00 -6.236309657624075076e-01 -8.496178108740600754e-01
-5.131648190806236798e+00 -4.260571789994338054e+00 8.996552008797623623e-01 -4.070839344670676985e-01
-1.446767540374055194e+00 -2.563007516569708599e-01 -2.535038845207998048e-01 -1.237110388890185347e-01
-5.736533280989004169e+00 -1.719599074485552492e+00 -9.889492843838876279e-01 -8.542696840045219675e-01
-4.808031029407180412e-01 5.557594178976792421e+00 -6.635777858951289465e-01 -8.866237805608457867e-01
-2.643015733624350272e+00 3.544537434421890509e-01 3.470781178580056858e-01 8.782639339511465471e-01
-5.457440598502323326e+00 -4.004455972153142085e+00 7.597075900372977086e-01 -6.780097534063097564e-01
4.958827392692670699e-01 5.032725563132180113e+00 -9.491294866387344209e-01 -8.795490379495630728e-01
-9.903430727655848642e-02 -3.227264180905599744e+00 8.556676649348418651e-02 -9.951001097153353570e-01
4.567055523381888804e-01 -4.024936761731156665e+00 7.728652676510073816e-01 -8.975101960857090333e-01
-2.214815503934274510e+00 -3.034370790071723167e+00 -1.070165350555207645e-01 6.004143741398936251e-01
3.491883387645700054e-02 3.973749286703549544e+00 -7.393851133103314099e-01 -9.993903994658929202e-01
2.936381284269087288e+00 6.109273132089487746e-02 6.105473545653314349e-02 9.790179347967696843e-01
-2.505586220171720946e+00 -7.452533304162090033e-01 -6.781580088231224934e-01 8.044742951691121746e-01
1.790109890844432172e+00 -3.768706174743190473e-01 -3.680125110564364532e-01 2.175596806260136074e-01
-2.217445201980496883e+00 -3.233086885750930062e+00 9.136663291162734624e-02 6.025152364277399641e-01
-5.929111330294061233e-01 -2.873226009145833704e+00 -2.651569010407457960e-01 -8.293175194556110519e-01
-3.929673175372792482e+00 -3.321919693429142839e+00 1.793513199292641747e-01 7.052075258254784096e-01
3.037983416498232003e+00 -4.905751916822675085e+00 9.813635629494634749e-01 9.946373628401767863e-01
-2.039275389645210268e+00 -4.634707489530359048e+00 9.969843099405228948e-01 4.515297427514150530e-01
5.468300951233825202e+00 -5.811300217320877870e+00 4.545661660421765893e-01 -6.859525460088984339e-01
-2.694182938010366790e+00 -6.304061166799694860e-01 -5.894728627982037672e-01 9.015707647329787022e-01
-6.224581752122459122e+00 -3.003156121370827769e+00 -1.379947739168679022e-01 -9.982833030670367203e-01
-2.947524266159914585e+00 2.814156476064118451e+00 3.216164814331459731e-01 9.812277591365284879e-01
-2.557096188811155635e+00 6.060316507086781712e+00 -2.210283759180712293e-01 8.339900320206088402e-01
-3.019136479023974307e+00 6.147815735509976065e+00 -1.349565108670155722e-01 9.925116073675103179e-01
4.724202278869405802e+00 -2.434681364586998242e+00 -6.494883047908903695e-01 -1.181302372108219284e-02
-1.074685445682092677e+00 6.149167283908576920e+00 -1.336172042245076519e-01 -4.760088985815087992e-01
1.005362162476004073e+00 -5.092890804569076835e-01 -4.875566724445636879e-01 -5.357824557715304969e-01
