-2.899871248305450511e+00 3.907344690109246343e+00 7.291948659506766184e-01 1.023182234301134974e+00 1.752377100251811592e+00 1.752377100251811592e+00 5.339985914712842563e-01 5.339985914712842563e-01
2.401344477820311241e+00 4.334914632104888810e+00 5.746759428395005198e-01 -1.415618080436260584e-01 4.331141347958744614e-01 4.331141347958744614e-01 8.991058523777482048e-01 8.991058523777482048e-01
-1.501406864015653042e-02 -2.833937270362032468e+00 1.071401890372025711e-02 5.066133672822721312e-01 5.173273861859923883e-01 5.173273861859923883e-01 -9.574852439946499594e-01 -9.574852439946499594e-01
-4.374843736904169944e+00 4.738232802605324423e-02 -3.644556903837573580e-01 1.024904365858932076e+00 6.604486754751747180e-01 6.604486754751747180e-01 -3.754920091483007205e-01 -3.754920091483007205e-01
-4.077779568995657300e+00 -1.624854724080897483e+00 3.872624941651312547e-01 -1.022372534093756391e+00 -6.351100399286251363e-01 -6.351100399286251363e-01 8.361605540305507844e-01 8.361605540305507844e-01
-3.382411242712822563e+00 -1.448459784189576993e+00 -9.536516921732316465e-01 9.092590202650503439e-01 -4.439267190818130260e-02 -4.439267190818130260e-02 1.182050326222487957e-01 1.182050326222487957e-01
7.497444337467218389e-02 -5.050430261125420373e+00 4.761728427847833345e-02 -6.065666823601290059e-01 -5.589493980816506724e-01 -5.589493980816506724e-01 2.600430991578303597e-01 2.600430991578303597e-01
2.835848130742885331e+00 -3.024661382397215714e+00 7.172975548529867407e-01 -5.303184638850870769e-01 1.869790909678996638e-01 1.869790909678996638e-01 9.822276715324650409e-01 9.822276715324650409e-01
-2.676011579431882836e+00 3.075626987322380046e+00 1.000033196119301193e+00 -2.380485251848063477e-02 9.762283436008205584e-01 9.762283436008205584e-01 9.212106931033733348e-01 9.212106931033733348e-01
-5.509841863047078903e+00 1.076321735562409287e+00 8.102046669207390028e-01 -1.141493665236653188e+00 -3.312889983159141849e-01 -3.312889983159141849e-01 -2.752683769263252755e-01 -2.752683769263252755e-01
4.253786533284634075e+00 3.325836395274286872e+00 3.327555024461055222e-01 -9.938869273897231738e-01 -6.611314249436176516e-01 -6.611314249436176516e-01 2.709296830932277911e-01 2.709296830932277911e-01
-3.260089503039908188e+00 3.708328835689638225e+00 -2.538074742584652821e-01 7.657248426968910060e-02 -1.772349899887761815e-01 -1.772349899887761815e-01 9.012115359014870597e-01 9.012115359014870597e-01
-7.125665528257840720e-02 4.982621336866349893e+00 5.857001124812271087e-01 5.168255665810432831e-01 1.102525679062270392e+00 1.102525679062270392e+00 1.976653457293684468e-01 1.976653457293684468e-01
2.484728876092795247e+00 3.054075122845935297e+00 5.052299490859610831e-01 -5.659037905185099193e-01 -6.067384143254883622e-02 -6.067384143254883622e-02 7.355072172383596563e-01 7.355072172383596563e-01
5.521706957570890140e+00 3.810590577204896690e+00 1.130877141271401820e+00 -3.495391443332183101e-01 7.813379969381835100e-01 7.813379969381835100e-01 -9.957267323463485642e-01 -9.957267323463485642e-01
-3.025322976660901553e+00 -1.047545568043881659e-01 3.788762738457802648e-01 -7.745387878748044574e-01 -3.956625140290241927e-01 -3.956625140290241927e-01 -9.999337017368487013e-01 -9.999337017368487013e-01
-1.174705375877347358e+00 6.036075597605741194e+00 3.721859531195390591e-01 -2.827793871641333112e-01 8.940656595540574791e-02 8.940656595540574791e-02 1.484307360044901936e-01 1.484307360044901936e-01
5.372491328342457351e+00 1.992708666816795926e-01 7.548473061398164319e-03 7.430740252769105769e-01 7.506224983383087412e-01 7.506224983383087412e-01 7.574334758053640204e-01 7.574334758053640204e-01
-5.500558274730885877e+00 -6.109315968072816183e+00 1.087690005923969805e+00 3.459789172177423211e-01 1.433668923141712126e+00 1.433668923141712126e+00 5.763866029871085317e-01 5.763866029871085317e-01
-4.941537556804466824e+00 -4.927114599348808355e+00 -8.425865434853485603e-01 -4.591559621437970584e-01 -1.301742505629145619e+00 -1.301742505629145619e+00 -9.030947047618644863e-01 -9.030947047618644863e-01
-3.903083460360656787e-01 -1.556770575693117387e+00 -4.781323463492510584e-01 -7.043402386456992792e-01 -1.182472584994950449e+00 -1.182472584994950449e+00 -3.674656918527814953e-01 -3.674656918527814953e-01
-5.321904672976620176e+00 5.961378172662842090e+00 -8.813946393593665718e-01 -5.159755346875649629e-02 -9.329921928281230681e-01 -9.329921928281230681e-01 8.024100702855259115e-01 8.024100702855259115e-01
3.293844796343197601e+00 -5.284783425969088455e+00 -5.064496263781019803e-01 6.445010395574701789e-02 -4.419995224223549624e-01 -4.419995224223549624e-01 -4.078903840716935347e-01 -4.078903840716935347e-01
1.556031919169862832e+00 6.202900559962012395e-01 -7.342838703928452615e-01 -7.466036856859026294e-02 -8.089442389614355244e-01 -8.089442389614355244e-01 -5.691943445506472132e-01 -5.691943445506472132e-01
-5.366882085104287547e+00 9.354799223438128308e-01 -4.160004661402373349e-01 -1.041629767589006716e+00 -1.457630233729243940e+00 -1.457630233729243940e+00 -2.773039002957608523e-01 -2.773039002957608523e-01
-5.580899325488172913e+00 1.832258664876038168e+00 -6.046686583990085184e-01 8.177324086553361404e-02 -5.228954175334749044e-01 -5.228954175334749044e-01 -8.213355447972947587e-01 -8.213355447972947587e-01
-8.694040742623103668e-01 -5.658333047266520310e+00 1.086085170251891663e+00 -4.650409836723842227e-01 6.210441865795074401e-01 6.210441865795074401e-01 9.702459377973424726e-01 9.702459377973424726e-01
-4.658430686341947791e+00 -2.033522751514572846e+00 3.090657621135248778e-01 4.086380338211883512e-01 7.177037959347132290e-01 7.177037959347132290e-01 9.176111614291792007e-01 9.176111614291792007e-01
1.083885964107559552e+00 2.444475783985563311e+00 -2.964810212454646043e-01 2.289034255577915289e-01 -6.757759568767307545e-02 -6.757759568767307545e-02 -9.261325831172511069e-01 -9.261325831172511069e-01
2.589378370297056975e+00 5.658155453225170106e+00 5.429171378575261553e-01 6.820467924068303045e-01 1.224963930264356460e+00 1.224963930264356460e+00 -3.834714618930663566e-01 -3.834714618930663566e-01
3.075648404876000441e+00 3.658840200129819920e+00 4.122538647105917775e-01 3.639483579240914146e-01 7.762022226346831921e-01 7.762022226346831921e-01 8.998794481351048979e-01 8.998794481351048979e-01
-1.713627356111118161e+00 3.782409557663768851e+00 -2.582314832775136626e-01 5.177008631511850201e-01 2.594693798736713575e-01 2.594693798736713575e-01 -4.776570061666419176e-01 -4.776570061666419176e-01
6.695077233874062728e-01 -3.686111779403884459e+00 -3.002640262869772370e-01 -5.325215833189078651e-02 -3.535161846188680235e-01 -3.535161846188680235e-01 -9.921990887593354902e-01 -9.921990887593354902e-01
7.208998528820806939e-01 4.810231166794272539e+00 2.914925350198478426e-01 -1.377392618637478527e-01 1.537532731560999899e-01 1.537532731560999899e-01 7.302870439737623176e-01 7.302870439737623176e-01
-4.457417837680708317e+00 1.274750313660756973e+00 8.908902248481709307e-02 -9.338805264444267618e-01 -8.447915039596096687e-01 -8.447915039596096687e-01 -9.991565461053275587e-01 -9.991565461053275587e-01
4.516763460899165139e+00 -2.697523046668024449e-01 -7.305510112809796563e-01 -6.976959467166957696e-01 -1.428246957997675537e+00 -1.428246957997675537e+00 -4.487604768065353578e-01 -4.487604768065353578e-01
6.387812390757190428e-01 -5.997949019702961237e+00 -4.578484453109276098e-01 -7.935335537252392601e-01 -1.251381999036166981e+00 -1.251381999036166981e+00 6.026189254888519864e-01 6.026189254888519864e-01
-6.118781868643245581e+00 6.187236630654721736e+00 -4.782554149854602032e-01 -7.753153260663006030e-01 -1.253570741051760695e+00 -1.253570741051760695e+00 9.976578875988288964e-01 9.976578875988288964e-01
-4.049325104226618066e+00 1.252794757336572751e+00 9.058169104631959012e-01 -6.546966524479942429e-01 2.511202580152016584e-01 2.511202580152016584e-01 -9.410543788610153948e-01 -9.410543788610153948e-01
-5.470477932417858291e+00 1.787943422539346017e+00 2.086445599509176851e-01 -7.139981641220181086e-01 -5.053536041711004234e-01 -5.053536041711004234e-01 -8.572240587846527982e-01 -8.572240587846527982e-01
-5.154839962967185940e+00 2.702992662734040152e+00 8.059763680440441558e-01 -7.962566379292965735e-01 9.719730114747582306e-03 9.719730114747582306e-03 -7.714080820464864763e-01 -7.714080820464864763e-01
-1.012938144252556683e+00 5.820955064384913058e+00 -3.033657815331233243e-01 7.249524477707580683e-01 4.215866662376347440e-01 4.215866662376347440e-01 9.548225819199233910e-02 9.548225819199233910e-02
-4.106375667226345172e+00 3.587604047173620359e+00 -2.843971386581145566e-02 -6.367032542177952781e-01 -6.651429680836067337e-01 -6.651429680836067337e-01 8.684288823880778052e-01 8.684288823880778052e-01
1.046928403520002604e+00 -3.832067566563162053e+00 5.834544577603051341e-01 -1.015293081845766165e+00 -4.318386240854610314e-01 -4.318386240854610314e-01 -9.371402792351563038e-01 -9.371402792351563038e-01
4.919163568746558468e+00 2.693314351768433923e+00 7.514583927944622488e-01 2.791991253514667370e-01 1.030657518145928986e+00 1.030657518145928986e+00 2.391629711220968901e-01 2.391629711220968901e-01
2.712852953831500713e+00 2.048099639721783660e+00 5.618667556159722132e-01 -4.839976913795099867e-01 7.786906423646222652e-02 7.786906423646222652e-02 4.854452648341381349e-02 4.854452648341381349e-02
5.202166630374909673e+00 2.682956505966755500e+00 1.011094211661836662e+00 3.320569316914738778e-01 1.343151143353310539e+00 1.343151143353310539e+00 -3.113646914186608133e-02 -3.113646914186608133e-02
1.899064741637861431e+00 -9.570669059319696359e-01 1.914673650912404046e-01 1.700472905685062042e-01 3.615146556597466088e-01 3.615146556597466088e-01 5.881734806726884868e-01 5.881734806726884868e-01
2.498320121488548651e+00 7.803124757137567258e-01 -2.462442886020463906e-01 7.055521544580098947e-01 4.593078658559635041e-01 4.593078658559635041e-01 -9.906247129969316667e-01 -9.906247129969316667e-01
-4.311927168066827853e+00 -1.337797658773855147e+00 1.169035591783029959e+00 -5.223000464123203068e-01 6.467355453707096524e-01 6.467355453707096524e-01 8.059839505002053262e-01 8.059839505002053262e-01
-2.783610902039332480e+00 2.006396287182873550e+00 -4.600557621031998723e-01 -1.074336299378066739e+00 -1.534392061481266722e+00 -1.534392061481266722e+00 7.128696817618020987e-01 7.128696817618020987e-01
2.112844269476283898e+00 4.073132741328869599e+00 3.099165829273093919e-01 -1.121645481974766545e+00 -8.117288990474571531e-01 -8.117288990474571531e-01 9.952789928929548502e-01 9.952789928929548502e-01
5.770906421337720360e+00 -1.145510427893720262e+00 -9.425375331153833525e-01 -6.764613574622931891e-01 -1.618998890577676431e+00 -1.618998890577676431e+00 -8.688330449033185299e-02 -8.688330449033185299e-02
-3.455066990931168203e+00 -4.681931259328039552e+00 -6.451301470390663484e-01 1.163568180700818688e+00 5.184380336617523399e-01 5.184380336617523399e-01 -2.792535222392087957e-01 -2.792535222392087957e-01
-6.575050296305589015e-01 3.930330640122218000e+00 -3.406764196123699406e-01 8.317427892038218307e-01 4.910663695914518900e-01 4.910663695914518900e-01 -9.914013067668898671e-01 -9.914013067668898671e-01
5.478587947394800040e+00 -3.141569480108288737e+00 -1.141088768930387243e+00 4.644324866270741481e-01 -6.766562823033130947e-01 -6.766562823033130947e-01 -6.934181117368423131e-01 -6.934181117368423131e-01
1.502690952749883735e+00 1.000995337244543926e+00 9.502463162348304682e-01 -8.535787605281600632e-01 9.666755570667040498e-02 9.666755570667040498e-02 -8.033443091696963467e-01 -8.033443091696963467e-01
4.760249239661202836e+00 3.094691487872108127e+00 -3.713195974726368753e-02 -1.023383941636909711e+00 -1.060515901384173398e+00 -1.060515901384173398e+00 -9.590934117891668394e-04 -9.590934117891668394e-04
6.640644911661128802e-01 -1.953423519394252850e-01 5.614528528052487033e-02 -8.959295917526690634e-01 -8.397843064721441930e-01 -8.397843064721441930e-01 8.921462857233017907e-01 8.921462857233017907e-01
-4.115257012717908225e+00 1.668018739118736882e+00 1.366085145943800594e-01 7.832501015249460075e-02 2.149335247468746601e-01 2.149335247468746601e-01 -7.684669873447598221e-01 -7.684669873447598221e-01
5.921553186757057219e+00 6.999417198748378866e-01 8.860470930765285136e-01 -5.202689668196202044e-01 3.657781262569083092e-01 3.657781262569083092e-01 9.433170450843487709e-01 9.433170450843487709e-01
-1.351237785853086848e+00 -2.430925382021159376e+00 9.117370875218948623e-01 4.393099051957962686e-01 1.351046992717691131e+00 1.351046992717691131e+00 -8.017549188371814184e-01 -8.017549188371814184e-01
4.856706303273634617e+00 2.039419833637188262e+00 -6.784128030193784520e-01 3.288573577940312465e-01 -3.495554452253472055e-01 -3.495554452253472055e-01 8.179597702631254963e-01 8.179597702631254963e-01
-1.404616187975095798e+00 1.619253880489841535e-01 9.121956858330124707e-01 7.624086141687840268e-01 1.674604300001796497e+00 1.674604300001796497e+00 3.222501961664864800e-01 3.222501961664864800e-01
-4.551415118534393400e+00 2.339765230695691756e+00 5.119511517975530168e-01 -5.486517404849285962e-01 -3.670058868737557933e-02 -3.670058868737557933e-02 -5.978798614233196140e-01 -5.978798614233196140e-01
3.821635626373375061e+00 -2.536639386386951855e-01 6.126007057750832985e-01 1.039927590171300986e+00 1.652528295946384285e+00 1.652528295946384285e+00 -9.104692624205218410e-01 -9.104692624205218410e-01
-8.102725881102799121e-01 2.169243081972012988e+00 -5.001225912680556940e-01 -6.391565374718322090e-02 -5.640382450152389149e-01 -5.640382450152389149e-01 2.102452724399556383e-01 2.102452724399556383e-01
-3.923034610315149884e+00 3.005091063309873078e+00 9.931233773059047198e-01 -4.315806392340286735e-01 5.615427380718760464e-01 5.615427380718760464e-01 6.074549918184612984e-01 6.074549918184612984e-01
-9.348785366146339371e-01 -2.068142399796411013e+00 5.509986552912198299e-01 -5.218606332955564309e-01 2.913802199566339901e-02 2.913802199566339901e-02 -9.904142931622501589e-01 -9.904142931622501589e-01
4.279616817048509603e+00 2.390980841825800951e+00 -5.625121267137699332e-01 -6.606565727945060695e-01 -1.223168699508276003e+00 -1.223168699508276003e+00 9.258897561089476369e-01 9.258897561089476369e-01
-3.493980276908877691e+00 6.126232258505082129e+00 4.136481135206155901e-01 -1.148468660209842396e+00 -7.348205466892268056e-01 -7.348205466892268056e-01 -8.730661868565257056e-01 -8.730661868565257056e-01
4.262425674132183318e+00 -3.294580399446368713e+00 -8.646883273761269972e-01 -1.119052970245164813e+00 -1.983741297621291810e+00 -1.983741297621291810e+00 5.670756196153655670e-01 5.670756196153655670e-01
-6.093423394115975888e+00 -2.749702534113287467e+00 8.704389642857923715e-01 -8.717187299987845250e-01 -1.279765712992153581e-03 -1.279765712992153581e-03 -8.355561555091727266e-01 -8.355561555091727266e-01
-3.130457512863422664e-01 -4.030178602010304978e+00 -3.146463759108368841e-01 1.039147948813496924e-01 -2.107315810294871916e-01 -2.107315810294871916e-01 -3.608364648696730792e-01 -3.608364648696730792e-01
6.133805753432918451e+00 5.325292568472624666e+00 2.565445830790729076e-01 -8.536307405385608060e-01 -5.970861574594878984e-01 -5.970861574594878984e-01 4.471030635499971817e-01 4.471030635499971817e-01
-2.329139109791697138e+00 -2.666516390645400136e+00 -7.236057803151731971e-01 -9.616845477023958644e-01 -1.685290328017569061e+00 -1.685290328017569061e+00 2.794934754647696029e-01 2.794934754647696029e-01
5.846229335463300814e+00 4.430861608551849073e+00 3.270152767751672851e-01 2.939645258554772767e-01 6.209798026306445617e-01 6.209798026306445617e-01 -6.582436830261111371e-01 -6.582436830261111371e-01
-3.385578737436594210e+00 -2.938124304048229440e+00 2.646276129407836297e-01 6.047147104955330477e-02 3.250990839903369345e-01 3.250990839903369345e-01 9.991792688945536627e-01 9.991792688945536627e-01
-4.694327270194648349e+00 2.740329758850093000e+00 2.652647636068952153e-01 2.532346210609461856e-01 5.184993846678414009e-01 5.184993846678414009e-01 -3.738913907013892701e-01 -3.738913907013892701e-01
-2.483120351867498243e-01 -2.975843149449028058e+00 -7.003045742088546133e-01 -2.417135194986338442e-01 -9.420180937074884575e-01 -9.420180937074884575e-01 -9.965936498624264894e-01 -9.965936498624264894e-01
-2.613403132764454018e+00 3.947932784421482211e+00 -8.782036751245092532e-01 9.688272576717922302e-01 9.062358254728297702e-02 9.062358254728297702e-02 2.340746581260997883e-01 2.340746581260997883e-01
5.061096433192847854e+00 8.232308556935024058e-01 -1.162503546553489864e+00 9.067546110161250894e-03 -1.153436000443328613e+00 -1.153436000443328613e+00 9.215051019414325362e-01 9.215051019414325362e-01
-1.485030343288891608e+00 5.379967380998817106e+00 -1.167617908918352487e-01 -3.129465915807366772e-01 -4.297083824725719259e-01 -4.297083824725719259e-01 -7.294051193472811390e-01 -7.294051193472811390e-01
1.912892205657625411e+00 3.448805029943832423e+00 -9.383751223414049658e-01 -9.007738660758251026e-01 -1.839148988417230068e+00 -1.839148988417230068e+00 6.046355741711725296e-01 6.046355741711725296e-01
-3.185129235888843446e+00 2.928136413153323403e+00 5.249467746035256788e-01 -9.073744898530422542e-01 -3.824277152495165755e-01 -3.824277152495165755e-01 9.671586941755093703e-01 9.671586941755093703e-01
2.700345561846084763e+00 2.581722560808183076e+00 -2.481234945166361783e-01 8.334271335988672202e-01 5.853036390822310420e-01 5.853036390822310420e-01 5.393618905249996098e-01 5.393618905249996098e-01
2.377311192222062886e+00 -3.678350647417190089e-01 6.424683065879877031e-01 -8.470377691339470161e-02 5.577645296745930015e-01 5.577645296745930015e-01 -4.247446416968707616e-01 -4.247446416968707616e-01
-3.652122200311803901e+00 -4.712449593791660618e+00 -9.034573843324626985e-01 -4.043220890474461537e-01 -1.307779473379908852e+00 -1.307779473379908852e+00 -4.886922208508354126e-01 -4.886922208508354126e-01
1.874199377252715237e+00 3.299959354955896984e+00 -9.965531343128052333e-01 9.943517865413806778e-01 -2.201347771424555511e-03 -2.201347771424555511e-03 4.455332014522269679e-01 4.455332014522269679e-01
4.264489431586651946e+00 -2.958046724802911864e+00 -7.650942018180684201e-01 5.166330655190822796e-01 -2.484611362989861405e-01 -2.484611362989861405e-01 2.612853969992383063e-01 2.612853969992383063e-01
4.668275238292492801e+00 4.457046132389930193e+00 6.964325780088327367e-01 2.795984078069755352e-01 9.760309858158082719e-01 9.760309858158082719e-01 -9.554969366747844139e-01 -9.554969366747844139e-01
-4.669549259931944363e+00 3.451872167421772275e+00 -3.368489568944287305e-01 2.436310652418605116e-02 -3.124858503702426793e-01 -3.124858503702426793e-01 3.458262581442397843e-01 3.458262581442397843e-01
2.239820310905932033e+00 -2.194323077119202381e-01 -3.186210981451033097e-01 -8.962220853840507928e-01 -1.214843183529154214e+00 -1.214843183529154214e+00 -4.345978240577064722e-01 -4.345978240577064722e-01
2.399720675405017545e+00 3.609997264607551770e-01 1.152872150447023847e+00 7.848828276515755764e-01 1.937754978098599423e+00 1.937754978098599423e+00 -9.283407463238987356e-01 -9.283407463238987356e-01
-1.662493342982779509e+00 3.354990390737288664e+00 -1.161707281394671609e+00 -4.055504265321748791e-01 -1.567257707926846599e+00 -1.567257707926846599e+00 -1.214005237999689901e-01 -1.214005237999689901e-01
-1.930173127089650720e+00 -1.488590814462188661e+00 -9.034793653733912411e-01 -8.642847398425301808e-01 -1.767764105215921422e+00 -1.767764105215921422e+00 -9.618333228244029254e-01 -9.618333228244029254e-01
-5.711449299839884475e+00 -2.404729706020019897e+00 1.181241573641103049e-01 7.279914295077423159e-01 8.461155868718526207e-01 8.461155868718526207e-01 -2.592034477024089401e-01 -2.592034477024089401e-01
-3.117335756290607662e+00 4.027088136374750604e+00 -5.268595834598681638e-01 -8.125537980161448015e-01 -1.339413381476012965e+00 -1.339413381476012965e+00 6.139412275203032232e-01 6.139412275203032232e-01
-5.568503463890840166e+00 -5.632718319825683828e+00 -9.625015887662000669e-01 -7.026376952450833491e-01 -1.665139284011283305e+00 -1.665139284011283305e+00 2.042010554078793338e-01 2.042010554078793338e-01
2.316003067838112273e+00 2.293594836832985706e+00 9.408288105238016286e-02 -5.686726429521850035e-01 -4.745897618998048406e-01 -4.745897618998048406e-01 -1.026101561456901207e-01 -1.026101561456901207e-01
-4.359408417157099258e+00 2.526613751629646742e+00 -9.222130147292075808e-01 1.274996342189136378e-01 -7.947133805102939430e-01 -7.947133805102939430e-01 -2.590112118237750116e-01 -2.590112118237750116e-01
-1.360843974759727182e+00 -1.388340566371910612e+00 -5.693154960011057586e-01 -7.295173811055798430e-01 -1.298832877106685491e+00 -1.298832877106685491e+00 -9.239908425081572174e-01 -9.239908425081572174e-01
6.208631941827130518e+00 -5.107238036307953699e+00 -4.124757901885148792e-01 8.756939776734291581e-01 4.632181874849142789e-01 4.632181874849142789e-01 4.523534223075903471e-01 4.523534223075903471e-01
-5.927631514102731813e+00 -4.191168314620352220e+00 -3.118775031412749366e-01 7.092997435957169028e-01 3.974222404544419662e-01 3.974222404544419662e-01 -7.686797157978708661e-01 -7.686797157978708661e-01
5.362393098998355256e+00 -3.127863426653273660e+00 -1.075677862600006973e+00 8.478718740570092560e-01 -2.278059885429977172e-01 -2.278059885429977172e-01 -6.160618863381693844e-01 -6.160618863381693844e-01
3.073878100577811523e+00 4.665355097819945840e+00 4.126771887963793795e-01 -5.961910979406014333e-01 -1.835139091442220538e-01 -1.835139091442220538e-01 1.144967819794474734e-01 1.144967819794474734e-01
5.776850889108587239e+00 -2.147220038529449759e+00 9.389931913786193629e-01 -1.093750135560155545e+00 -1.547569441815361824e-01 -1.547569441815361824e-01 -8.832544353982765273e-01 -8.832544353982765273e-01
-2.830191637520425907e+00 -4.807080607048256127e+00 1.086825539669819429e+00 -4.699714281533630134e-01 6.168541115164564159e-01 6.168541115164564159e-01 2.150171488836359057e-01 2.150171488836359057e-01
4.956993417652197920e-01 2.731869922272299078e+00 -2.359607471697656722e-01 -5.805533382686254296e-01 -8.165140854383911018e-01 -8.165140854383911018e-01 -9.963062873892185589e-01 -9.963062873892185589e-01
2.041341716300122400e-01 3.722669771876514488e+00 -7.835140111323688483e-01 1.025268880254140536e+00 2.417548691217716872e-01 2.417548691217716872e-01 -7.072389083445311808e-01 -7.072389083445311808e-01
-4.319533778228351828e+00 -9.649456679189389874e-01 9.206933442814735358e-02 3.705767264363601932e-01 4.626460608645075467e-01 4.626460608645075467e-01 5.413908335078848610e-01 5.413908335078848610e-01
2.214884420879878135e+00 3.697455973307370414e+00 2.234700907040561013e-01 7.478287173107900365e-01 9.712988080148461378e-01 9.712988080148461378e-01 9.320214792817355098e-01 9.320214792817355098e-01
-9.535877207110825537e-01 -3.957811361026155161e+00 -1.087223811069339074e+00 4.033332492645498313e-01 -6.838905618047892432e-01 -6.838905618047892432e-01 1.976990670357230417e-01 1.976990670357230417e-01
2.939638285775076909e+00 -3.759396481615286500e+00 -6.319704983508090956e-01 9.169167933188815400e-01 2.849462949680724444e-01 2.849462949680724444e-01 6.823979814444504077e-01 6.823979814444504077e-01
-2.641665061057443253e-01 2.128477217682801736e+00 -1.562566508031875134e-01 -6.644298977964410158e-01 -8.206865485996285292e-01 -8.206865485996285292e-01 -2.893180899844063347e-01 -2.893180899844063347e-01
-2.001967547408876058e+00 -4.248624321768170731e+00 -9.348468029199297202e-01 2.728695995429311072e-01 -6.619772033769986130e-01 -6.619772033769986130e-01 9.994688809208265301e-01 9.994688809208265301e-01
-5.619761177419686504e-01 2.447842092771191247e+00 1.151149721436245388e+00 2.353765811221679716e-01 1.386526302558413359e+00 1.386526302558413359e+00 -3.098826917651034685e-01 -3.098826917651034685e-01
-3.752585790370384977e+00 -5.111401669594393127e+00 4.790272350400952561e-01 -8.813249343785134471e-02 3.908947416022439114e-01 3.908947416022439114e-01 -8.468349432190450665e-01 -8.468349432190450665e-01
3.032983638804344295e+00 1.542610592732519770e+00 1.628236181038145158e-01 -1.479933618876470014e-01 1.483025621616751444e-02 1.483025621616751444e-02 -1.363685123091419593e-01 -1.363685123091419593e-01
-3.543895352691781575e+00 -5.405665256572058652e-01 2.640580799918024191e-02 -8.438818838501158659e-01 -8.174760758509356240e-01 -8.174760758509356240e-01 -5.874685348153551034e-01 -5.874685348153551034e-01
-7.438054414079671162e-01 -2.630864785163614439e+00 2.585922271211114065e-01 -2.643148688322065620e-01 -5.722641711095155514e-03 -5.722641711095155514e-03 -9.729601676307375602e-01 -9.729601676307375602e-01
-1.066869823086929792e+00 4.315503375995042745e+00 3.182446846907176496e-01 -9.848076104225830241e-01 -6.665629257318653744e-01 -6.665629257318653744e-01 -9.942765908532588126e-01 -9.942765908532588126e-01
-5.981820085198156889e+00 6.825247488442283128e-01 3.761972760713390151e-01 4.828458422270416328e-01 8.590431182983806480e-01 8.590431182983806480e-01 5.537877299798328323e-01 5.537877299798328323e-01
-1.941286375198211012e+00 1.978022699142892193e+00 3.015705614055650408e-01 1.657310994438465634e-01 4.673016608494116042e-01 4.673016608494116042e-01 9.993252971358285164e-01 9.993252971358285164e-01
6.383452701842253774e-01 5.027126589052533845e+00 -3.730575380453671208e-01 1.794180157790796759e-01 -1.936395222662874449e-01 -1.936395222662874449e-01 8.152048950387492665e-01 8.152048950387492665e-01
4.388846976008249356e-01 -5.865064273187670096e-02 1.135408897403076045e+00 -9.119375200919406232e-01 2.234713773111354218e-01 2.234713773111354218e-01 9.285777943985391580e-01 9.285777943985391580e-01
5.478224646865230696e-01 -5.071428365248760173e-01 -3.323610359954759508e-01 9.485531970455383100e-01 6.161921610500623592e-01 6.161921610500623592e-01 9.991726980229144184e-01 9.991726980229144184e-01
-4.147027740277341223e+00 -7.111900072898995617e-01 -8.814949165792795860e-01 -9.858438617651579250e-01 -1.867338778344437511e+00 -1.867338778344437511e+00 1.453124500157014221e-01 1.453124500157014221e-01
-1.724257817743482413e+00 -2.301363893020560880e+00 -1.797229476693258388e-01 -3.189612564367672043e-01 -4.986842041060930431e-01 -4.986842041060930431e-01 -6.340406300643708359e-01 -6.340406300643708359e-01
4.626525872818273655e+00 -1.509241904833966252e+00 -7.389190729774952615e-02 5.932904328287198492e-01 5.193985255309703231e-01 5.193985255309703231e-01 -9.997045584508311711e-01 -9.997045584508311711e-01
7.289008087461645857e-01 -4.090232341758220258e+00 9.576814307489753819e-01 9.439676412217943291e-01 1.901649071970769711e+00 1.901649071970769711e+00 -9.759544003049419603e-01 -9.759544003049419603e-01
1.218978692283793741e+00 2.060776654002909325e-01 1.017798490183101867e+00 -8.263356122469385223e-01 1.914628779361633448e-01 1.914628779361633448e-01 1.452245938902950451e-01 1.452245938902950451e-01
4.441096400189612936e+00 -2.995527890511953562e+00 -7.377611985278034190e-01 9.974457937480354364e-01 2.596845952202320174e-01 2.596845952202320174e-01 1.249007697602009803e-01 1.249007697602009803e-01
2.406177366879166613e+00 -6.266565851572702073e+00 -8.822233683037628005e-01 -7.775878643617746278e-01 -1.659811232665537428e+00 -1.659811232665537428e+00 -7.525991943940310014e-01 -7.525991943940310014e-01
6.629673121358283794e-01 2.516440052281119222e-01 -5.229863009213016056e-01 3.551983172787214205e-01 -1.677879836425801852e-01 -1.677879836425801852e-01 6.100985846783939515e-01 6.100985846783939515e-01
4.127197256505887424e+00 5.354752095530560752e+00 1.110604810612951798e-01 -1.043580281174255608e+00 -9.325198001129604286e-01 -9.325198001129604286e-01 -9.983661611091567689e-01 -9.983661611091567689e-01
-3.139218333500331859e+00 5.482111645320401294e+00 -2.824003751280044217e-01 -2.096530557756441926e-01 -4.920534309036486142e-01 -4.920534309036486142e-01 -6.976391548743527959e-01 -6.976391548743527959e-01
-1.739628493442268109e+00 6.024121344070721307e+00 -5.569777851438796334e-01 9.315608813657527687e-01 3.745830962218731353e-01 3.745830962218731353e-01 -4.149575352556058028e-01 -4.149575352556058028e-01
-2.339617999288630124e+00 6.103444672019902484e+00 1.436530811795559970e-01 2.881573694379668815e-02 1.724688181233526851e-01 1.724688181233526851e-01 -8.125783831033885907e-01 -8.125783831033885907e-01
-5.760227732347197538e+00 -1.430345506873980987e+00 8.458251999318371350e-01 9.737816575861233392e-01 1.819606857517960474e+00 1.819606857517960474e+00 6.158058908037811197e-01 6.158058908037811197e-01
-5.195966224231653996e+00 6.172311411560166050e+00 7.803299817548270401e-01 7.241237291090771855e-01 1.504453710863904226e+00 1.504453710863904226e+00 5.600541320685433755e-01 5.600541320685433755e-01
-2.199486599176996293e-01 -5.278725082760528764e+00 1.056323019327229273e+00 -6.373688352139046387e-01 4.189541841133246347e-01 4.189541841133246347e-01 7.077334232827204863e-01 7.077334232827204863e-01
-5.125425579322497427e+00 1.739919917635408098e+00 -2.240855487942479130e-01 -9.213722210536889889e-02 -3.162227708996168118e-01 -3.162227708996168118e-01 -9.704004085482104136e-01 -9.704004085482104136e-01
-4.216332482430724227e+00 -4.716237308478187451e+00 1.111833920147887733e+00 -8.269764547123580334e-01 2.848574654355296998e-01 2.848574654355296998e-01 -8.812914864199786757e-01 -8.812914864199786757e-01
-2.786176713672539051e-02 1.929512762368002399e+00 -1.881596379055376911e-01 5.220294848665958387e-01 3.338698469610581476e-01 3.338698469610581476e-01 -3.248514624769996972e-01 -3.248514624769996972e-01
-6.229571714233295587e+00 -5.721838779199989844e+00 1.030210234504896016e+00 1.108016418527863367e+00 2.138226653032759383e+00 2.138226653032759383e+00 8.167964548230133293e-01 8.167964548230133293e-01
3.050326541343720166e+00 -3.942156023988190761e+00 -7.287680460089853707e-01 -3.120724244014557724e-01 -1.040840470410441032e+00 -1.040840470410441032e+00 6.279893347682715676e-01 6.279893347682715676e-01
5.999112784991918801e+00 -2.635770751345172691e+00 -2.967246996264349956e-01 -4.282381595136086627e-01 -7.249628591400436584e-01 -7.249628591400436584e-01 -9.755141896908489096e-01 -9.755141896908489096e-01
-1.990785113512615112e+00 -4.745355520016171447e+00 1.174437058109874643e+00 3.689104594206291665e-01 1.543347517530503810e+00 1.543347517530503810e+00 8.991577068910748816e-01 8.991577068910748816e-01
4.290405467758724001e+00 -2.594227377465021966e+00 -1.123016897718167817e+00 -3.496247688560476519e-01 -1.472641666574215469e+00 -1.472641666574215469e+00 -1.250535091437171009e-01 -1.250535091437171009e-01
-2.878750243202121695e-01 -4.322135774435599487e+00 -9.109940840750669899e-01 6.559025603839245822e-01 -2.550915236911424078e-01 -2.550915236911424078e-01 -1.021994327266337738e-01 -1.021994327266337738e-01
1.511087300523220378e+00 4.383456269237894887e+00 2.479703924873895016e-01 -5.039410959290651082e-01 -2.559707034416756066e-01 -2.559707034416756066e-01 9.254246022250186554e-01 9.254246022250186554e-01
-4.927888449229151036e+00 4.880991027578911456e+00 -6.741662869555719029e-01 -2.637668418351781785e-01 -9.379331287907500814e-01 -9.379331287907500814e-01 9.989005174573497570e-01 9.989005174573497570e-01
-4.766737690479049050e+00 6.054250876733686226e+00 -1.045321318374511810e+00 2.719768275491103449e-01 -7.733444908254014649e-01 -7.733444908254014649e-01 2.795094335475432623e-01 2.795094335475432623e-01
2.178501493403430800e+00 -1.773887117131850211e+00 -6.481876819351350960e-01 9.275114460923263859e-01 2.793237641571912899e-01 2.793237641571912899e-01 9.192542718075868979e-01 9.192542718075868979e-01
-2.449042541051787314e+00 4.114847206137694613e+00 1.193890330017008727e+00 -6.177482831734226743e-01 5.761420468435860531e-01 5.761420468435860531e-01 -9.486546932402190047e-02 -9.486546932402190047e-02
4.631394117965745849e+00 1.051926807213696691e+00 7.073272894935334065e-02 -3.016265259112577146e-01 -2.308937969619043740e-01 -2.308937969619043740e-01 8.254121830024330198e-01 8.254121830024330198e-01
5.275621426725274787e+00 2.848802811475735552e+00 4.480808045515807247e-01 1.660980444580455462e-01 6.141788490096262709e-01 6.141788490096262709e-01 -2.671579796208953250e-01 -2.671579796208953250e-01
3.519236614716891864e-01 1.069153235202971786e+00 -1.191704628490979356e-01 5.346635811086180023e-01 4.154931182595200667e-01 4.154931182595200667e-01 1.491607072129436384e-01 1.491607072129436384e-01
-5.082257291372577868e+00 5.145352384678130164e+00 -1.169178980324206973e+00 -1.413605697588753429e-01 -1.310539550083082316e+00 -1.310539550083082316e+00 9.980101648580831375e-01 9.980101648580831375e-01
-2.622825165795324320e+00 2.372669655025827495e-01 -5.698250659842629684e-01 1.183837951678512468e-01 -4.514412708164117216e-01 -4.514412708164117216e-01 -7.275622545270613584e-01 -7.275622545270613584e-01
1.499510737917624681e+00 -3.638672316517453265e+00 1.159272041521523855e+00 4.070801799814871558e-01 1.566352221503011011e+00 1.566352221503011011e+00 -5.382550321907680901e-01 -5.382550321907680901e-01
-1.608742842710732646e+00 -5.896112399121649084e+00 9.749447166776976648e-01 -2.222954239076838645e-01 7.526492927700138003e-01 7.526492927700138003e-01 3.420770333281981657e-01 3.420770333281981657e-01
3.629574271861560675e+00 -1.008082686729510513e+00 1.074104394599617818e+00 -1.093213146039502481e+00 -1.910875143988466363e-02 -1.910875143988466363e-02 -8.677689563362063208e-01 -8.677689563362063208e-01
-7.612514722256902289e-01 -1.081912041174213357e+00 -1.122558137660231603e+00 1.610559262337833974e-01 -9.615022114264482056e-01 -9.615022114264482056e-01 -2.690121127902032061e-01 -2.690121127902032061e-01
-3.869533645946526601e+00 2.883972249443539582e+00 5.903818484075609163e-01 9.420692208969894121e-01 1.532451069304550328e+00 1.532451069304550328e+00 5.523952313135710446e-01 5.523952313135710446e-01
5.338299587612301167e+00 5.644009834146235249e+00 -4.733072135171656480e-01 8.982568158688410964e-01 4.249496023516754484e-01 4.249496023516754484e-01 -1.326447680223785848e-02 -1.326447680223785848e-02
-5.187028730623382877e+00 2.211191767552042720e+00 1.734105848214384515e-01 -1.418698695019819933e-01 3.154071531945645823e-02 3.154071531945645823e-02 -9.862939497729542593e-01 -9.862939497729542593e-01
-5.701410062332593398e+00 1.776495186486771516e+00 5.537927373031514833e-02 7.660770047615257372e-01 8.214562784918408855e-01 8.214562784918408855e-01 -7.085731685416842840e-01 -7.085731685416842840e-01
-2.223136145762094174e+00 5.683477213476495038e+00 -5.953128551302678817e-01 -4.159175802061487737e-02 -6.369046131508827591e-01 -6.369046131508827591e-01 -9.496283815708121967e-01 -9.496283815708121967e-01
-6.057273990641066419e+00 -1.443557365807865978e-01 1.040164170713185010e+00 1.051318270509283836e+00 2.091482441222468847e+00 2.091482441222468847e+00 9.966761866118915014e-01 9.966761866118915014e-01
4.776788993978442477e+00 -4.323655523838721315e+00 1.172277199666954095e+00 -7.423928288834746869e-01 4.298843707834794081e-01 4.298843707834794081e-01 8.990797324929648004e-01 8.990797324929648004e-01
-2.281250078398535663e-01 -2.797069823222779750e+00 -8.955892021128593061e-01 -1.138641078583459310e+00 -2.034230280696318616e+00 -2.034230280696318616e+00 -9.932334183597357757e-01 -9.932334183597357757e-01
-1.075444333478577263e+00 -2.035574667755038369e+00 1.176038563236932122e+00 4.356218561874949380e-01 1.611660419424427060e+00 1.611660419424427060e+00 -9.995326622960938323e-01 -9.995326622960938323e-01
-3.707836217463311268e+00 -5.307715574443066409e+00 8.907891887920451612e-01 8.791155655806719427e-01 1.769904754372717104e+00 1.769904754372717104e+00 -9.174290045026436413e-01 -9.174290045026436413e-01
5.076970451061814771e+00 2.369281789629374302e+00 8.833426312615124676e-01 -1.030783112295401427e-01 7.802643200319723249e-01 7.802643200319723249e-01 3.965258815278594473e-01 3.965258815278594473e-01
-5.317283881354581965e-01 -6.911404257572186793e-01 2.147243375051965941e-01 5.247304371812666623e-01 7.394547746864632565e-01 7.394547746864632565e-01 3.409502346142025409e-01 3.409502346142025409e-01
-9.880138161065046276e-01 4.333068338516563145e+00 1.671097075133824994e-01 -1.095694607042195345e+00 -9.285848995288128460e-01 -9.285848995288128460e-01 -9.793729392375860598e-01 -9.793729392375860598e-01
-4.056256286200309091e+00 2.737711404094971712e+00 -6.844168648104087538e-01 -1.024485772515324467e+00 -1.708902637325733220e+00 -1.708902637325733220e+00 2.495847830926021804e-01 2.495847830926021804e-01
-1.318705007663416140e+00 4.460737443067854358e+00 8.796167069590810073e-02 -3.487519369977226669e-01 -2.607902663018145661e-01 -2.607902663018145661e-01 -9.999999032959793199e-01 -9.999999032959793199e-01
-4.307190652783663865e+00 -5.215650217351743834e+00 -2.286693292042610848e-01 -5.536312845197065569e-01 -7.823006137239676416e-01 -7.823006137239676416e-01 -9.951956847469357603e-01 -9.951956847469357603e-01
5.377606742820889352e+00 3.339948313805667368e-01 9.951333306316805238e-01 9.133451171119795209e-01 1.908478447743660045e+00 1.908478447743660045e+00 8.410452866158359964e-01 8.410452866158359964e-01
4.169032818117488048e+00 -5.819168271378255319e+00 -4.682494019905363292e-01 1.033361242675950864e+00 5.651118406854145348e-01 5.651118406854145348e-01 -7.925591669913133186e-02 -7.925591669913133186e-02
-5.025237013061635061e+00 -5.111901582454139614e+00 7.416168749388112325e-01 -7.861401152659295288e-01 -4.452324032711829638e-02 -4.452324032711829638e-02 -7.568210229495399011e-01 -7.568210229495399011e-01
-2.238836523916390320e+00 -3.260718510355858246e+00 -8.368047442216715037e-01 8.429388017569998670e-01 6.134057535328363286e-03 6.134057535328363286e-03 7.083557628808367923e-01 7.083557628808367923e-01
2.282200920427143842e+00 1.467701089866882747e+00 1.031220315857565462e+00 9.325749681914088374e-01 1.963795284048974299e+00 1.963795284048974299e+00 -8.206153605255421812e-01 -8.206153605255421812e-01
-5.636429356016788184e+00 -4.798316949938360665e+00 1.077684861398377381e+00 -5.936373492017267273e-01 4.840475121966506533e-01 4.840475121966506533e-01 -5.318875274126084740e-01 -5.318875274126084740e-01
5.062162703998499325e+00 2.630644256534951708e+00 6.269964526311975206e-01 5.751169091349412898e-01 1.202113361766138810e+00 1.202113361766138810e+00 1.604777660993791655e-01 1.604777660993791655e-01
-3.815394198904078937e+00 -3.952941128237240864e+00 -2.900335912214617728e-01 -6.097861532991079025e-01 -8.998197445205696754e-01 -8.998197445205696754e-01 8.554163848129557601e-02 8.554163848129557601e-02
5.852865745623342164e+00 3.681254810284091405e+00 -5.170568130690496034e-01 4.618858027150536394e-01 -5.517101035399596398e-02 -5.517101035399596398e-02 -9.940280519556667915e-01 -9.940280519556667915e-01
-5.255372517627019846e+00 -2.382068625989961497e+00 7.547748040577391127e-01 6.780370625769318593e-01 1.432811866634670972e+00 1.432811866634670972e+00 2.148521972718351603e-01 2.148521972718351603e-01
2.255686192161077130e+00 6.010159248293517109e+00 1.100683095114823873e+00 2.106862465197734124e-01 1.311369341634597285e+00 1.311369341634597285e+00 -4.003179703881142859e-01 -4.003179703881142859e-01
-1.407794697016307772e+00 3.295384916544367826e+00 4.377619503805849632e-01 -1.082753598820384466e+00 -6.449916484397995031e-01 -6.449916484397995031e-01 -3.115215985251658104e-01 -3.115215985251658104e-01
4.556629913143087407e+00 5.926622519623846230e+00 -1.055932116473455862e+00 3.350620316985277736e-01 -7.208700847749280882e-01 -7.208700847749280882e-01 -4.902023152005832163e-01 -4.902023152005832163e-01
-2.614669829431888193e+00 4.779409862652276075e+00 9.122718621911027892e-01 1.160221577919614999e+00 2.072493440110717788e+00 2.072493440110717788e+00 -5.596336740278459176e-01 -5.596336740278459176e-01
-1.731944794609210803e+00 -2.987625622817831950e+00 -6.588407215379098458e-01 -8.859135566508360426e-01 -1.544754278188746000e+00 -1.544754278188746000e+00 7.181375314424942070e-03 7.181375314424942070e-03
-3.311897534129918608e+00 -5.841283974406437984e+00 1.148374370664067667e+00 4.447864495890694325e-01 1.593160820253137100e+00 1.593160820253137100e+00 -9.633438443872746060e-01 -9.633438443872746060e-01
4.353054796375008806e-01 -1.353120387501093091e+00 1.158725096835815593e+00 -1.044656221668395002e+00 1.140688751674205914e-01 1.140688751674205914e-01 6.075571718214408667e-01 6.075571718214408667e-01
-5.601262241018645227e-01 -6.715368026215013941e-01 3.119521638824793719e-01 2.445053972264876752e-01 5.564575611089670470e-01 5.564575611089670470e-01 3.326698815893958106e-01 3.326698815893958106e-01
-2.790016936491930277e+00 -4.785493833028171551e-01 4.968057372123060311e-01 -1.097801092121064803e+00 -6.009953549087587721e-01 -6.009953549087587721e-01 -9.919496685991114893e-01 -9.919496685991114893e-01
-4.462358983217221464e+00 2.068050014633461942e+00 1.442243239609972694e-01 -1.077076059983330891e+00 -9.328517360223336219e-01 -9.328517360223336219e-01 -7.335377128483484555e-01 -7.335377128483484555e-01
4.024897991726373192e+00 1.559629218880477453e+00 -9.175181804868146607e-01 -4.618703496558780319e-01 -1.379388530142692693e+00 -1.379388530142692693e+00 7.657059763200532165e-01 7.657059763200532165e-01
4.344833588907688338e+00 2.238385392411121444e+00 -3.260111604221619386e-01 2.711485915124818291e-01 -5.486256890968010946e-02 -5.486256890968010946e-02 9.553265371953747476e-01 9.553265371953747476e-01
-5.124352196749851984e+00 -4.484533932430690761e+00 -7.124829130345073924e-01 1.457979211585542778e-01 -5.666849918759531146e-01 -5.666849918759531146e-01 -9.830999090419191289e-01 -9.830999090419191289e-01
9.147547472257171464e-01 3.706949004737200681e+00 1.262792311792160227e-01 -1.650385482047391772e-01 -3.875931702552315450e-02 -3.875931702552315450e-02 -9.056098316331012699e-02 -9.056098316331012699e-02
4.693628664164466002e+00 -2.684865520114724902e+00 2.723284604860016778e-01 1.096803803523201948e+00 1.369132264009203626e+00 1.369132264009203626e+00 -4.240990604822632015e-01 -4.240990604822632015e-01
-8.554516723163816394e-01 3.228813979200385376e+00 7.307599310657868497e-01 5.816612412045860658e-01 1.312421172270372915e+00 1.312421172270372915e+00 -7.191414628558439048e-01 -7.191414628558439048e-01
-2.961572776582999111e+00 -2.465123590532347198e+00 3.708578248203244776e-01 1.446344157599990243e-01 5.154922405803235019e-01 5.154922405803235019e-01 6.550942718863603798e-01 6.550942718863603798e-01
4.061645326269394118e-01 -9.758354246874265669e-01 -2.839787531555075795e-01 1.006522534234990607e+00 7.225437810794830273e-01 7.225437810794830273e-01 8.420785267567127974e-01 8.420785267567127974e-01
4.530602769136185870e+00 -3.154890729912546821e+00 -5.662001770692226543e-02 -6.335312350631131517e-01 -6.901512527700354172e-01 -6.901512527700354172e-01 1.938492243993812925e-01 1.938492243993812925e-01
9.672950633647978691e-01 6.264921438524867270e+00 -2.673722854328458576e-01 -3.386475592713565907e-01 -6.060198447042024483e-01 -6.060198447042024483e-01 5.824708576054448139e-01 5.824708576054448139e-01
4.364912540764152027e-01 3.947401442761542256e+00 6.826349606283668159e-01 6.877586557589083771e-01 1.370393616387275193e+00 1.370393616387275193e+00 -3.226200831365189092e-01 -3.226200831365189092e-01
-5.902281517028816538e+00 -4.434509525094558313e+00 6.733432447125056175e-01 1.093435130052630155e+00 1.766778374765135773e+00 1.766778374765135773e+00 -6.121551717041522345e-01 -6.121551717041522345e-01
-1.101030622934395353e+00 5.508027169991333238e+00 -9.832752893847280795e-01 1.348945175795865925e-01 -8.483807718051414870e-01 -8.483807718051414870e-01 -3.006674734102536273e-01 -3.006674734102536273e-01
1.370079265431455084e+00 -1.646779201095044165e+00 -7.507725515992329512e-01 6.044909043058306342e-01 -1.462816472934023171e-01 -1.462816472934023171e-01 9.619621949292788132e-01 9.619621949292788132e-01
2.427042661206940011e+00 -2.568742375546880119e+00 2.575845497725910427e-01 -3.030226654324236213e-01 -4.543811565983257861e-02 -4.543811565983257861e-02 9.899773825129015714e-01 9.899773825129015714e-01
-2.579957586088634347e+00 -4.522022229140968186e+00 3.230592645564689391e-01 -8.564176967394865336e-01 -5.333584321830175945e-01 -5.333584321830175945e-01 6.831021017805716244e-01 6.831021017805716244e-01
4.395160835207816419e-01 4.346330778245150128e+00 -1.091761772032289857e+00 -8.317531582518575828e-01 -1.923514930284147439e+00 -1.923514930284147439e+00 7.339183534315366075e-02 7.339183534315366075e-02
-6.809693778188492530e-01 -1.838401682357798883e+00 -9.178008952262213249e-01 -3.832737733300607408e-01 -1.301074668556282177e+00 -1.301074668556282177e+00 -8.125856254003884782e-01 -8.125856254003884782e-01
4.970883347475837155e+00 -5.908119705318997106e-01 1.066868473135180073e+00 7.963702249984176973e-01 1.863238698133597770e+00 1.863238698133597770e+00 -3.262347071590706027e-01 -3.262347071590706027e-01
5.610761081553663487e-01 5.200253188420619566e+00 -8.502623628348392470e-01 9.005874532172237767e-01 5.032509038238452970e-02 5.032509038238452970e-02 8.668954706819290701e-01 8.668954706819290701e-01
2.519705327034651887e+00 -5.456367047526704539e+00 4.766530108779303276e-01 -9.017851202844976433e-01 -4.251321094065673156e-01 -4.251321094065673156e-01 -9.790750419374537605e-01 -9.790750419374537605e-01
-7.997604673420530830e-01 -2.016058992541953643e+00 7.520133080456603558e-02 6.607089790105364902e-01 7.359103098151025257e-01 7.359103098151025257e-01 -9.474035556296929173e-01 -9.474035556296929173e-01
-4.146480773422716481e+00 3.281385366195028297e+00 5.634686250160994003e-01 1.086766874027507157e-01 6.721453124188501160e-01 6.721453124188501160e-01 6.485674987454453921e-01 6.485674987454453921e-01
3.654981458996802601e+00 -1.522111772944310104e+00 -2.791853465978449966e-01 4.196889184885590485e-01 1.405035718907140518e-01 1.405035718907140518e-01 -5.329417191541041543e-01 -5.329417191541041543e-01
1.761511319420616672e+00 -5.037881137175568291e+00 1.126398174914537309e+00 -7.467575395030834340e-01 3.796406354114538750e-01 3.796406354114538750e-01 -9.909312981466109616e-01 -9.909312981466109616e-01
-2.821043697482722656e+00 -5.301258043748134696e+00 -1.435207122922672607e-01 8.920342006105459465e-01 7.485134883182786858e-01 7.485134883182786858e-01 -2.651120293517487680e-01 -2.651120293517487680e-01
-4.112447834117089585e+00 -3.869996470700589164e+00 9.911202280413504706e-01 -1.744455881497770644e-01 8.166746398915734062e-01 8.166746398915734062e-01 -1.281096330227497748e-01 -1.281096330227497748e-01
7.033350759792611484e-02 -2.782124412172179095e+00 -1.091723371755901617e-01 -5.864273537390968238e-01 -6.955996909146869855e-01 -6.955996909146869855e-01 -9.090483768585716495e-01 -9.090483768585716495e-01
9.155946968940327224e-01 -1.245519117176926649e+00 -4.026912618187150628e-01 6.493004064973553202e-01 2.466091446786402575e-01 2.466091446786402575e-01 9.460668319067441212e-01 9.460668319067441212e-01
-4.596550043560584164e+00 9.438138931220141359e-02 -5.274106352625498317e-01 -7.538495999457679453e-01 -1.281260235208317777e+00 -1.281260235208317777e+00 -2.086753805572885978e-01 -2.086753805572885978e-01
-2.575188024804315745e-01 3.566566483393838638e+00 4.529083389692620809e-01 -2.330723215705277074e-01 2.198360173987343735e-01 2.198360173987343735e-01 -9.860121391421481363e-01 -9.860121391421481363e-01
2.609867061379976150e+00 4.711808346798090241e+00 8.025480235782023186e-02 3.612147722089160684e-01 4.414695745667363003e-01 4.414695745667363003e-01 5.075218229805351644e-01 5.075218229805351644e-01
1.316055836037115512e-01 5.931607396592522008e+00 -6.074716175320665768e-01 7.581036457737553302e-01 1.506320282416887535e-01 1.506320282416887535e-01 9.759034880289280123e-01 9.759034880289280123e-01
2.889935273864370657e+00 -4.116066674146368953e+00 5.086333889650829221e-02 2.310328440783073756e-01 2.818961829748156678e-01 2.818961829748156678e-01 3.378813288347736199e-01 3.378813288347736199e-01
2.486944390009606209e+00 5.034007718057161185e+00 -4.115471165705947287e-01 -8.537206795382612512e-03 -4.200843233659773412e-01 -4.200843233659773412e-01 3.269075967635254876e-01 3.269075967635254876e-01
1.298109392601603851e+00 4.812074014473189720e+00 1.035379881506577116e+00 4.036450499540478187e-01 1.439024931460624934e+00 1.439024931460624934e+00 9.850724584128965899e-01 9.850724584128965899e-01
3.154502178087390973e+00 -2.576878522022563622e+00 6.914117669101673691e-01 1.155167689708799683e+00 1.846579456618967052e+00 1.846579456618967052e+00 8.377625802924634213e-01 8.377625802924634213e-01
-1.684640295086346384e+00 5.552493862616707077e+00 6.079015367335660613e-01 -7.885827044916576822e-01 -1.806811677580916209e-01 -1.806811677580916209e-01 -7.476626704425739511e-01 -7.476626704425739511e-01
-5.358002993780151435e+00 2.313670143392579703e+00 6.636166552017663811e-02 3.217747311893761619e-01 3.881363967095528000e-01 3.881363967095528000e-01 -9.952739925634336293e-01 -9.952739925634336293e-01
7.106966650798796081e-03 -2.068000886033110497e+00 -1.035378854597788889e+00 6.094080533957220158e-01 -4.259708012020668733e-01 -4.259708012020668733e-01 -4.707119950764602767e-01 -4.707119950764602767e-01
-1.079112952642758749e+00 -1.814793184420581795e+00 2.950858977306769493e-01 3.119543205581656320e-01 6.070402182888425813e-01 6.070402182888425813e-01 -9.694821932629247296e-01 -9.694821932629247296e-01
4.203918233586001918e+00 1.006338608395275891e+00 -1.053391007599171036e+00 -7.060099830645616414e-01 -1.759400990663732678e+00 -1.759400990663732678e+00 4.775533228022933452e-01 4.775533228022933452e-01
4.376915857126560283e+00 5.186197480177401786e+00 -1.004147179997083583e-02 9.102836387646795480e-02 8.098689207649711896e-02 8.098689207649711896e-02 -9.904469109187075126e-01 -9.904469109187075126e-01
1.553678636133007274e+00 2.341985936965910398e+00 -1.044648588648206200e+00 -5.030650928642227404e-01 -1.547713681512429051e+00 -1.547713681512429051e+00 -7.289072324931059610e-01 -7.289072324931059610e-01
-2.062702839073722316e-01 1.674074051488559256e+00 -5.724117671892875459e-01 7.524500073733619843e-03 -5.648872671155539260e-01 -5.648872671155539260e-01 1.028105740607396651e-01 1.028105740607396651e-01
4.233762799551675116e+00 -4.655305532699518523e-01 2.808518958929535625e-01 -4.414920757708770127e-01 -1.606401798779234502e-01 -1.606401798779234502e-01 -8.100027086809398202e-01 -8.100027086809398202e-01
-2.885339263187229886e+00 -2.586022054667163506e+00 -8.578476772644296755e-01 4.757019867799767709e-01 -3.821456904844529046e-01 -3.821456904844529046e-01 6.881761946512270356e-01 6.881761946512270356e-01
4.134349484637265704e+00 4.082762654558683479e+00 7.895142035043776207e-01 8.902637272973246141e-03 7.984168407773508669e-01 7.984168407773508669e-01 -3.552023322295303487e-01 -3.552023322295303487e-01
4.828520228440256190e+00 1.179236835650172566e-01 1.136241593593650512e+00 9.390050613569551619e-01 2.075246654950605674e+00 2.075246654950605674e+00 2.319237891143672015e-01 2.319237891143672015e-01
-3.814358931088430715e+00 -3.791922312297142383e+00 7.002845718625443361e-01 4.979123342166793531e-01 1.198196906079223689e+00 1.198196906079223689e+00 2.451751869338803236e-01 2.451751869338803236e-01
-1.915514606396204300e+00 4.021267975266754391e+00 1.449402009579232598e-01 -9.423787205890894469e-01 -7.974385196311661872e-01 -7.974385196311661872e-01 -5.098040836035869772e-01 -5.098040836035869772e-01
-1.971740651717511561e+00 7.701820370498646540e-01 -7.312572020499952252e-02 -8.994085567010813298e-01 -9.725342769060808523e-01 -9.725342769060808523e-01 3.609046251405534922e-01 3.609046251405534922e-01
-1.992063408110733569e+00 1.944106192588787252e+00 -8.115250071131012710e-01 9.800528472045597628e-01 1.685278400914584918e-01 1.685278400914584918e-01 9.988502731192454576e-01 9.988502731192454576e-01
5.526432630286688408e-01 -1.989293278485393834e+00 1.072313499218579436e+00 4.950331121073414664e-02 1.121816810429313582e+00 1.121816810429313582e+00 1.337443408350054430e-01 1.337443408350054430e-01
5.932563004482723557e+00 3.021947177510291738e+00 4.472085382200909898e-01 -8.686417603078775418e-01 -4.214332220877865520e-01 -4.214332220877865520e-01 -8.914469828962844344e-01 -8.914469828962844344e-01
-4.832001772008123197e-01 -4.194993392869546867e+00 -6.644746185346829259e-01 -1.002186247487224513e-02 -6.744964810095551710e-01 -6.744964810095551710e-01 -3.418874643973449784e-02 -3.418874643973449784e-02
-5.241797371779954418e+00 -5.023192903579803748e+00 4.469901827454958454e-01 -6.778185576027571102e-01 -2.308283748572612648e-01 -2.308283748572612648e-01 -6.673047121997289777e-01 -6.673047121997289777e-01
2.842110837612677798e+00 5.311336168134934255e+00 -7.968100833713804843e-01 1.094784264323958256e+00 2.979741809525777718e-01 2.979741809525777718e-01 -2.950094145985477367e-01 -2.950094145985477367e-01
9.226390152565722147e-01 7.082565886412153233e-01 9.990690282620440232e-01 6.048272879956431147e-01 1.603896316257687138e+00 1.603896316257687138e+00 -6.006310464148981176e-02 -6.006310464148981176e-02
-6.003811181245569450e+00 -2.535867214895528576e-01 9.728222550981457939e-01 -6.698030949086389851e-01 3.030191601895068088e-01 3.030191601895068088e-01 9.996675233111005365e-01 9.996675233111005365e-01
-1.588387685553555251e+00 -4.485031664387280514e+00 5.264817957408332028e-01 -9.011624374602201781e-01 -3.746806417193869754e-01 -3.746806417193869754e-01 9.780796764679551281e-01 9.780796764679551281e-01
2.014714758900590041e+00 4.912329130656903686e+00 5.304806160761441625e-01 -5.092531751200010115e-01 2.122744095614315096e-02 2.122744095614315096e-02 7.997854647388493721e-01 7.997854647388493721e-01
3.457068465452639572e-02 -6.045375021670211346e+00 1.194359097376387124e+00 -3.282589009645311418e-01 8.661001964118559826e-01 8.661001964118559826e-01 9.631330855569728566e-01 9.631330855569728566e-01
4.575662713792089775e+00 -7.725290753892233298e-01 4.823695978402782192e-01 9.352386279899940202e-01 1.417608225830272239e+00 1.417608225830272239e+00 -7.890464901426645916e-01 -7.890464901426645916e-01
2.848667431702805786e+00 -1.154320812969178434e+00 -4.295089927505777450e-01 7.624264138714169636e-01 3.329174211208392187e-01 3.329174211208392187e-01 -1.232362059209884120e-01 -1.232362059209884120e-01
4.874829175839208162e-01 9.807746703868440719e-01 -4.943028923356211912e-01 6.611924384679792599e-01 1.668895461323580687e-01 1.668895461323580687e-01 1.023591479151692990e-01 1.023591479151692990e-01
4.740186281572373872e+00 1.875726756613110169e+00 1.001397921763601095e+00 1.581221871398048595e-01 1.159520108903405955e+00 1.159520108903405955e+00 9.451549228890807619e-01 9.451549228890807619e-01
3.099760349257032033e+00 3.246048655642574943e-01 6.141456047418889508e-01 1.125990917681789272e+00 1.740136522423678223e+00 1.740136522423678223e+00 -9.602855324748784671e-01 -9.602855324748784671e-01
3.388176878769764144e-01 -5.619799968457589223e+00 9.321508093069501566e-01 -6.465039593420411901e-01 2.856468499649089665e-01 2.856468499649089665e-01 5.384472132747081252e-01 5.384472132747081252e-01
-5.907749768726764827e+00 3.148798447740325912e+00 9.458688345339163472e-01 1.060206261483364054e+00 2.006075096017280401e+00 2.006075096017280401e+00 -9.276816729100217929e-01 -9.276816729100217929e-01
-3.514357305135169973e+00 -6.014879505518505809e+00 -2.582946130349565994e-01 -9.077547459293011656e-03 -2.673721604942496111e-01 -2.673721604942496111e-01 -9.945491335419558432e-01 -9.945491335419558432e-01
1.679691012931931127e+00 -1.926905425119858073e+00 -7.638451340828258385e-01 -2.295189691460108872e-01 -9.933641032288367256e-01 -9.933641032288367256e-01 9.695978271376648472e-01 9.695978271376648472e-01
1.492087907216578024e+00 8.648311255307712386e-01 -2.405509034615982422e-02 -5.912229926052781082e-03 -2.996732027221260530e-02 -2.996732027221260530e-02 -7.076189244935672251e-01 -7.076189244935672251e-01
8.427831286716704895e-01 -4.258415962540825106e+00 9.097049964682615286e-01 -4.568666763289945809e-01 4.528383201392669477e-01 4.528383201392669477e-01 -9.626853903744412300e-01 -9.626853903744412300e-01
3.100704487193143066e+00 -3.197749773049728628e+00 -5.672041131900774635e-01 6.472123922218500081e-01 8.000827903177254452e-02 8.000827903177254452e-02 9.952948006999488006e-01 9.952948006999488006e-01
-5.226596307262273200e+00 -3.156597942722055183e+00 -1.349959431095213436e-01 1.180094294023872115e+00 1.045098350914350771e+00 1.045098350914350771e+00 -5.048538240924870246e-01 -5.048538240924870246e-01
6.115697566357010118e-01 -1.494555778400933121e+00 -7.818636186652824227e-01 -6.901819022879032151e-01 -1.472045520953185527e+00 -1.472045520953185527e+00 6.348468640294049337e-01 6.348468640294049337e-01
6.269845366619982485e+00 -5.447939973207551745e-01 9.669411890488095462e-01 -2.617776362423621661e-01 7.051635528064473801e-01 7.051635528064473801e-01 8.482448617302675853e-01 8.482448617302675853e-01
1.927818257394084966e+00 5.775988652208619456e+00 -8.546247111388187712e-01 -1.424588641862967187e-02 -8.688705975574484430e-01 -8.688705975574484430e-01 1.496108925970765502e-01 1.496108925970765502e-01
4.059505885936033565e+00 5.034312249444884202e+00 9.608781891743267689e-01 7.778937411555741921e-01 1.738771930329900961e+00 1.738771930329900961e+00 -9.457308830728249349e-01 -9.457308830728249349e-01
-2.720304051174704973e+00 -3.482502796934383582e-01 1.132938859014192223e+00 -1.181254626890242854e+00 -4.831576787605063039e-02 -4.831576787605063039e-02 -9.973338872428720858e-01 -9.973338872428720858e-01
5.353393795263295729e+00 -1.977445091195178861e+00 5.739743618351640375e-01 7.033644626511355025e-01 1.277338824486299540e+00 1.277338824486299540e+00 -9.726640788146931893e-01 -9.726640788146931893e-01
6.230234461135406576e+00 5.271084500189404665e+00 -2.805475244107223931e-01 5.411682664163832701e-01 2.606207420056608770e-01 2.606207420056608770e-01 4.844590255856781047e-01 4.844590255856781047e-01
-5.441622706209555460e+00 -1.179951005966178634e+00 -1.014960011520537497e+00 -2.551945514006982441e-01 -1.270154562921235630e+00 -1.270154562921235630e+00 9.432908871481725521e-01 9.432908871481725521e-01
-5.421761628717317372e+00 -2.282698918689527012e+00 -5.951800675158521736e-01 -1.102992587034819394e+00 -1.698172654550671457e+00 -1.698172654550671457e+00 1.489645796035259095e-01 1.489645796035259095e-01
-3.782778817358023016e+00 -6.978411660332790589e-01 -1.155252174687914968e+00 4.034133274926794410e-01 -7.518388471952355268e-01 -7.518388471952355268e-01 -2.296995788514973325e-01 -2.296995788514973325e-01
-4.980240681293208738e-01 1.965836462603457235e+00 -3.341447344588645008e-01 1.567272953459013518e-01 -1.774174391129631490e-01 -1.774174391129631490e-01 1.028019928782760578e-01 1.028019928782760578e-01
2.847927475726814706e+00 -5.334100678083474989e+00 8.857761360232419001e-02 -5.393836940648008005e-01 -4.508060804624766105e-01 -4.508060804624766105e-01 -7.927923457492007664e-01 -7.927923457492007664e-01
-4.530589736183935123e+00 -1.601025256194803958e+00 7.014827500649982728e-01 -4.644152162918454563e-01 2.370675337731528165e-01 2.370675337731528165e-01 9.885351940218498612e-01 9.885351940218498612e-01
3.839608444856354552e+00 8.446159000673025830e-01 -1.025179362796892590e+00 -1.160791064248409832e+00 -2.185970427045302422e+00 -2.185970427045302422e+00 -2.816091202473714958e-02 -2.816091202473714958e-02
-2.627568544526135419e+00 3.539334594692169489e-01 1.184080221883206496e+00 -1.555771547104656261e-01 1.028503067172740870e+00 1.028503067172740870e+00 -6.463862906718802481e-01 -6.463862906718802481e-01
1.763697632606753274e-01 7.876105640654325057e-01 5.012390008901512761e-01 -1.434461068347101520e-01 3.577928940554411241e-01 3.577928940554411241e-01 5.702548009633910953e-01 5.702548009633910953e-01
2.156015318169703932e+00 4.541747778400193170e+00 1.264658365114736949e-01 -7.907804188548046564e-01 -6.643145823433309616e-01 -6.643145823433309616e-01 9.152864699907633517e-01 9.152864699907633517e-01
1.667001622557762630e+00 4.509982917990319251e+00 -5.955036678473520917e-01 -1.021348403705468977e+00 -1.616852071552821180e+00 -1.616852071552821180e+00 9.943659968779251512e-01 9.943659968779251512e-01
3.608546085108891077e+00 -5.533842402693431417e+00 2.821186007643581295e-01 1.578222660612165207e-01 4.399408668255746502e-01 4.399408668255746502e-01 -3.471214899244562946e-01 -3.471214899244562946e-01
4.611276089626962005e+00 9.339388072885856928e-02 -1.186196117287112717e+00 -9.661087463880796422e-01 -2.152304863675192248e+00 -2.152304863675192248e+00 -7.718933375319545279e-03 -7.718933375319545279e-03
-5.666725251938867558e+00 7.651605573528952320e-01 -7.229963037071662768e-01 -3.928325319019023709e-01 -1.115828835609068648e+00 -1.115828835609068648e+00 1.880493787630677094e-01 1.880493787630677094e-01
-1.322587002997065220e+00 6.175590772887749935e+00 -8.466646854168889957e-01 2.439030756159568103e-01 -6.027616098009321854e-01 -6.027616098009321854e-01 1.401518626377417642e-01 1.401518626377417642e-01
-1.669921262724463062e-01 -4.104414104560252241e+00 -4.437515821242530301e-01 -3.367411182402851866e-01 -7.804927003645382166e-01 -7.804927003645382166e-01 -4.268284035291258216e-01 -4.268284035291258216e-01
5.636364642485240495e+00 -2.187282800687551543e+00 -1.151653300671989122e+00 2.981227661315961619e-01 -8.535305345403929600e-01 -8.535305345403929600e-01 -9.530965120650322087e-01 -9.530965120650322087e-01
-1.010552883307217265e+00 -6.226405818024081995e+00 1.934778370718530649e-01 5.269732938996560812e-01 7.204511309715091461e-01 7.204511309715091461e-01 5.786096182955716705e-01 5.786096182955716705e-01
3.571996696999473642e+00 5.229868675708969405e+00 -1.675077784192506858e-01 7.193502699204237238e-01 5.518424915011730381e-01 5.518424915011730381e-01 -8.121826908517753019e-01 -8.121826908517753019e-01
1.648860033933337021e+00 5.901373368871819736e+00 -2.670784430692145772e-01 7.170227756416072129e-01 4.499443325723926357e-01 4.499443325723926357e-01 2.990989443681792981e-01 2.990989443681792981e-01
2.109185617132114388e-01 1.938777693928161128e+00 -5.581707476537726142e-01 8.926135193828386161e-01 3.344427717290660018e-01 3.344427717290660018e-01 -5.471034369479499393e-01 -5.471034369479499393e-01
1.214712816629887726e+00 -3.204719469758330774e+00 1.135815468989647137e-01 -1.883286611319885395e-01 -7.474711423302382585e-02 -7.474711423302382585e-02 -4.070392837066716396e-01 -4.070392837066716396e-01
5.599666716977216296e+00 -6.160350753960591952e+00 3.329203521101278263e-01 -6.166186254379836251e-01 -2.836982733278557989e-01 -2.836982733278557989e-01 8.468915618191961148e-01 8.468915618191961148e-01
-1.039654862557470416e+00 3.044893530866580988e+00 1.120680221388843156e+00 1.022600586502271147e+00 2.143280807891114303e+00 2.143280807891114303e+00 -4.209046120925356571e-01 -4.209046120925356571e-01
3.580759307578391670e-01 5.504007942970467582e+00 -1.152397197055582412e+00 -4.449474025276602962e-01 -1.597344599583242708e+00 -1.597344599583242708e+00 9.126392655405620724e-01 9.126392655405620724e-01
-2.967087599800853681e+00 -5.724264549951194603e+00 3.426740637707308412e-01 -3.125924293526477493e-01 3.008163441808309191e-02 3.008163441808309191e-02 -7.428854647242337794e-01 -7.428854647242337794e-01
2.538659816739802011e+00 1.438671871505361466e+00 -1.117275713142059201e+00 -1.375507768426718069e-01 -1.254826489984731008e+00 -1.254826489984731008e+00 -6.706296556083453098e-01 -6.706296556083453098e-01
-4.297275832658947969e+00 6.170998177742671231e+00 1.100778285698025494e+00 2.698667806448056261e-01 1.370645066342831120e+00 1.370645066342831120e+00 -2.983142696522715909e-01 -2.983142696522715909e-01
-1.832623070313252889e+00 5.965566273239836903e+00 -1.144475371013874865e+00 2.372910998665611615e-01 -9.071842711473137033e-01 -9.071842711473137033e-01 -5.475602661933371973e-01 -5.475602661933371973e-01
1.025092741718403033e-01 -4.213659192642730034e+00 -1.138596502985275372e+00 -8.929192893195447844e-02 -1.227888431917229850e+00 -1.227888431917229850e+00 -5.656646816193808824e-01 -5.656646816193808824e-01
7.646965914810177622e-02 -2.476254258839853506e+00 6.506197350797287005e-01 9.145538759548010876e-01 1.565173611034529788e+00 1.565173611034529788e+00 -7.372482034585334798e-01 -7.372482034585334798e-01
2.412460563816679837e+00 4.471673614165792898e+00 -3.931947669873901985e-01 -1.916665192650393035e-01 -5.848612862524295020e-01 -5.848612862524295020e-01 8.247994706851756730e-01 8.247994706851756730e-01
4.676945637617189178e+00 -6.103814828065239340e-01 -6.574706731312360830e-01 -4.928347209487303759e-01 -1.150305394079966348e+00 -1.150305394079966348e+00 -6.018573518544477752e-01 -6.018573518544477752e-01
5.681271775142629821e+00 -6.061356008884939861e+00 3.051835173438306459e-01 -1.076474446103942828e+00 -7.712909287601121822e-01 -7.712909287601121822e-01 9.286333882627212377e-01 9.286333882627212377e-01
-1.497394794015463049e+00 5.134615503065084852e+00 1.559681087222846152e-01 8.671199220046397205e-01 1.023088030726924336e+00 1.023088030726924336e+00 -8.796701900802124108e-01 -8.796701900802124108e-01
2.092058563652141601e+00 -1.380989272146041280e+00 4.321774355362451026e-02 -1.299601606534914744e-01 -8.674241709986696414e-02 -8.674241709986696414e-02 7.576644422590891326e-01 7.576644422590891326e-01
3.756896435798205758e+00 1.780379994750942885e+00 3.398277949740884374e-01 8.151144058363344325e-01 1.154942200810422870e+00 1.154942200810422870e+00 7.344714061194241861e-01 7.344714061194241861e-01
-4.456414591783923740e-01 4.131932383347290738e+00 2.068112947075941843e-01 -7.443461207304128413e-01 -5.375348260228186570e-01 -5.375348260228186570e-01 -8.552836738427175289e-01 -8.552836738427175289e-01
5.092708946478856191e+00 3.512068283618818398e+00 -2.118423277856626985e-01 1.123858914088373018e+00 9.120165863027103192e-01 9.120165863027103192e-01 -6.822206730598613378e-01 -6.822206730598613378e-01
-1.035947586545409749e+00 -4.987520698489653626e+00 -1.034335520376291617e+00 2.123168528261933918e-01 -8.220186675500982254e-01 -8.220186675500982254e-01 9.664626875442543508e-01 9.664626875442543508e-01
5.735913725957333398e+00 4.415371235560762386e+00 3.140158608398804230e-01 8.260499519800597046e-01 1.140065812819940128e+00 1.140065812819940128e+00 -7.474992267957165648e-01 -7.474992267957165648e-01
-5.352798919654728316e+00 -6.050215053059683434e+00 5.483874951182334812e-01 -1.100237428179135835e+00 -5.518499330609023534e-01 -5.518499330609023534e-01 3.962599060044093013e-01 3.962599060044093013e-01
-4.857604905336645018e+00 1.381082039887183477e+00 -1.945456443472388663e-01 2.855691893026697237e-01 9.102354495543085733e-02 9.102354495543085733e-02 -9.444332515217676027e-01 -9.444332515217676027e-01
-1.511467349209311806e+00 5.325673688381547421e+00 1.039891639888893549e+00 -4.605367000088463891e-01 5.793549398800471595e-01 5.793549398800471595e-01 -7.821959283281287867e-01 -7.821959283281287867e-01
4.410436901590324865e+00 -2.636420584866355110e+00 8.433917832377455515e-01 1.162896913994372783e+00 2.006288697232118334e+00 2.006288697232118334e+00 -2.018240999179152506e-01 -2.018240999179152506e-01
-4.351228867945724943e+00 1.088407511827336194e-01 -9.486859241471263804e-01 9.240623908674090448e-01 -2.462353327971733563e-02 -2.462353327971733563e-02 -4.528870553566188284e-01 -4.528870553566188284e-01
2.121047260060908712e+00 2.505476718971381800e+00 9.741699771234550997e-01 -9.685795271082483504e-01 5.590450015206749335e-03 5.590450015206749335e-03 -8.575952934951538986e-02 -8.575952934951538986e-02
2.758198959407812012e+00 9.423870205367874675e-01 9.359850914573104586e-01 1.700607436766858882e-01 1.106045835133996347e+00 1.106045835133996347e+00 -8.477894127685717818e-01 -8.477894127685717818e-01
-1.370261986813201993e+00 -3.729524449024098409e+00 6.616523371686580113e-01 -1.846234248281075629e-01 4.770289123405504483e-01 4.770289123405504483e-01 3.777800132573206904e-01 3.777800132573206904e-01
-2.160589584686844589e+00 -2.673478889081579712e+00 1.809691852719774730e-01 -2.667662781823131324e-01 -8.579709291033565943e-02 -8.579709291033565943e-02 1.213794532043170199e-01 1.213794532043170199e-01
3.522539219526654719e+00 5.960180121374877515e+00 -3.334717846022036136e-01 4.812527438899265597e-01 1.477809592877229461e-01 1.477809592877229461e-01 -9.983218677989551537e-01 -9.983218677989551537e-01
-2.649562416668107545e-01 -4.109615284831448889e+00 -5.978143256527924665e-01 -9.919065033845757551e-01 -1.589720829037368333e+00 -1.589720829037368333e+00 -3.314286939592619441e-01 -3.314286939592619441e-01
-2.188971810125273088e+00 1.256790593054552652e+00 -5.230767777976851329e-01 -9.348622962408985604e-01 -1.457939074038583804e+00 -1.457939074038583804e+00 5.960840544153240828e-01 5.960840544153240828e-01
1.141815838718714282e+00 -4.411345086746228716e+00 9.974588143069735846e-01 -2.946183992744675351e-01 7.028404150325060495e-01 7.028404150325060495e-01 -9.918272704786312843e-01 -9.918272704786312843e-01
-1.105447334958453709e-01 -2.569507449651208031e+00 1.536413793909572334e-01 1.182733090550905919e+00 1.336374469941863152e+00 1.336374469941863152e+00 -8.953675456710039615e-01 -8.953675456710039615e-01
2.014980484804857142e+00 -3.543573371496233637e+00 6.454426866219440395e-01 -3.340980790956842306e-01 3.113446075262598089e-01 3.113446075262598089e-01 4.219091291447998188e-02 4.219091291447998188e-02
3.614316890395379289e+00 -3.592185980111466836e+00 5.222139558531160297e-01 -4.934576775551996475e-01 2.875627829791638224e-02 2.875627829791638224e-02 9.997551213999101849e-01 9.997551213999101849e-01
-5.788554768059130495e+00 3.350401934651861424e+00 -8.716293730328040779e-01 9.204707528720408316e-01 4.884137983923675375e-02 4.884137983923675375e-02 -7.626216737113644673e-01 -7.626216737113644673e-01
-6.030398138588308754e-01 -1.861517950996565141e+00 1.157456894159699212e+00 8.691895800946314310e-02 1.244375852169162355e+00 1.244375852169162355e+00 -7.794337391358007183e-01 -7.794337391358007183e-01
-2.433307616616286140e+00 3.121273390871113662e+00 1.115168994072391451e+00 -1.945729590192062375e-01 9.205960350531852132e-01 9.205960350531852132e-01 7.725392786917658627e-01 7.725392786917658627e-01
-5.371342590735191713e+00 2.347397376796562796e+00 2.365945315309843089e-01 9.874810817538175467e-01 1.224075613284801856e+00 1.224075613284801856e+00 -9.930875184178401538e-01 -9.930875184178401538e-01
-2.616409163670769367e+00 -6.191549791616019149e+00 4.484693195140265765e-01 -5.103756973841994116e-01 -6.190637787017283511e-02 -6.190637787017283511e-02 -8.157226055024777711e-01 -8.157226055024777711e-01
-2.632844445728279137e+00 -6.052515645160207569e+00 -1.107155064218689811e+00 3.809011262029526890e-02 -1.069064951598394542e+00 -1.069064951598394542e+00 -7.388609568852888554e-01 -7.388609568852888554e-01
1.360636997797950443e-01 2.576791970943704158e+00 3.415396127338694576e-01 -5.814363242282825084e-01 -2.398967114944130508e-01 -2.398967114944130508e-01 -9.094915395043444706e-01 -9.094915395043444706e-01
4.599490428868078240e+00 -2.560489458449887401e+00 -6.491056262084669015e-01 5.348526922596064104e-01 -1.142529339488604911e-01 -1.142529339488604911e-01 -4.512848735324935245e-01 -4.512848735324935245e-01
-5.702358167016177148e-01 2.596662833532283443e+00 -1.058361397947675364e+00 -1.148383876540302051e+00 -2.206745274487977415e+00 -2.206745274487977415e+00 -4.400287506458454012e-01 -4.400287506458454012e-01
-5.535193320093378944e-01 2.106697079508572656e+00 -2.818171830529347943e-01 5.825544695963582598e-01 3.007372865434234654e-01 3.007372865434234654e-01 1.761766779987565187e-02 1.761766779987565187e-02
3.577593529237956815e+00 5.765145887950922088e+00 -6.303305754036869768e-01 -3.817207248676155462e-01 -1.012051300271302523e+00 -1.012051300271302523e+00 -9.966367256453365631e-01 -9.966367256453365631e-01
-7.957561019424277404e-01 5.329253936274460202e+00 -9.944319092226736601e-01 7.724893470732840939e-01 -2.219425621493895662e-01 -2.219425621493895662e-01 -1.779385246235417051e-01 -1.779385246235417051e-01
-5.282742227651905154e+00 -1.077419977596608902e+00 1.110530969107440091e+00 -1.214343139942435368e-01 9.890966551131965545e-01 9.890966551131965545e-01 9.970387412459523757e-01 9.970387412459523757e-01
5.981534889533355326e+00 -8.157831241095481190e-01 -2.383247009761461088e-01 -1.450047159937857266e-01 -3.833294169699318354e-01 -3.833294169699318354e-01 4.379910790854819602e-01 4.379910790854819602e-01
-5.402043801114289501e+00 -3.668875743603217998e+00 -8.905957612431304460e-01 6.515349875589495632e-01 -2.390607736841808828e-01 -2.390607736841808828e-01 -9.380426813377326090e-01 -9.380426813377326090e-01
2.899163791549074887e+00 -4.448228280227957576e+00 4.716870204853718107e-01 -3.625126152205787600e-01 1.091744052647930507e-01 1.091744052647930507e-01 2.173012759711046363e-02 2.173012759711046363e-02
1.322115638676174321e+00 -2.272747160042244197e+00 9.177583914289246803e-01 1.037255531521135810e+00 1.955013922950060490e+00 1.955013922950060490e+00 5.811692842340625553e-01 5.811692842340625553e-01
4.930958221769165206e+00 -1.813934608027174988e+00 -3.029513442208241480e-01 1.131972120374628021e+00 8.290207761538038733e-01 8.290207761538038733e-01 -9.996981963226103662e-01 -9.996981963226103662e-01
8.272986472004291159e-01 2.247908890394224812e+00 1.032267383488027379e+00 -8.651877685184359290e-01 1.670796149695914501e-01 1.670796149695914501e-01 -9.977973172976515315e-01 -9.977973172976515315e-01
-3.229831449942986765e+00 -3.508274454143337717e+00 4.889721394115476016e-02 -1.928481456062325350e-01 -1.439509316650777748e-01 -1.439509316650777748e-01 8.982959200139114531e-01 8.982959200139114531e-01
3.518624265624129777e+00 1.654104297068000662e+00 3.531405926031458975e-01 -5.931333560921332460e-01 -2.399927634889873485e-01 -2.399927634889873485e-01 4.442523649371776795e-01 4.442523649371776795e-01
-1.598297833374782151e+00 2.322088895756975191e+00 2.666624765772818151e-02 1.087553761129933294e+00 1.114220008787661476e+00 1.114220008787661476e+00 7.493005641760449587e-01 7.493005641760449587e-01
-3.647936510156201795e+00 1.915852271641748317e+00 -7.448265694442970375e-01 1.151022562325531018e+00 4.061959928812339804e-01 4.061959928812339804e-01 -1.605895357190141592e-01 -1.605895357190141592e-01
-2.610578346007940365e+00 -3.177477129671280931e+00 -7.743014190814181408e-01 -2.367978398885234315e-01 -1.011099258969941683e+00 -1.011099258969941683e+00 8.799070283478995780e-01 8.799070283478995780e-01
2.615662681590997352e+00 -4.304666000484053789e+00 1.101912244307160060e+00 4.488677295658507482e-01 1.550779973873010809e+00 1.550779973873010809e+00 -1.179319020836464560e-01 -1.179319020836464560e-01
-4.999728837398230041e+00 -2.660555485125100539e+00 -7.161109166114559832e-01 -3.476389820966538924e-01 -1.063749898708109765e+00 -1.063749898708109765e+00 1.924883713482513636e-01 1.924883713482513636e-01
-7.482806524567537920e-01 -2.831768771422430220e+00 -1.180622579538921135e+00 -1.099845288913330998e+00 -2.280467868452252134e+00 -2.280467868452252134e+00 -9.054079080374259902e-01 -9.054079080374259902e-01
-3.560841178500543602e+00 -3.058544553322888326e+00 -7.746842993621030349e-01 -3.657094447294518824e-01 -1.140393744091555028e+00 -1.140393744091555028e+00 9.440149666571039377e-01 9.440149666571039377e-01
8.822627450497124713e-01 -1.918599889881235754e+00 9.856894272571266047e-01 -7.469552880602637890e-01 2.387341391968628157e-01 2.387341391968628157e-01 5.093757161001101208e-01 5.093757161001101208e-01
-3.678894493308657143e+00 -4.285100856674884717e+00 -3.135474471683555864e-01 4.513524055895512532e-01 1.378049584211956669e-01 1.378049584211956669e-01 -1.097919339376912939e-01 -1.097919339376912939e-01
5.039297461077257623e+00 -2.103666506561771676e+00 -7.864766021721745215e-01 2.688679528198112401e-02 -7.595898068901933975e-01 -7.595898068901933975e-01 -9.788647614508046990e-01 -9.788647614508046990e-01
-2.627974351381278328e+00 -2.133398784232332979e+00 3.910642800997159441e-01 -1.010358878488418100e+00 -6.192945983887021555e-01 -6.192945983887021555e-01 4.896456842777537066e-02 4.896456842777537066e-02
2.603508213857644193e+00 5.834587391946843837e-02 3.701990084696038519e-01 7.827800086170049187e-01 1.152979017086608771e+00 1.152979017086608771e+00 -8.871156173292968905e-01 -8.871156173292968905e-01
-3.861055476018401045e+00 -2.287374458040041247e-01 8.398623844056052334e-02 6.831933767712803363e-01 7.671796152118408596e-01 7.671796152118408596e-01 -5.831460763521284507e-01 -5.831460763521284507e-01
1.189818427230397546e+00 5.083419294504748720e+00 -1.016146988869236045e+00 -2.241227631931212994e-01 -1.240269752062357345e+00 -1.240269752062357345e+00 9.999505231799107330e-01 9.999505231799107330e-01
1.402329495756386102e+00 2.647537531733075156e+00 -1.978512135456416132e-01 -1.191342590514531619e+00 -1.389193804060173232e+00 -1.389193804060173232e+00 -6.151072232708293397e-01 -6.151072232708293397e-01
1.612446542071919175e+00 -1.933392376535048029e-01 8.445475744471986346e-02 3.764317128834391291e-01 4.608864703281589925e-01 4.608864703281589925e-01 1.511079749971499797e-01 1.511079749971499797e-01
-3.476826063196933436e+00 1.867058517864769840e+00 1.042865123976869812e+00 -1.166341347839435771e+00 -1.234762238625659592e-01 -1.234762238625659592e-01 -3.896135465849107776e-02 -3.896135465849107776e-02
5.926333131874722326e+00 -4.584310606587244763e+00 6.364780895822956808e-01 5.603245669956424813e-01 1.196802656577938162e+00 1.196802656577938162e+00 2.267834441793082079e-01 2.267834441793082079e-01
-3.701922788850079638e+00 6.010012692696664161e+00 -6.443882385108087307e-01 -4.761999774144388686e-01 -1.120588215925247599e+00 -1.120588215925247599e+00 -6.722868363287540783e-01 -6.722868363287540783e-01
-3.648632284712589158e+00 -3.484440184397703089e+00 -9.958669398228712222e-01 -1.055354233144986109e+00 -2.051221172967857331e+00 -2.051221172967857331e+00 6.600679147136223612e-01 6.600679147136223612e-01
1.537025912920937820e+00 4.070439238426178719e+00 1.008998437827926198e+00 -3.258725827950372800e-01 6.831258550328889179e-01 6.831258550328889179e-01 7.802567252771721584e-01 7.802567252771721584e-01
5.926605707818536573e+00 3.868659946819061446e+00 4.506064968984846431e-01 -1.009691735428518644e+00 -5.590852385300340011e-01 -5.590852385300340011e-01 -9.321508771093622858e-01 -9.321508771093622858e-01
2.961810446467346480e+00 1.534862084853500619e+00 1.154845827315944318e+00 -7.002506014406215673e-01 4.545952258753227504e-01 4.545952258753227504e-01 -2.140473273083909889e-01 -2.140473273083909889e-01
-1.180396595953210337e-01 1.092993351056079199e+00 -7.919992916748996858e-01 5.567844647614546005e-01 -2.352148269134450853e-01 -2.352148269134450853e-01 5.612063826129893851e-01 5.612063826129893851e-01
-1.248986503366920076e-01 5.122588789670471598e+00 7.712547738218187288e-01 -7.745879193650091477e-01 -3.333145543190418891e-03 -3.333145543190418891e-03 2.814464492356931191e-01 2.814464492356931191e-01
3.083358145405783901e+00 -2.170178231362435817e+00 9.119307675996968232e-01 -2.987705454355348289e-01 6.131602221641619943e-01 6.131602221641619943e-01 6.112320966398691047e-01 6.112320966398691047e-01
-6.199063278023996482e+00 1.993258375635283741e+00 4.644934343954920664e-01 2.269641189101532230e-01 6.914575533056452894e-01 6.914575533056452894e-01 -4.851931773621191435e-01 -4.851931773621191435e-01
-4.311135788783460043e-01 -4.922262648296101162e+00 -6.394916178534746365e-01 4.818775023516141953e-01 -1.576141155018604412e-01 -1.576141155018604412e-01 5.979870166657050845e-01 5.979870166657050845e-01
2.957170954586926470e+00 3.951820240236212811e+00 -5.927181277614033128e-01 -9.024478040999681649e-01 -1.495165931861371478e+00 -1.495165931861371478e+00 8.104913335517484052e-01 8.104913335517484052e-01
3.455347470824809974e+00 -2.151171524639673649e+00 -3.692128936002462281e-01 -1.376044568974252869e-01 -5.068173504976715149e-01 -5.068173504976715149e-01 2.634727408014671535e-01 2.634727408014671535e-01
5.035481268790782394e+00 -2.217131395056418874e+00 -7.823152075092965063e-02 -7.949840575485422889e-03 -8.618136132641507352e-02 -8.618136132641507352e-02 -9.482103588685955042e-01 -9.482103588685955042e-01
5.196644278029561193e+00 -3.358135593569331778e+00 -8.623899447321263789e-01 4.567110488825099068e-01 -4.056788958496164721e-01 -4.056788958496164721e-01 -2.645259775649145273e-01 -2.645259775649145273e-01
-2.820490933160026970e+00 1.937108448945737749e+00 -4.691487580281588077e-01 2.448977865744856874e-01 -2.242509714536731202e-01 -2.242509714536731202e-01 6.345404921953985422e-01 6.345404921953985422e-01
1.890947969198228051e+00 1.927722068014579904e+00 4.827690422872110698e-01 -4.602628254609278935e-01 2.250621682628317632e-02 2.250621682628317632e-02 -7.794071160356252914e-01 -7.794071160356252914e-01
-4.099169645061258471e+00 1.551754476696866725e+00 -7.609098804894138812e-01 -1.141126383340056227e+00 -1.902036263829470109e+00 -1.902036263829470109e+00 -8.286092453856082063e-01 -8.286092453856082063e-01
-5.557710035077812805e+00 -3.286353736570691630e+00 -3.171722931437005455e-01 9.855172865398997839e-01 6.683449933961992384e-01 6.683449933961992384e-01 -8.360710438892112739e-01 -8.360710438892112739e-01
2.449982782228822487e+00 3.165256305795749014e+00 -1.144637119960183913e+00 1.132176708979009350e+00 -1.246041098117456336e-02 -1.246041098117456336e-02 7.850953810239529318e-01 7.850953810239529318e-01
5.426929652468103882e+00 2.954938540020034310e+00 8.799762908740398348e-01 3.922729708860539510e-02 9.192035879626452299e-01 9.192035879626452299e-01 -5.037087212887717547e-01 -5.037087212887717547e-01
3.026150073304625820e+00 -4.923826923388731736e+00 1.244500945312776441e-01 -1.125060076969295331e+00 -1.000609982438017687e+00 -1.000609982438017687e+00 -3.210902994712178660e-01 -3.210902994712178660e-01
4.240677997350960737e+00 -1.049418921027298168e+00 -5.090592121227643929e-02 3.645148257055359498e-01 3.136089044932595105e-01 3.136089044932595105e-01 -9.987668767419417559e-01 -9.987668767419417559e-01
-5.333589862172275708e+00 5.357587298672576992e+00 6.991740383124593894e-01 6.570257481492276508e-01 1.356199786461687040e+00 1.356199786461687040e+00 9.997120753385363434e-01 9.997120753385363434e-01
-5.224824852292666577e+00 6.218787998994184107e+00 -8.884786521804255432e-01 -1.035880033271421308e+00 -1.924358685451846851e+00 -1.924358685451846851e+00 5.453722666537732522e-01 5.453722666537732522e-01
4.487029126517938948e+00 7.497463557639623133e-01 2.970745501751088646e-01 8.676368972283963199e-01 1.164711447403505185e+00 1.164711447403505185e+00 5.006820357873634775e-01 5.006820357873634775e-01
2.814102221232056777e+00 -5.208604780565098125e+00 5.739765963169531915e-01 -1.517390736767576520e-01 4.222375226401955395e-01 4.222375226401955395e-01 -7.336692728128169083e-01 -7.336692728128169083e-01
-2.716042773787056053e+00 1.604402441163882642e+00 -9.130116786201081247e-01 -2.899313904566078737e-01 -1.202943069076715998e+00 -1.202943069076715998e+00 4.431916754026705152e-01 4.431916754026705152e-01
-1.126949541756375517e+00 1.824039401904245850e+00 -4.455288817978509952e-01 5.246485574174997168e-01 7.911967561964872164e-02 7.911967561964872164e-02 7.667137095143123915e-01 7.667137095143123915e-01
7.268484567903605864e-01 -3.517035069093111588e+00 9.543896153205644328e-01 -1.117866527124713460e-01 8.426029626080930868e-01 8.426029626080930868e-01 -9.388896559844416290e-01 -9.388896559844416290e-01
