3.360309920575014431e+00 -8.192299502728337401e-01 1.841471747111778301e+00 -1.333482229192765711e+00
4.149266063419684514e+00 5.977442985024323363e+00 1.745475792387702674e+00 -1.490927486476126163e+00
-2.534297712555078519e+00 -1.941526579021671139e+00 1.468119938957918258e+00 -2.297515678874116229e+00
-1.713420272173820535e+00 -4.759380473535008704e+00 2.988753745696130615e+00 -1.993323044660680221e+00
2.160867951990399050e+00 4.639483350714092680e+00 2.828693590575400485e+00 -2.040530262773682324e+00
-2.359901163880484987e+00 1.421161361834376358e+00 2.696608737308860970e+00 -1.894196502197862841e+00
-3.995163280598723610e+00 1.570825291824855974e+00 1.246367835710698202e+00 -2.000019038609981870e+00
-1.099906627300982542e+00 5.718972400730974570e+00 1.523448730599778145e+00 -2.383363465540918824e+00
5.470026237040624295e+00 4.204531906798790075e+00 1.365225999058315542e+00 -1.665807219061366418e+00
-4.969808041568390955e+00 -4.835931938245173534e+00 1.040320327851905313e+00 -2.031372298802535781e+00
3.282154483542557344e+00 -1.460740303964679576e+00 1.860748183449640214e+00 -1.891249259319953246e+00
-6.969225634880551468e-01 -1.971447512275916303e+00 1.408969864013372764e+00 -1.700925936033921504e+00
-2.004931447802441369e+00 4.653414582566316682e+00 1.094343041683862650e+00 -2.024791783089039399e+00
-4.662327305314790671e+00 -3.083379416404171458e+00 2.058107474349311961e+00 -2.049956002509075059e+00
-2.673139968198882777e+00 3.367903689736346351e+00 1.898689158822974399e+00 -2.869515830815505986e+00
-5.728253652860791689e+00 -4.609494251605852355e+00 1.475901480658512899e+00 -1.912700254851608106e+00
-1.295592773876182768e+00 2.675962317950489222e+00 2.432090728900849541e+00 -1.757187251302313902e+00
-7.464543882157803623e-01 3.135474334543509656e+00 2.004154558645460771e+00 -1.265912648992306933e+00
4.852305858086738866e+00 1.399090334694238713e+00 2.975666007111191114e+00 -2.023828761540536814e+00
-5.894169336225769662e+00 3.517236849789188824e+00 2.139146468277592028e+00 -1.139235869125516443e+00
1.557175807937984935e+00 6.010764435216856327e+00 2.269038860969070370e+00 -2.013117820523737223e+00
-5.624269188487287963e+00 -1.305862535802924995e+00 2.590898376356840505e+00 -2.207029694687320465e+00
-2.269169921115983257e+00 -5.711259036899180686e+00 2.414539511474359301e+00 -1.459349854685859871e+00
4.375941086956295578e+00 1.460715701493233709e-01 2.137392013156957038e+00 -1.673379554194467822e+00
9.025757195855810266e-01 5.577427024807825262e+00 2.509111375599001104e+00 -2.471582515394956214e+00
4.938571463319412658e+00 -5.334716458548772522e+00 2.791828602868006381e+00 -2.130726753020302233e+00
1.719691141324904748e+00 -2.823488766306922138e+00 2.309305578871378550e+00 -2.140902808486972564e+00
-5.673287361483621893e+00 -2.562649146079841955e+00 2.313392884073671940e+00 -1.313871934442282008e+00
2.345727707729002631e+00 -5.543212381117124998e+00 1.518256443625603636e+00 -1.483305108736016287e+00
6.110080075229692653e+00 -1.155248933862044858e+00 1.842416574741778668e+00 -2.397657504184076416e+00
4.596463155189624672e+00 3.082628479845814340e+00 2.058534481186568676e+00 -2.115465334389840191e+00
5.823032065059672746e+00 2.664163327040599327e+00 2.204056128067062303e+00 -1.204205355902027375e+00
-4.903170134739286645e+00 2.196953812627524982e+00 1.204416152261166051e+00 -1.888872459652864988e+00
-1.253222743502124814e+00 -1.797134504595216953e+00 1.074234058190338903e+00 -1.929925005247500547e+00
-5.744106469285067185e+00 -1.348174972026948915e+00 2.500677360509039993e+00 -2.189475449157842313e+00
5.647345773068858321e+00 -5.480171638046173577e+00 2.427249146803831970e+00 -2.558809770747141776e+00
-5.305914147201332476e+00 -4.331547444081365938e+00 1.230419956886050770e+00 -1.792112078891316074e+00
-2.181374018171466922e+00 -2.643360797946231688e+00 1.608470475941653932e+00 -2.503639178436799728e+00
-5.159555036157779995e+00 -7.514119820817155571e-01 2.615548351929064985e+00 -2.315974532921585727e+00
-2.663607788542329491e+00 -5.376048523128389434e+00 2.362354653088766021e+00 -1.453035690133691160e+00
-5.237862793723865096e+00 -5.310156831379174491e+00 1.284924868630908712e+00 -2.282312792640241561e+00
-3.096196315948434030e+00 -4.264631234698109452e+00 2.040907119292668437e+00 -2.432499374675193948e+00
2.890177132839065521e+00 -5.702229728235005624e+00 1.863466435677695987e+00 -1.190342279929377689e+00
-5.411174469532076259e-01 -3.642484961606856864e+00 2.247352531652255347e+00 -1.248161453470855164e+00
4.049955633035100533e-01 -3.453199044258206118e+00 1.879199802087337279e+00 -1.125157798232587103e+00
3.349548701459426070e-02 2.348618289816881699e-01 1.992206769232711228e+00 -2.972000982075888142e+00
-3.907817558192836493e+00 -6.007453496631780077e+00 1.811215560637523758e+00 -1.306683750836622915e+00
3.177032275201602474e+00 -4.340758644020731083e+00 2.033013479193785500e+00 -2.362906939025021913e+00
-2.157367654235732068e+00 -2.172705863998726450e+00 1.313523933523645493e+00 -2.313406305490409931e+00
4.602927078051289200e+00 3.650306026518741476e+00 1.515861059031971880e+00 -2.095410148927117966e+00
6.074592064617174714e+00 -3.129828147896473123e+00 1.997563817161499777e+00 -1.021744501545773565e+00
-1.196001592412250680e+00 -4.874761396526370305e+00 2.918342398681347483e+00 -2.059180690960466631e+00
5.181111125819603203e+00 4.161918491620093974e+00 1.239642895967591141e+00 -1.763696639444446213e+00
1.882506519861534500e+00 1.251751835280518144e+00 1.096222118031143999e+00 -1.903804777815151006e+00
3.110451668327357311e+00 1.725623409808585862e+00 1.969236489405464807e+00 -2.154134485993260295e+00
-3.345413778553974815e+00 4.954805784485010633e+00 2.196494410250785734e+00 -1.764919492090142539e+00
9.038049198129183281e-01 -6.019619361282651404e+00 1.795309044604106674e+00 -2.597262065453272317e+00
-5.644448389445839709e-01 6.180191266002315942e+00 1.945001018603656595e+00 -2.840408494420909591e+00
1.494517535348229842e+00 -5.394265584318033824e+00 1.225866248920751023e+00 -2.048028186529446959e+00
1.183100317782832533e+00 -2.156750235546760486e+00 2.771348099875052817e+00 -1.790936907524182109e+00
1.059039085705648198e+00 1.292368514509726118e+00 1.161692092391134246e+00 -2.134594057277473311e+00
2.104460415265450024e-01 6.079809425932165112e+00 2.042192166145364585e+00 -2.957782840375561939e+00
2.176451062792960300e+00 -1.985559371212971769e+00 2.752422676197145091e+00 -2.229412764653415646e+00
3.542516281865170313e+00 3.870668619106609754e-01 2.147316320547068003e+00 -1.147412323997961225e+00
-5.942631624912962707e+00 4.605957637167668040e-01 1.851539044943190548e+00 -2.844342642254718889e+00
-2.139272149010984947e+00 5.571317574027993658e+00 1.449492331878072138e+00 -1.592393361822820541e+00
5.440021425980905434e-01 -5.993550444799793375e+00 1.852182369858548672e+00 -2.820005072501953869e+00
2.312503922889451502e+00 -4.315635108992536217e+00 1.319958463453057451e+00 -2.261049565203840483e+00
3.858133824444925253e+00 1.488937800853996407e+00 2.654581110862339610e+00 -1.938340880029763902e+00
-6.895771613960794966e-01 -4.659691480141037623e+00 2.635327829721856752e+00 -1.959361897850490086e+00
-4.172384593670896535e+00 -4.070308007913950199e+00 1.313104715349792340e+00 -2.307899422793846078e+00
5.362330380073267122e+00 2.349452969748918818e+00 2.566723587763047210e+00 -1.574995964092169798e+00
1.515799451520366325e+00 2.294118822330773355e+00 1.251522590803511914e+00 -1.963617076187178734e+00
1.301417453310379280e+00 -5.308548045209922961e+00 1.202344303027760741e+00 -2.149425097416554742e+00
4.713172457577440966e+00 4.141654857318428640e+00 1.158495666275171754e+00 -1.999576726519542769e+00
4.475937272298965652e+00 4.533655734212258537e+00 1.043311757446948373e+00 -2.041646509404650089e+00
4.278422750911339278e+00 -2.064668855086781107e+00 1.201114383084367798e+00 -2.199320537335760051e+00
-3.198723036455412227e+00 4.339436385316382427e+00 2.053174051146208434e+00 -2.363772173947685573e+00
7.669578164494765815e-01 3.738898249729311729e+00 2.390287904427370158e+00 -1.404644358937666038e+00
-4.414228722548937611e+00 -1.526688460265985370e+00 2.954948871081644501e+00 -1.987046979949326220e+00
1.695091864471927501e+00 5.426680970844000029e+00 2.749728299877969739e+00 -1.918785647249354520e+00
-4.330727657107101614e+00 5.826430257950226732e+00 2.409304171804759864e+00 -1.665718997609807017e+00
-5.256336577936927767e+00 4.813651207917544639e+00 2.851289100094263063e+00 -2.052315497254714405e+00
-5.779385376592196977e+00 -4.706274156201412318e+00 1.517252203293115498e+00 -1.994644948903321113e+00
-4.316143508906663762e+00 1.081758440642026642e+00 1.185615973249638078e+00 -1.818686154599823190e+00
-1.709311377849163982e+00 -3.702885742051844176e+00 2.527183201988178141e+00 -2.116887730401450618e+00
-1.045819799308205234e+00 3.371082140018382134e+00 1.803153066722985809e+00 -1.511947249173028140e+00
-4.336695362648992358e-01 6.201363795542132351e+00 1.965656666816098186e+00 -2.904394092361243906e+00
4.561507529045222498e+00 5.384870129950996898e+00 1.226608992659774078e+00 -1.906367795988362479e+00
-1.630811692002017033e+00 5.882253685840916901e-01 2.553886528500955322e+00 -1.950101581899671199e+00
-3.781778186587421153e+00 -3.698570142894340051e+00 1.684230129610526649e+00 -2.680770337212834864e+00
5.756890507502143706e+00 -1.020281798729237188e+00 1.571883947413398319e+00 -2.452333413181355226e+00
1.745022505393457379e+00 -1.703424165532794632e+00 2.976211739292580205e+00 -2.022923174525636636e+00
-2.214798189658774064e+00 6.078044775539659383e-01 2.456681584574968547e+00 -1.507128934205544946e+00
2.365258276589599973e+00 3.743088751035994477e+00 2.396492071613542496e+00 -2.588262611259909640e+00
-2.697862396183980049e+00 2.107240365280883765e+00 2.369006716006991642e+00 -2.461587728611164927e+00
1.560155681229941749e+00 -4.048062945450626948e+00 1.212712089109516889e+00 -1.993439861075352315e+00
-5.424467020590065580e+00 -1.321324359050798591e+00 2.733571019634963850e+00 -2.161321475444891949e+00
-3.203521021758685361e+00 -2.364878715619756377e+00 2.043380300139162387e+00 -2.711853507884637970e+00
-2.101202683022227902e+00 2.742067009194665062e+00 2.335535957084222680e+00 -2.466043329607606083e+00
5.707885416671176770e+00 3.333267742969242775e+00 1.896349590073140856e+00 -1.176336385283053509e+00
-2.586573042230536412e+00 4.857082039692070197e+00 1.478546653267642341e+00 -1.877455447680151712e+00
4.198642352346979578e+00 -1.831046770143982982e+00 1.158418014103532290e+00 -2.126459545990913469e+00
1.724760923318154227e+00 4.534843647872545347e+00 2.972636985315461278e+00 -2.027085002012446235e+00
1.287252421563236382e-01 -3.037181442769919304e+00 2.013378931122279170e+00 -1.013674502620627971e+00
-2.452758155228121240e+00 -2.885581442431570220e+00 1.839041370714247670e+00 -2.746826553292552653e+00
2.093034534329104801e+00 7.148710606420252134e-01 1.431857569761190607e+00 -1.623301280076392183e+00
5.947386677844647807e+00 -6.099804707237572288e+00 2.060090064947198929e+00 -2.928316776939559940e+00
5.727809455729389043e+00 4.336982054860127889e-01 2.221571333203633536e+00 -2.771035070915388587e+00
1.980304446010858754e+00 -3.025497544161756647e+00 2.106256926315752676e+00 -2.395477975322419351e+00
-2.062777151731485681e+00 -1.006526981261663956e+00 1.255235928012560898e+00 -1.747375749490174712e+00
-4.224282979400838300e+00 -6.190331179178931720e+00 1.918106929195984689e+00 -1.533066274698166698e+00
-3.150757012731135731e-01 6.740857396404740243e-01 2.193427189114698361e+00 -2.742817913880731595e+00
-4.938524211660748620e-01 -4.133090488776847593e+00 2.396683421242123302e+00 -1.517974444434343706e+00
6.047062187109229825e+00 4.434602106036393820e+00 1.775032884409458056e+00 -1.733381182884593308e+00
1.654893559277527793e+00 -1.632579643797478219e+00 2.994564672228278379e+00 -2.005186382689324365e+00
-5.543276222180246293e+00 4.561556810252652028e+00 2.666565922947446321e+00 -1.889027834053488064e+00
-1.723432636178769073e+00 -3.506911410470416435e+00 2.353093565369462237e+00 -2.142010902079394263e+00
2.984282663103346778e+00 -2.585405988560558477e+00 2.082709924963930703e+00 -2.838787931359386008e+00
1.405194388348047774e+00 -5.882426221739673444e+00 1.615219682320580441e+00 -2.151784507338228902e+00
-8.194337710001651232e-01 2.197615929679644253e+00 2.591839958357461615e+00 -1.599585412537120721e+00
5.738470434444082002e+00 -5.414883016615283040e+00 2.395487742779048190e+00 -2.552613087918301993e+00
-6.170262673512262097e+00 4.405825647197980643e+00 2.107429111717515458e+00 -1.700138070489097597e+00
2.337801133036117918e+00 5.673556676277168975e+00 2.412241089940549976e+00 -1.431031560174649719e+00
5.868870045010361025e+00 1.074265437593084016e+00 2.353949870992942728e+00 -2.436072907811111410e+00
1.333847519607362919e+00 -5.897453264823298014e+00 1.634275062024191705e+00 -2.217490017701933880e+00
1.552811832373509837e+00 2.275433758020403374e+00 1.238276744736317214e+00 -1.988351034134894446e+00
2.451116797600320751e+00 -5.390527368797098262e+00 1.504016056677975222e+00 -1.516353211270044188e+00
2.211696733637475987e-01 -4.167883497432178785e-01 2.088807029466822396e+00 -2.892120573558965013e+00
-1.781684575186411656e+00 4.333080399637987412e+00 1.091659028031842116e+00 -2.077509817023996064e+00
2.654059329923104116e-01 -5.826405111731065567e+00 1.884309334000494829e+00 -2.866053100205445681e+00
4.600852247850010457e+00 -4.794409317481528099e+00 2.990445331300665810e+00 -1.990880908475568090e+00
5.827647362020243804e+00 3.700044863813255702e+00 1.766884253168392593e+00 -1.238406747432900357e+00
2.922855477453431661e+00 5.614271499469948523e+00 2.134567308592767443e+00 -1.234197048932697216e+00
-5.484751054274234150e+00 4.739655985205551758e+00 2.715998094485477132e+00 -2.019025350425439402e+00
-5.808865385939439463e+00 -3.746935305952462603e+00 1.740098569446054011e+00 -1.268472636264632136e+00
1.898169864325762290e+00 5.410594443806770570e+00 2.725315052643480396e+00 -1.793288866875438980e+00
-1.237844763047680097e+00 2.793602275764660803e+00 2.322281710118195619e+00 -1.692756537088238256e+00
-5.357642277352355542e+00 2.402635379000384930e+00 1.461894884212436185e+00 -1.555461795069262187e+00
1.872486410650667565e+00 2.771604078544360306e+00 1.654726857103848481e+00 -2.277027737802177931e+00
-1.172202114568881015e-01 1.364587656900157597e+00 2.114474232422120625e+00 -2.203345288225964538e+00
-2.229588604663065965e+00 1.796778902087329044e+00 2.770627305158805065e+00 -2.137163575209617417e+00
3.864774128152882682e+00 1.157040935024832073e+00 2.605931056594184447e+00 -1.698580969016473929e+00
-6.044187006136474416e+00 -1.013707161940131662e+00 2.200935474861361651e+00 -2.513689243624339653e+00
-4.734657987380783695e+00 2.416255501635991010e+00 1.336776720063609591e+00 -1.983338018146400206e+00
-5.243850804510681307e+00 -3.683225152595542617e+00 1.555573769288174812e+00 -1.565744268821950946e+00
5.446003242649009479e+00 -5.740249000673003366e+00 2.383748275698627683e+00 -2.573272882647408721e+00
1.782475813604662562e+00 5.594655411579697812e+00 2.621220132495755806e+00 -1.837763085847116562e+00
-3.852610791762899112e+00 4.309252577190214595e+00 2.600289486861808719e+00 -2.297248828205432414e+00
6.525268989150099230e-01 -2.740209247835556639e-01 2.164310007948686554e+00 -2.764907755755992902e+00
4.734776003208429174e+00 -5.371369003526743846e+00 2.790419073445681519e+00 -2.013706669963361229e+00
4.315525511176721452e+00 -3.110904273353415128e+00 1.971701227954024027e+00 -2.386345498356264638e+00
3.764652717206320887e+00 -5.878235667179066759e+00 2.229891982578524168e+00 -1.253583914171118696e+00
-1.561342388318736063e+00 -2.737368260426582545e+00 1.606711796279963966e+00 -1.991308105416877305e+00
-6.133377480758766431e+00 5.253331418300545508e+00 2.127939029381267666e+00 -2.509176612013979124e+00
2.523418077863707865e+00 5.345084752755591140e+00 2.467369006896926731e+00 -1.518110306788599484e+00
8.951554064398292709e-01 3.526715021532300653e+00 2.293139646108263818e+00 -1.420411267581492165e+00
5.528468371620864019e+00 -2.927204552847892494e+00 1.854248989130507841e+00 -1.288211441690279457e+00
-2.206383391519483261e+00 4.718959033660784286e+00 1.195294043952696228e+00 -1.996099715661100005e+00
-4.374534551104744651e+00 2.235160898816943131e+00 1.257199401922881599e+00 -2.204366846102253419e+00
-3.389575121923671830e+00 -6.048258205041756597e-01 2.139566715441009848e+00 -1.202562550749120884e+00
3.725200464301561709e+00 -3.095466189701660209e+00 1.974591570375556771e+00 -2.833592460133866453e+00
-7.913863856326024404e-01 -2.128469755015694354e+00 1.396445927404077025e+00 -1.628037053037440618e+00
-9.028311299928235556e-01 -2.242569716342283748e+00 1.385499984510015548e+00 -1.614507266647214001e+00
-4.023128165076825802e+00 -5.010115150256969407e+00 1.262234579305816506e+00 -1.813440904167163747e+00
-3.004340777118835959e+00 8.998615259032227698e-03 2.001231186119186489e+00 -1.009444368209447163e+00
8.978084061675417615e-01 3.921888301121846609e+00 2.550102611358242122e+00 -1.556999293596572631e+00
-3.877398865367055691e+00 5.273480122285924665e+00 2.568275573482920571e+00 -1.605551978792163048e+00
2.009290164338734641e+00 -2.377781075529337151e+00 2.626240935174083191e+00 -2.306631058409317703e+00
5.070627336204818647e+00 -1.894746338300489441e+00 1.112196479911988334e+00 -1.888391307774506256e+00
-2.290484508848984468e+00 -3.347640334084763136e+00 2.153856090915411414e+00 -2.645207323556653112e+00
-5.167632680718645233e+00 3.256198730010719800e+00 2.102708711160982347e+00 -1.563203141612038660e+00
-6.062850694491306314e+00 -1.303928665334702863e+00 2.210819633344670354e+00 -2.257335890741872131e+00
9.721809111050960794e-01 -6.024666117784757802e+00 1.788803922531058577e+00 -2.544773885854185291e+00
-2.011543976053815186e+00 -3.994289828765277939e+00 2.681090257118213582e+00 -2.280693736940940131e+00
-1.817893535777193925e+00 4.808135780553140393e+00 1.034814606176073681e+00 -1.976617019961058430e+00
-1.563561005335732723e+00 -5.304146003817082011e+00 2.829940133532173441e+00 -2.004035972856007319e+00
3.547987159890171327e+00 -2.681215300576509808e+00 1.824373632261435674e+00 -2.822916912201494544e+00
-4.724771651856716659e+00 -4.547282301629167023e+00 1.013674794226583575e+00 -1.997964866340299572e+00
5.514486702461342205e+00 2.622805265127269081e+00 2.344699420329733552e+00 -1.375765036988017442e+00
1.430968076080896267e-01 3.047254335677131110e+00 1.986566458125327506e+00 -1.014622001552660358e+00
2.245426990926846500e+00 -5.408624786011787755e+00 1.400816398229768112e+00 -1.599416983761320576e+00
-5.140769622755397172e+00 1.252144269782362151e+00 1.136152935704261902e+00 -2.130138792488456279e+00
3.364746694372458435e+00 -1.397510241636151562e+00 1.782007844956770226e+00 -1.831855134437126997e+00
4.223015532062536437e+00 -1.293372426266214958e-01 1.886161390402435467e+00 -1.533853272562795134e+00
9.002720270319688467e-01 -5.766038571485056607e+00 1.612638021901129814e+00 -2.540138889497708163e+00
-3.104115182573112808e+00 -1.071688398315453483e+00 1.967102112068861652e+00 -1.521693620362846389e+00
2.726415155378587585e-01 6.978141040190317668e-01 1.826978040433338002e+00 -2.737945598001791048e+00
-7.946182108082675555e-01 -5.198664724286585326e+00 2.630875740781126293e+00 -2.327396047084517416e+00
-6.446902283694289082e-02 3.187760828087986553e-01 2.020190891230504437e+00 -2.947646963065200687e+00
-7.605898204944923080e-01 1.226791065312810680e+00 2.648960867352065485e+00 -2.244321387930234390e+00
5.980402146011009279e+00 -8.451020364283579056e-02 1.974830908241490102e+00 -2.951103793820494037e+00
2.932741678979047251e+00 -5.735518776096306226e+00 1.892040887409639272e+00 -1.164810111824824634e+00
3.873580306656998928e+00 1.823604189841327994e+00 2.647105259806657784e+00 -2.186053761600458945e+00
1.761429337355581382e+00 5.561685927246687200e+00 2.648545675167131463e+00 -1.857734985838614516e+00
-3.990508736451102045e+00 -3.271769628837866151e-01 2.241209716131135288e+00 -1.374255982567883283e+00
3.837625305189732217e+00 -3.579599189427146388e+00 2.271946147695665719e+00 -2.694949394725574709e+00
3.158977628887317479e+00 4.187272713382920841e+00 1.984958135582493899e+00 -2.501237853961648661e+00
4.982773729810565655e-01 -4.891105932782952692e+00 1.529698838722149734e+00 -2.156151895392024453e+00
6.878939714860301535e-01 4.813681049916377575e+00 2.631657167115744045e+00 -2.078122968833423734e+00
4.318959356042629594e+00 -3.843431279022859304e+00 2.596297088515871820e+00 -2.292753999197853609e+00
1.572570632732133156e+00 -5.022608181919324011e+00 1.047734821258780702e+00 -1.999458362555701862e+00
-4.923587159797380153e+00 -4.423543662065148041e+00 1.062725658841889853e+00 -1.940287365978349277e+00
5.680332740543656556e-01 5.171138411351817510e+00 2.482352337617832028e+00 -2.373285893401929414e+00
9.065225229114757255e-01 -4.807043195507507249e+00 1.216159849419220063e+00 -2.058266045756128815e+00
-4.927472143649663572e+00 4.527237546919351985e+00 2.960260845803371677e+00 -1.960708766584938312e+00
2.603750087603199148e+00 5.427410726469565461e+00 2.386815143968106678e+00 -1.436931237065333544e+00
-3.369606912263098053e+00 -5.373758288617710654e+00 1.821617233057983620e+00 -1.401699157433005327e+00
1.996784539822694882e+00 5.849835221042676281e+00 2.382386242604853877e+00 -1.624975564005649797e+00
3.183136229041672038e-02 1.936941019560315169e+00 1.970283612697153242e+00 -1.642163018060806667e+00
5.630460438328359629e+00 2.798902183819883760e+00 2.204084301018068182e+00 -1.251761225432641123e+00
-2.104927811331464227e+00 -4.443726861687606444e+00 2.829834724174890237e+00 -2.135134739140432281e+00
5.343033938731299060e+00 -5.345360022846260328e+00 2.651184725878664938e+00 -2.348812568788900101e+00
1.006107544211037208e+00 -4.055379072591463796e+00 1.331104278417007070e+00 -1.673154290657337784e+00
-4.379515257078178792e+00 -1.118953611443076035e+00 2.850260100712579625e+00 -1.857328568309116967e+00
5.642015234453953809e+00 4.325831410117089604e+00 1.446001326416576305e+00 -1.697871748973934558e+00
-9.719343556893171865e-01 4.074619134094188411e-01 2.327318686804135783e+00 -2.517552258821573741e+00
3.721962671057926997e+00 3.351739754220178114e+00 1.885615586376752528e+00 -2.817862298650313235e+00
-4.208249811088222714e+00 -2.815981386294324373e+00 2.280090929102342123e+00 -2.457671994734783816e+00
-5.034995801223455025e+00 -4.623770949220640247e-01 2.423064717949240610e+00 -2.283749085262589240e+00
-4.107124443069783304e+00 4.227033099256493287e+00 2.727377382446261045e+00 -2.265442184235256562e+00
5.602443581259354488e+00 -5.476844186288806426e+00 2.454253510976328378e+00 -2.537869248613758622e+00
-2.885672456043137935e+00 -2.806610271236537724e+00 1.916780983632629942e+00 -2.913657196796252791e+00
5.650706553150625311e+00 4.903533302536349225e-01 2.278392814719135018e+00 -2.711524356850243844e+00
-5.557790317271515512e+00 -3.059850023829924659e+00 2.054170224578918624e+00 -1.254260984542312052e+00
-1.148229661925657119e+00 -2.459662877782540669e+00 1.425148535681555417e+00 -1.681613552269140666e+00
5.633829213636481370e+00 -4.818667623402640210e+00 2.601261950029656767e+00 -2.084488841123449454e+00
9.361947647642168135e-01 -9.382141695013519467e-01 2.649483743744911024e+00 -2.350514217258035998e+00
-4.920404525428380360e+00 -4.003834525281546597e+00 1.257065215874341391e+00 -1.865610716903830957e+00
4.438108251754687927e+00 5.961114786991233316e+00 1.695300560066776097e+00 -1.743072162803462222e+00
9.705268181063484434e-01 5.981577135460083738e+00 2.245125822152543194e+00 -2.539366890766898699e+00
1.254092260666727299e+00 3.257364019159636470e+00 2.109768126312914216e+00 -1.690648520794442611e+00
5.257556328592198014e+00 3.642393358866934605e+00 1.589471044320038606e+00 -1.545118955166515207e+00
4.843806931376777314e+00 1.660212981091224727e+00 2.987416524533048623e+00 -1.988298449332723816e+00
5.801573952011722213e+00 -6.150551900217384294e+00 2.061256863314355314e+00 -2.878465818161826117e+00
5.641539276059354791e+00 9.311649536379524861e-01 2.480197993199237949e+00 -2.478183336598814623e+00
-1.021235065929371189e-01 -1.696317892478090172e+00 1.898855972337187836e+00 -1.875460048141152969e+00
-1.566521959568497380e+00 2.882144887460272642e+00 2.256544495861918964e+00 -1.995868700733527401e+00
-1.347351494021300056e+00 -2.221498158448205196e+00 1.224121298677944614e+00 -1.865772895555090960e+00
3.261344248836559601e+00 -2.798562210318440879e+00 1.959818643896669599e+00 -2.934995306884743638e+00
4.522401517269962312e+00 6.248817180862422660e+00 1.966256916657136200e+00 -1.811264935116095653e+00
-4.099404013563890281e+00 -1.834165888838767522e+00 2.789730565424301201e+00 -2.149773954805630716e+00
4.996685365190449701e+00 2.513251268291618601e-01 2.238705161724482195e+00 -2.271670446162187496e+00
7.173145132192981777e-01 -4.549675449236499247e+00 1.351319560076573723e+00 -1.877923692826713564e+00
2.603081307404099931e+00 4.907545205268531774e+00 2.503123194683875674e+00 -1.833525070779857158e+00
-2.771997325173369831e-02 1.610926110641956122e+00 2.027694109134698497e+00 -1.959896398793025352e+00
-3.498717219969587511e+00 5.384640582673998921e+00 2.273520204129247713e+00 -1.416542541860643878e+00
5.624626625774764577e+00 4.874360383123796936e+00 1.396032415266675208e+00 -2.127539776899232127e+00
-1.156328912171059820e+00 -3.211983035435981293e+00 2.064377299654798659e+00 -1.598294748820142219e+00
4.532135227840710101e+00 6.090317469517227522e+00 1.811431120046262278e+00 -1.824044870651975847e+00
-2.471919312224812870e-02 -4.963421669717087426e-01 1.988229615264476502e+00 -2.879061706969691770e+00
2.681882558523307480e+00 -2.433374765852249766e+00 2.288610932170021428e+00 -2.680669588674755577e+00
-5.909034229565266472e+00 -3.987509734971753428e+00 1.726407319010555330e+00 -1.382825581562221462e+00
2.270605370706139325e+00 -2.454229075222837952e+00 2.485371670066094385e+00 -2.497816814333980506e+00
-2.552503873080231855e-01 4.444661921171375596e+00 1.756507265724337463e+00 -1.744030917518252011e+00
5.056982184257819313e+00 -4.022116836875179402e+00 2.725743665673482141e+00 -1.784898045077010220e+00
1.370504654920843279e-01 -5.355622755410760050e+00 1.890680621221423330e+00 -2.594162082441608952e+00
4.385990279208602516e-01 -2.847145197490227986e+00 2.123244400685546651e+00 -1.133616259517065350e+00
-5.353494462032679202e+00 1.537298637376028232e+00 1.199014521881070383e+00 -2.020030611127681563e+00
4.492392480919024322e+00 -2.944394220560770492e+00 1.808799257753437306e+00 -2.213996833845056855e+00
-1.592312062546765716e+00 -9.891035104744014816e-01 1.164659640057754686e+00 -1.988179324966224515e+00
5.085202895768228259e+00 1.722234587658755700e+00 2.920647418033782916e+00 -1.945051100582203762e+00
-1.881371526840227126e+00 -5.252589413195096313e+00 2.816575997392921415e+00 -1.842824232259382189e+00
-3.955777429356101660e+00 -2.568663288879299067e+00 2.394193873821838459e+00 -2.576844921161497659e+00
-1.160860239885901812e+00 1.019989530480319928e+00 2.781502691783309444e+00 -2.208591427583662004e+00
3.303469998937282881e+00 -2.801141892839869030e-01 1.955441716250347017e+00 -1.051540119882276247e+00
4.507819129213739728e+00 2.981373658636028878e+00 2.156207862349602156e+00 -2.200544180319145227e+00
3.016491041227983061e+00 -5.668714002941878327e+00 1.928063572952840143e+00 -1.189307104406221782e+00
7.773842081293915740e-01 7.907698050621680963e-01 1.501365948146817342e+00 -2.501276362381827489e+00
-4.763518266148031977e+00 -5.042225707572120186e+00 1.055141135198684577e+00 -2.016552976452308688e+00
3.510829338582817982e+00 -3.489160665594788213e-01 1.876614474859507276e+00 -1.123591981802803730e+00
2.104295716802432992e+00 -5.211010240136827676e+00 1.243804261250177179e+00 -1.756803919077660536e+00
-3.440507759588546932e-01 -1.185475099983419156e+00 1.687428600063163309e+00 -2.353830136137136098e+00
-3.735164569647316579e+00 -3.306789120153060590e+00 1.908021085405436690e+00 -2.817662863000617079e+00
-1.208755900685529738e+00 -4.070571551422382583e+00 2.749084530541530569e+00 -1.787967489605617910e+00
-8.567491192454728122e-01 -1.536873866932992883e-01 1.884312420188024806e+00 -2.647178603399064301e+00
-2.176435456638343702e+00 5.702468222519526009e+00 1.548955453519415659e+00 -1.524035988137580233e+00
-3.419089600175763355e+00 -6.205848306103345813e+00 1.978834702523548428e+00 -1.041130508438764979e+00
-1.662893556642339732e-01 -1.771618737586265979e+00 1.837802521795414812e+00 -1.803276329887322893e+00
3.066707146429319408e-01 5.249492560269425567e+00 2.259379021475906413e+00 -2.487777989979104820e+00
1.076729120294419140e+00 3.016181583984172576e+00 1.889875861923087097e+00 -1.529513676435587000e+00
-8.024049002780104800e-01 4.205996352027872476e+00 1.371208779586630566e+00 -1.662917024527930554e+00
3.762701983951314944e+00 -2.067739891480053771e+00 1.488451309113302479e+00 -2.387701726138789837e+00
4.163582050472568241e+00 -2.031072014412531601e-01 1.827908516320999377e+00 -1.489053424633433487e+00
5.035939049617503827e-01 4.283889229082742389e-01 1.799534947914013916e+00 -2.796708385831304433e+00
-3.383546285669027043e+00 1.585207133229422638e+00 1.760425069945971810e+00 -2.013990560438017496e+00
1.439639185874156624e+00 1.373046238888847803e+00 1.027910303761895738e+00 -2.025693812757508816e+00
-6.015146638858256622e+00 -5.595706906576339179e+00 1.831934669094527512e+00 -2.745251921104176596e+00
6.042660346690873041e+00 -2.999322045012527749e+00 1.966223575557646042e+00 -1.038599501271263215e+00
6.167534717833719426e+00 1.282802487676627301e+00 2.110640567962657865e+00 -2.282131921722259094e+00
-2.458716845812052743e+00 -4.314096028944574002e+00 2.581632591911025898e+00 -2.300875481842492576e+00
5.939926850929895252e+00 -2.891449261993828568e+00 1.916687647674674144e+00 -1.087644428525671891e+00
1.728593160179912047e+00 6.165913587574491928e+00 2.115549445524519623e+00 -1.843936532081472901e+00
-3.851404556859837403e+00 8.910437099265511307e-02 1.942008282737025304e+00 -1.244524565411071260e+00
-1.455843400574518220e+00 -3.067258540286187163e+00 1.926224463796925690e+00 -1.885616819373857611e+00
-8.727782736898683780e-01 -3.034048362339607952e+00 1.917767166131603584e+00 -1.361012537673848222e+00
1.383637833415541252e+00 -5.140701407889816110e+00 1.106217655216005458e+00 -2.077280690257237161e+00
-4.247380062845948601e+00 4.718574012395270856e+00 2.893800470471861175e+00 -1.997226459003470289e+00
1.944720602536866849e+00 1.105110719132033736e+00 1.168226922524508105e+00 -1.835980195206122101e+00
-5.376302760328115937e+00 5.927280605991734674e+00 2.274425497573493438e+00 -2.577587509542896171e+00
4.747784195899180659e-01 3.561069809561180577e+00 2.186185912528246345e+00 -1.187714637748154889e+00
-4.589834106344162556e+00 -2.445332576875749453e+00 2.636542300984084264e+00 -2.093794549815893191e+00
-2.509739633962364103e+00 -5.530955623085188400e+00 2.403566414614978886e+00 -1.410802940522712490e+00
-2.908754666260788824e-01 9.522523757230096919e-01 2.233655419758520111e+00 -2.555491856970044218e+00
4.081820167137054867e+00 5.996142712286648191e+00 1.771328538008102527e+00 -1.434519167274121987e+00
-5.465519061711639814e+00 6.006677099436068090e+00 2.199166276047987534e+00 -2.657946441459453357e+00
-4.426792928747666167e+00 -5.651772643356949288e-01 2.513871851243425048e+00 -1.762081295285002014e+00
-4.613843420771607029e+00 2.098218894685336622e+00 1.140085195165241760e+00 -2.049518514049245788e+00
9.760367832583440872e-01 -3.554130177859420314e-01 2.288224018657989856e+00 -2.525291850023372753e+00
3.897389752413394248e+00 6.155250315824808638e+00 1.912492528825025406e+00 -1.278222282222787998e+00
4.256364147947357068e+00 -1.597278282280467643e+00 1.102504614724059362e+00 -2.011660830674822709e+00
5.350868644191580259e+00 3.982051128415609043e-02 2.031967530894220442e+00 -2.595502847866350660e+00
-4.156030958662822350e+00 3.997138756802568693e+00 2.641073811972520335e+00 -2.346329358009071164e+00
4.298410610401438348e+00 1.459169155941095752e-01 2.133117426171891928e+00 -1.602019950992881636e+00
-4.734799427920018289e+00 -8.307143736557227598e-01 2.738227878023995476e+00 -2.015111185141443606e+00
-6.203716367759573025e+00 -5.703426171593909189e+00 1.956510939410104122e+00 -2.833954336897117621e+00
5.889532756850304196e+00 2.883623291719963788e+00 2.097853978368943384e+00 -1.107044828954317772e+00
1.841437884237819844e-01 5.944477859155362864e+00 2.060839933820106662e+00 -2.927238865170993520e+00
-4.071334628081671347e+00 -9.715078692100140856e-01 2.661799986526331985e+00 -1.662672054727159621e+00
-1.301062615113120380e+00 2.540722930761697640e+00 2.544917721076629835e+00 -1.780199812642023094e+00
4.139588043216493318e+00 4.760164667031109076e+00 1.160572715938833266e+00 -1.974115998603974242e+00
6.063422958487700853e+00 2.827229225641101351e-01 2.060815143666403948e+00 -2.937203494047782026e+00
-2.394006977949012516e+00 -3.349494100884858661e+00 2.140329971984723301e+00 -2.717541016187203340e+00
4.196877410107987316e+00 -2.512165657668836705e+00 1.487823032032042025e+00 -2.398507757359612746e+00
-6.082484314533207481e+00 -3.819599519876166749e+00 1.874955360847871066e+00 -1.236808845471665030e+00
2.983909501039782697e+00 2.708729056638118138e+00 1.934130090984541361e+00 -2.896506273820112387e+00
-6.866636299331503324e-01 -4.102310694740050501e+00 2.519596019551977317e+00 -1.556914480494898889e+00
-3.497023519429542482e+00 -2.716612228674184504e+00 2.143479089302578355e+00 -2.854103314870363839e+00
6.027035701474343199e+00 -1.783132817676120752e+00 1.752332441196218227e+00 -1.796131540169770169e+00
4.194420398600719579e+00 2.500758803796363949e+00 2.519440294933243951e+00 -2.396883920116785305e+00
1.745005218762402777e+00 -1.100368290501831936e+00 2.877882484974303434e+00 -1.921435507457565528e+00
4.411332968747210259e-01 2.333934297756972143e+00 1.691445264274021199e+00 -1.374976429363984565e+00
-2.291206072002607286e-01 2.324655045095136430e+00 2.165583432429540878e+00 -1.333430198817350254e+00
-2.228507426536372016e+00 2.745036845306833229e+00 2.305670785259865241e+00 -2.563867627428521700e+00
-5.341353585750336919e+00 3.992935666093726965e+00 2.608229387369662255e+00 -1.612320697739994202e+00
-2.092848830212505895e+00 1.531581930889116094e+00 2.866131122554491206e+00 -1.980450349267710797e+00
4.340972920893266362e+00 -4.444579419541318188e+00 2.898597809703619799e+00 -2.096039836353511987e+00
1.223134412817564964e+00 -7.218166587944283563e-01 2.621217958568673900e+00 -2.255732076621978166e+00
-1.734383853088540484e+00 3.459521435349463658e+00 1.691573589820784651e+00 -2.154697191532585876e+00
3.813843207925481593e+00 1.906003100506085346e+00 2.588087705329499943e+00 -2.257389055947545575e+00
4.096924175794846690e+00 -3.650861153876645560e-01 1.708483369443040356e+00 -1.460712511264874003e+00
-2.680569757546042986e+00 3.118663745361969220e+00 2.010199362241632759e+00 -2.895362502869147647e+00
-4.781731246835168925e+00 -4.557453759837787999e+00 1.014352895608536365e+00 -1.989307945477607253e+00
1.265970373532173454e+00 -5.782924751629573201e+00 1.542458258628654599e+00 -2.263348859160447368e+00
-4.659776305099822657e+00 -1.563697343533263506e+00 2.998591109625350359e+00 -1.999626678922807654e+00
-4.034132823301757043e+00 -5.312967597166267097e+00 1.357592031818520617e+00 -1.645423351672443246e+00
-9.265038443415782865e-01 5.814139812678737584e+00 1.638586692513118059e+00 -2.535764655359027842e+00
2.699457390403901869e+00 1.061238599515991865e+00 1.626486135896262564e+00 -1.559114741573081275e+00
-6.866788429290160423e-02 1.807832718914887948e+00 2.066695360902486733e+00 -1.765730488312050595e+00
1.569927287674165228e+00 5.504121185558245699e+00 2.702613517381012187e+00 -2.000618383315155846e+00
-4.754641696778673321e+00 -5.094390178342235842e+00 1.072907690079648813e+00 -2.015746203939049686e+00
4.868995373149189732e+00 1.386415662187388875e+00 2.971019677570195139e+00 -2.028594642135698400e+00
2.476562192906673232e+00 1.839941325529785843e-01 1.887099871993847433e+00 -1.226384236196320199e+00
2.344875764169117360e+00 4.885137321055898596e+00 2.704421891574793513e+00 -1.879838601350203975e+00
3.507126184802933366e-01 5.989094617697782397e+00 2.099589702190768126e+00 -2.898807704621322756e+00
5.179296783383721348e+00 5.932338917957590496e+00 1.693094588485256846e+00 -2.422706437983773942e+00
3.304875565486078415e+00 -2.614498807925597745e+00 1.918229301510248286e+00 -2.852776838558860106e+00
-5.242394220185763842e+00 1.139347201864112868e+00 1.216262373680840891e+00 -2.211409649700239566e+00
3.699832526177255332e+00 -1.079622995133785679e+00 1.532926310369872036e+00 -1.599942585935882899e+00
-2.249650887876892824e-01 -4.809311550688737391e+00 2.222025381698425228e+00 -2.094332450280148805e+00
6.133032042102835035e-01 4.173388134199713662e-01 1.766703995568145835e+00 -2.747564342273441262e+00
1.054568237923967366e+00 -3.670482903090255711e+00 1.561177125784668940e+00 -1.573838948062221021e+00
7.936069556251403867e-01 2.334192910163386259e-01 1.835105274696268163e+00 -2.682260685940918155e+00
3.320146258920091853e+00 -1.377780437560550020e+00 1.825691755540043593e+00 -1.811229975780289436e+00
-2.653327273961559651e+00 -6.497760496792777118e-01 1.716193922536970007e+00 -1.296820597726504376e+00
5.935379480918872019e-01 -5.776030519763539317e+00 1.728353673682471836e+00 -2.724624967972824052e+00
1.873424449810778825e-01 3.354623238460710866e+00 2.039377206310637902e+00 -1.039707128433106975e+00
3.597827128369480931e+00 5.213565031107982861e+00 1.613611370479376195e+00 -1.568684921430476775e+00
-5.893091636212575146e+00 -3.364498052134714090e+00 1.915934849961693276e+00 -1.098008585000328940e+00
-3.139809345643925109e+00 1.866418979473543516e+00 2.001705948795939438e+00 -2.291335085891936352e+00
-6.204893611256669494e+00 -4.760470340006666135e+00 1.921878650431779301e+00 -2.047915608374092145e+00
5.136859108101647919e+00 -4.141216388939927384e+00 2.766611084749071026e+00 -1.777352605861445500e+00
3.537824442375690381e+00 -5.312363184460789256e+00 2.318539637761229066e+00 -1.479124615106218066e+00
-1.540933710522018885e-01 -4.206453721252296774e+00 2.134256012557439242e+00 -1.521116543211874061e+00
-6.181683108555517947e-01 -3.373478535945571899e+00 2.133186806164981242e+00 -1.206870763216934428e+00
-5.308135105615425786e-01 6.176249252383209765e+00 1.945968333899935621e+00 -2.857469341070785429e+00
8.465833757662837300e-01 -6.244908362642910937e+00 1.971336760908674490e+00 -2.662060834612455462e+00
-2.629571859513013088e+00 5.578842535415065029e+00 1.682747688774448802e+00 -1.335689249130685097e+00
-5.564314562177133716e+00 4.689157670375125875e-01 1.702395167138405441e+00 -2.671318726496789253e+00
1.222288235974092530e+00 2.493519942216318341e+00 1.432638543017754618e+00 -1.727742787810880865e+00
4.970014231072740429e+00 -4.856434866800401373e+00 2.956982865904665303e+00 -2.036573929162456498e+00
5.542994837235967864e+00 2.292354583788203115e+00 2.506345667464750182e+00 -1.512285467446422560e+00
-3.924569045595513561e+00 1.578832336052123253e+00 1.294630517786724999e+00 -2.005695999928586382e+00
3.603184530304240241e+00 1.351938237719641833e+00 2.434750004048071403e+00 -1.805607162574579316e+00
4.884580692061529561e+00 -5.988744530277758216e+00 2.285913075391013294e+00 -2.163968281376228209e+00
2.429638526598292714e+00 3.665875558447437399e+00 2.327044225382939757e+00 -2.655397156946647463e+00
-1.417412669055389429e+00 -1.980404958276241523e+00 1.093492283337587079e+00 -1.939154140917286329e+00
-5.431082843177017061e+00 3.152979391656208108e+00 2.008570229199611479e+00 -1.341640534665395901e+00
-6.013386722047136423e+00 -7.169808700138178281e-01 2.175144832762295977e+00 -2.726524302374295772e+00
-4.175425353320370903e+00 1.314575375003887103e+00 1.168785247395515148e+00 -1.870364821824683998e+00
-1.138065911916545936e+00 2.503143554232504897e+00 2.541018475253958186e+00 -1.663252267951787378e+00
-3.056079495790754219e+00 -5.671144562799295130e+00 2.049070784508129073e+00 -1.184513498473197313e+00
-3.893941317659244117e+00 2.811305752706893202e+00 1.778377989050864638e+00 -2.690624283758410229e+00
1.586347642674661884e+00 -1.636899746482463058e+00 2.997695309234245542e+00 -2.001027205253625763e+00
-1.462976740753285654e+00 1.456723901578285130e+00 2.987731630512634240e+00 -2.012248820552185791e+00
4.959334402687938237e+00 -5.471117559230403771e+00 2.703695875498543622e+00 -2.168176748647386187e+00
2.069316374133896019e+00 1.766014401493420038e+00 1.138391669205015333e+00 -2.092747152443434011e+00
1.979010299973424480e+00 -6.075795522543245397e+00 1.811012736210707574e+00 -1.611535713339778075e+00
2.770283060543439646e+00 4.575953882075179280e+00 2.359464313396931523e+00 -2.126743385386348884e+00
3.234287136929678397e+00 -1.253554555411351856e+00 1.912057086641433923e+00 -1.689392048304468652e+00
-1.060069818800778663e+00 5.592529942300787482e+00 1.444250746235717475e+00 -2.376789674496756266e+00
-2.859207975022050263e+00 -4.751173938445709233e+00 2.278437114868274271e+00 -1.962760509162339684e+00
-2.020359388813331769e+00 -1.741670724405842918e+00 1.112479396871232318e+00 -2.073896403760449036e+00
3.903911530832351318e+00 1.349956519677292910e+00 2.673828361511951357e+00 -1.841575678590839038e+00
-2.046058591467462939e+00 2.347083457737499046e+00 2.634442375328692965e+00 -2.320590743438798675e+00
1.851525391157693434e-01 -5.778044319940716100e+00 1.910910044741705116e+00 -2.860149096594994944e+00
3.791451069094929238e+00 2.086056214399098607e+00 2.526513756402539723e+00 -2.392321275468533237e+00
-4.712482414030313649e+00 -7.765192457481120414e-01 2.700800645478628859e+00 -2.000066651560863829e+00
1.729261328019678245e+00 1.065154900247427427e+00 1.136097488843050840e+00 -1.923565346636763040e+00
