-4.663049668911513734e+00 4.862692590000024850e+00 2.987522444744163064e+00 -1.992615011242092615e+00
-5.316122073181275276e+00 -2.071173191651958234e-01 2.169287115378070840e+00 -2.555586154733997972e+00
-1.919720231115583431e+00 -1.359719771604684269e+00 1.081115521883862174e+00 -1.928370388811341485e+00
4.682866246035832347e+00 -3.004562673003345896e+00 1.863457983291459508e+00 -2.029241742179430208e+00
3.149069932239491720e+00 -1.110672212489289379e+00 1.993300440272024909e+00 -1.555953097073475844e+00
2.890146645225621924e+00 -1.189110627833997569e+00 2.230900281736996948e+00 -1.639227911307430396e+00
3.745366975381628549e+00 2.283811505174870859e+00 2.429444813884874321e+00 -2.538468527938535502e+00
-2.363168882688312600e+00 -3.482595973472248474e+00 2.234824666494064971e+00 -2.671022717080346887e+00
-5.260430110020104522e-01 -7.373761528186841829e-01 1.662403817591494137e+00 -2.640155956677419979e+00
-3.943414989485725108e+00 -3.501035510362544567e+00 1.747221844366749544e+00 -2.650957433163289245e+00
1.021305038435809998e+00 -4.427313597038175175e+00 1.181627919738655663e+00 -1.853126764126855397e+00
2.287169166986444679e-01 1.418325449707504404e+00 1.775902272435119666e+00 -2.147925542014877731e+00
-6.644420883848143333e-01 1.728915129596110489e+00 2.608927823382752642e+00 -1.876037298774510864e+00
5.271373990595645154e+00 6.031384473747463559e+00 1.788773519495442832e+00 -2.513602308128419782e+00
-2.886144662546531681e+00 2.863727056695058337e+00 2.069310764173316386e+00 -2.930437971823599330e+00
-5.062974688436875148e+00 5.125515883208485945e+00 2.860159130423625573e+00 -2.137885806432293201e+00
-2.279929784448087915e+00 2.266328176949791384e+00 2.582637691574087402e+00 -2.417269807988734254e+00
2.595894318578640281e+00 -3.547953347314400929e+00 1.794849402553607476e+00 -2.785157609144063073e+00
-2.720382404872440762e+00 -1.029069995076631550e+00 1.649676170840900902e+00 -1.529451607856776363e+00
5.942881569818020182e+00 -1.791654668532219219e+00 1.674334005308270257e+00 -1.793495578200783536e+00
4.033719890969331701e+00 -6.736276420374256446e-01 1.514408821274188632e+00 -1.509367395251961064e+00
-5.671325002628253564e+00 3.182309197219932884e+00 2.023380765417081228e+00 -1.182097550852162726e+00
-3.256841604158142722e+00 -3.563103143985592691e+00 1.952951450568888969e+00 -2.906418812421283526e+00
-4.436599300541655744e+00 -5.484545018646885595e+00 1.310664623153625197e+00 -1.810016551726501888e+00
-5.023697095689596992e+00 -5.396155197496890210e-01 2.489109421254473098e+00 -2.262780246908850934e+00
-6.372199358330092878e-01 -2.460827653938264969e+00 1.625537453194343396e+00 -1.375410483295335329e+00
2.955535248274317794e+00 -5.066710954605063932e+00 1.826505164470994869e+00 -1.659033483761763739e+00
-4.235439596227760006e+00 4.021520534049290774e+00 2.684683213185871775e+00 -2.292523225517922647e+00
-2.427695888066221386e+00 -1.771917590758741667e+00 1.358414375920300898e+00 -2.150987956877845164e+00
1.438405923852242196e+00 1.976927810860471979e+00 1.089383007176145224e+00 -1.947850702383523425e+00
3.446122176373439316e+00 1.115134827060323630e+00 2.269251294989452106e+00 -1.580191402448910098e+00
4.985847759630333442e+00 -5.730573730438305091e+00 2.505407499878387068e+00 -2.229866158968456524e+00
-6.047065711126499821e+00 2.469071043404564847e+00 1.854269813733096850e+00 -1.239451858403669782e+00
-4.580768007526780039e+00 -1.503752433291788648e+00 2.989123289630852831e+00 -1.991207664713853021e+00
-3.769954853747511603e+00 -4.903593119469630501e+00 1.422891796048644686e+00 -1.846258295530858184e+00
-2.556549372374851359e+00 -4.882084529124099959e+00 2.544303282121022747e+00 -1.859204839545281596e+00
-8.059451184917563182e-01 4.518626056270223401e+00 1.292016035159096798e+00 -1.866670761146961510e+00
1.141940796594720808e+00 1.969928868000328848e+00 1.162041318560783854e+00 -1.838400376956955018e+00
2.084247141019320182e+00 -2.377054952637743135e+00 2.602947055126186626e+00 -2.354490144159564924e+00
-9.593820861349424689e-01 -3.708038309183052217e+00 2.439417623067349439e+00 -1.515628946048234837e+00
2.816973601405642569e+00 5.214676493912179467e+00 2.279552470287854682e+00 -1.543712310418546396e+00
4.130024593279175704e+00 -2.628370684314717654e+00 1.589945332647226373e+00 -2.479142007124488067e+00
3.625969846753848813e+00 3.987800885058168987e+00 1.651328625442853415e+00 -2.586578852975669918e+00
1.964495559211245634e+00 5.681792704790270321e+00 2.522506179380623603e+00 -1.683697212431101820e+00
-3.950415231684452522e+00 -2.798024671670973795e+00 2.243701555565411621e+00 -2.650005814343729948e+00
-4.213577498607545380e+00 4.387781397015499962e-01 1.626931572527321679e+00 -1.566934284003353106e+00
4.800873950981221938e+00 -8.409735770517761111e-01 1.257623171092094871e+00 -2.058919295870341504e+00
5.077371585847187063e+00 2.859439825254375123e+00 2.260084197101296599e+00 -1.657180705989140801e+00
-1.649648157811076210e+00 4.854447604099979330e+00 1.013149263842698655e+00 -1.988847620533629623e+00
-5.973063259923010015e+00 -8.421453008861261580e-01 2.227682822014156461e+00 -2.634099661057379471e+00
-2.948202606878399301e+00 -3.688361820988905748e-01 1.930710852663838351e+00 -1.084640382228483357e+00
-3.199810011557497447e+00 4.503003572152453060e+00 2.056913661864598009e+00 -2.207506626452416576e+00
-1.235104140795064254e+00 5.701056940033119247e+00 1.480885627103059488e+00 -2.275165005801837115e+00
2.012800034746033973e+00 4.374986708970320493e+00 2.852932715557232601e+00 -2.141601540509358692e+00
1.833359495248821247e+00 -1.989280157561491791e+00 2.882391463500572737e+00 -2.105477516625812839e+00
5.773409633506014771e+00 5.319411377808023644e+00 1.599196357050461703e+00 -2.497897163325516701e+00
3.502189633911475752e+00 2.931597722126996430e+00 2.073549758280001765e+00 -2.915131171407970179e+00
-1.165641817767911093e+00 -3.983121124137045665e+00 2.685294738827281869e+00 -1.737361268926391311e+00
-2.854804169599198360e+00 2.981730571536999719e+00 2.045028357829403731e+00 -2.946927294866165781e+00
-3.364845007351741302e+00 -1.218611193743684318e+00 2.207813010293409484e+00 -1.663611136099014232e+00
-5.022854458296198921e+00 -4.196566804537535944e+00 1.171700564809082135e+00 -1.849311124940212991e+00
4.179824252846294996e+00 -1.181963641272615995e+00 1.202801948935444232e+00 -1.807509730334239118e+00
-2.974178730046641128e+00 4.754769007224910027e+00 1.833516630964782124e+00 -1.958224996507954341e+00
2.183923014452595623e-01 -2.925362714034810185e+00 2.046484246467600965e+00 -1.046486584371161932e+00
1.683864731330286801e+00 5.306759506974463747e+00 2.823210828207326273e+00 -1.936817950066379801e+00
-5.414670448451612828e-01 -6.675637592120260422e-01 1.680932846260396074e+00 -2.672993184246959419e+00
4.495275324084746060e+00 -6.488120330914419753e-01 1.409945328239924134e+00 -1.828359295032109921e+00
-5.960698081134536253e+00 -5.260664771247216542e+00 1.729527126489990518e+00 -2.494347854531596909e+00
2.419423315889083881e+00 -3.243358839938642380e+00 1.932847172033578920e+00 -2.746491317451765113e+00
1.752663331583647732e+00 1.755586139658406708e+00 1.033236595981375405e+00 -2.033232324580895423e+00
4.471156666333282459e+00 4.639881157957033153e-01 2.434559933306306156e+00 -1.786358237597906573e+00
-2.092206889390706870e+00 -1.324666939086567297e-01 1.885471453838326594e+00 -1.506260075986819214e+00
1.129842084799808966e+00 4.307461094525031342e+00 2.831211169598359945e+00 -1.831860048580424394e+00
3.964989244303732008e+00 -1.238692921244236800e+00 1.306618341536939454e+00 -1.778384855631560013e+00
-1.072389689589503980e+00 1.849727706026012441e+00 2.844397482228010254e+00 -1.868385653006896518e+00
-2.829650474662135373e+00 -3.037769820170703738e-01 1.908195822360597482e+00 -1.091837512674491251e+00
4.615494791768968597e+00 -9.598939449471455276e-02 1.904607498651873954e+00 -1.903702704654319122e+00
4.596679235730869451e-01 3.154431071757032967e+00 2.005695614488420819e+00 -1.103873984231127814e+00
-3.359908300376878820e+00 -2.505622733656673873e-01 2.053702110598275787e+00 -1.054221988009458766e+00
2.480963133272828358e+00 1.439197521426563320e+00 1.391691649014227927e+00 -1.896388446876679845e+00
9.079442257618781653e-01 6.274112311219768756e+00 2.007151603387008265e+00 -2.615342164763249766e+00
-2.382824816326356121e+00 -2.669794523400604191e+00 1.687299131030825405e+00 -2.646405124604424230e+00
3.767346194174027829e+00 -4.058865055118127785e+00 2.465020816641022350e+00 -2.492787632067412940e+00
-2.603826994425694430e+00 8.624247986254207632e-02 2.044120235952676889e+00 -1.144336708394548596e+00
5.108927078519146292e+00 -2.656908271158448187e+00 1.570225304855443760e+00 -1.658257487466985758e+00
-3.032465450617610525e+00 4.725292731919209288e+00 1.891098329857477500e+00 -1.987173361959434725e+00
-5.722570595660948278e+00 2.644665071859884975e+00 1.746520968525474560e+00 -1.255506371336490901e+00
-3.148880632615539188e+00 -2.232622606648139829e+00 2.005749225804396296e+00 -2.614542254648603237e+00
-1.651414543807210755e+00 -1.152299638061630382e+00 1.089266699719827924e+00 -1.967273254598951304e+00
1.109825580505052756e+00 1.336022386861390743e-02 1.988034657377453440e+00 -2.444778038879607873e+00
-3.897486085847319703e+00 2.626817064206342422e+00 1.662285084841744087e+00 -2.633356738683370502e+00
-4.006775184846064874e+00 -4.935935346282763092e+00 1.257727332703895140e+00 -1.856234335416763859e+00
5.804863733079393739e+00 2.207774942218724945e+00 2.370025313050603266e+00 -1.471982429050579189e+00
2.175052419489720279e-01 2.747340247106469846e+00 1.917109506086778437e+00 -1.098469653396481949e+00
-7.843022343487078274e-01 2.214728350293226455e+00 2.564882460658658214e+00 -1.575027233120604553e+00
-3.249429454090185576e+00 -5.417966003829151056e+00 1.918069591613260849e+00 -1.355293632815731009e+00
3.631042704871649818e-01 2.643170546739046500e+00 1.830210725703177221e+00 -1.178930770836981612e+00
3.559228922601226586e+00 -4.519068465162435544e+00 2.398045367425513774e+00 -2.175606056644216135e+00
-4.626964522025678761e+00 1.347735381987044789e+00 1.028331219797767648e+00 -1.981125738023411076e+00
5.689947772599243336e+00 3.063657415044049870e-01 2.168606509695696349e+00 -2.790527193559164676e+00
-8.947793404148196572e-01 5.041152512838163346e+00 1.261707783672324279e+00 -2.202018736878281313e+00
-1.508882372953379125e+00 -4.109814491152904203e+00 2.822300616141174778e+00 -1.964931726882697793e+00
3.957985510866441459e+00 4.443544578971719616e+00 1.297495086259523811e+00 -2.181909254901712725e+00
