-2.899871248305450511e+00 3.907344690109246343e+00 1.834094598127550046e+00 -2.699903993343734321e+00
2.401344477820311241e+00 4.334914632104888810e+00 2.626987371720897801e+00 -2.272118480656850181e+00
-1.501406864015653042e-02 -2.833937270362032468e+00 1.995453536340585865e+00 -1.047061219664764398e+00
-4.374843736904169944e+00 4.738232802605324423e-02 1.955308162448760267e+00 -1.669199828402939012e+00
-4.077779568995657300e+00 -1.624854724080897483e+00 2.804126936855475094e+00 -2.032033617175075690e+00
-3.382411242712822563e+00 -1.448459784189576993e+00 2.236715192671363095e+00 -1.881489839950885923e+00
7.497444337467218389e-02 -5.050430261125420373e+00 1.929334902288397657e+00 -2.330708196869432758e+00
2.835848130742885331e+00 -3.024661382397215714e+00 2.035116540853401101e+00 -2.947111130679063606e+00
-2.676011579431882836e+00 3.075626987322380046e+00 2.029593291612098227e+00 -2.891617401491274997e+00
-5.509841863047078903e+00 1.076321735562409287e+00 1.385139757482479972e+00 -2.339591865591194697e+00
4.253786533284634075e+00 3.325836395274286872e+00 1.835726873869411024e+00 -2.435202809223816711e+00
-3.260089503039908188e+00 3.708328835689638225e+00 2.063469971303808048e+00 -2.837741564597679123e+00
-7.125665528257840720e-02 4.982621336866349893e+00 1.931387425507956612e+00 -2.266277920221411613e+00
2.484728876092795247e+00 3.054075122845935297e+00 1.946626817904332896e+00 -2.788880399334026539e+00
5.521706957570890140e+00 3.810590577204896690e+00 1.572066648655611409e+00 -1.432206618998040248e+00
-3.025322976660901553e+00 -1.047545568043881659e-01 1.987869858803199552e+00 -1.012196439459951858e+00
-1.174705375877347358e+00 6.036075597605741194e+00 1.774335560861570293e+00 -2.374095175142920233e+00
5.372491328342457351e+00 1.992708666816795926e-01 2.156370235757914866e+00 -2.601063240047449376e+00
-5.500558274730885877e+00 -6.109315968072816183e+00 1.878013770378355707e+00 -2.698372832608752603e+00
-4.941537556804466824e+00 -4.927114599348808355e+00 1.048504652142994598e+00 -2.048400643095141138e+00
-3.903083460360656787e-01 -1.556770575693117387e+00 1.619563834003646452e+00 -2.012970474143572108e+00
-5.321904672976620176e+00 5.961378172662842090e+00 2.259327177087453009e+00 -2.543082893198072902e+00
3.293844796343197601e+00 -5.284783425969088455e+00 2.127490244379774964e+00 -1.464619371548531834e+00
1.556031919169862832e+00 6.202900559962012395e-01 1.418792147426692463e+00 -2.012013508022660435e+00
-5.366882085104287547e+00 9.354799223438128308e-01 1.361439983493013761e+00 -2.361256116211225553e+00
-5.580899325488172913e+00 1.832258664876038168e+00 1.375989970885469482e+00 -1.802674484317235759e+00
-8.694040742623103668e-01 -5.658333047266520310e+00 2.446890328281103866e+00 -2.523355609516238829e+00
-4.658430686341947791e+00 -2.033522751514572846e+00 2.893536433176351785e+00 -2.024074728252827526e+00
1.083885964107559552e+00 2.444475783985563311e+00 1.432602775667078276e+00 -1.641264641215670617e+00
2.589378370297056975e+00 5.658155453225170106e+00 2.306939327791064365e+00 -1.309589210315869057e+00
3.075648404876000441e+00 3.658840200129819920e+00 2.032585118101096544e+00 -2.867294330034008354e+00
-1.713627356111118161e+00 3.782409557663768851e+00 1.408237447281668553e+00 -2.114105546551689585e+00
6.695077233874062728e-01 -3.686111779403884459e+00 1.678524937950851559e+00 -1.329275973289813173e+00
7.208998528820806939e-01 4.810231166794272539e+00 2.656904026681005337e+00 -2.073383017292756758e+00
-4.457417837680708317e+00 1.274750313660756973e+00 1.074425513561681811e+00 -1.926417940332990630e+00
4.516763460899165139e+00 -2.697523046668024449e-01 1.738590302215103023e+00 -1.812649220978361786e+00
6.387812390757190428e-01 -5.997949019702961237e+00 1.832233834309623166e+00 -2.770385091179228709e+00
-6.118781868643245581e+00 6.187236630654721736e+00 2.015679245652823859e+00 -2.981978641946005482e+00
-4.049325104226618066e+00 1.252794757336572751e+00 1.251404120073501547e+00 -1.807541501065482947e+00
-5.470477932417858291e+00 1.787943422539346017e+00 1.290901640244579651e+00 -1.851874300970767440e+00
-5.154839962967185940e+00 2.702992662734040152e+00 1.616221450080903788e+00 -1.612370467872609847e+00
-1.012938144252556683e+00 5.820955064384913058e+00 1.621663980381701231e+00 -2.473818277810291288e+00
-4.106375667226345172e+00 3.587604047173620359e+00 2.354554390358894800e+00 -2.513874492029183116e+00
1.046928403520002604e+00 -3.832067566563162053e+00 1.448511219202531342e+00 -1.614348501562312466e+00
4.919163568746558468e+00 2.693314351768433923e+00 2.424182079024847614e+00 -1.814980892097248999e+00
2.712852953831500713e+00 2.048099639721783660e+00 1.630737772759251802e+00 -2.417806753724161872e+00
5.202166630374909673e+00 2.682956505966755500e+00 2.390677672818816379e+00 -1.578185858039317324e+00
1.899064741637861431e+00 -9.570669059319696359e-01 2.773852708040143611e+00 -1.814320772632544543e+00
2.498320121488548651e+00 7.803124757137567258e-01 1.578027737420887311e+00 -1.431347549582181022e+00
-4.311927168066827853e+00 -1.337797658773855147e+00 2.895997368362697610e+00 -1.909986582137507716e+00
-2.783610902039332480e+00 2.006396287182873550e+00 2.317664692858894426e+00 -2.395204988902907672e+00
2.112844269476283898e+00 4.073132741328869599e+00 2.687498819685306017e+00 -2.307780173207648389e+00
5.770906421337720360e+00 -1.145510427893720262e+00 1.553498624500433856e+00 -2.359618071009234264e+00
-3.455066990931168203e+00 -4.681931259328039552e+00 1.691777503402455807e+00 -2.028968974358334787e+00
-6.575050296305589015e-01 3.930330640122218000e+00 1.566415105022911813e+00 -1.442183588210198542e+00
5.478587947394800040e+00 -3.141569480108288737e+00 1.999983302312908773e+00 -1.306598585950248914e+00
1.502690952749883735e+00 1.000995337244543926e+00 1.159943655750526936e+00 -2.036712035079776939e+00
4.760249239661202836e+00 3.094691487872108127e+00 2.046830286639982344e+00 -1.952210619948228532e+00
6.640644911661128802e-01 -1.953423519394252850e-01 2.119629706409854819e+00 -2.772516579313446972e+00
-4.115257012717908225e+00 1.668018739118736882e+00 1.176953546437959464e+00 -2.054579466217280714e+00
5.921553186757057219e+00 6.999417198748378866e-01 2.227909258165094997e+00 -2.715407786919254107e+00
-1.351237785853086848e+00 -2.430925382021159376e+00 1.363320606497504306e+00 -1.834924474665314165e+00
4.856706303273634617e+00 2.039419833637188262e+00 2.882915905064626472e+00 -1.935043865198499136e+00
-1.404616187975095798e+00 1.619253880489841535e-01 2.158997729116441278e+00 -2.163252467050045258e+00
-4.551415118534393400e+00 2.339765230695691756e+00 1.290662596882842017e+00 -2.111457541693838369e+00
3.821635626373375061e+00 -2.536639386386951855e-01 1.842194542542918478e+00 -1.247336195036559792e+00
-8.102725881102799121e-01 2.169243081972012988e+00 2.598569762693144991e+00 -1.611675509746810731e+00
-3.923034610315149884e+00 3.005091063309873078e+00 1.904159687348254248e+00 -2.703295304470207050e+00
-9.348785366146339371e-01 -2.068142399796411013e+00 1.292940021936046513e+00 -1.716645684901703328e+00
4.279616817048509603e+00 2.390980841825800951e+00 2.619202451016438449e+00 -2.306687305092509188e+00
-3.493980276908877691e+00 6.126232258505082129e+00 2.053948592017351249e+00 -1.072985221126123268e+00
4.262425674132183318e+00 -3.294580399446368713e+00 2.137223058828679800e+00 -2.429852560786685878e+00
-6.093423394115975888e+00 -2.749702534113287467e+00 2.072042696909407233e+00 -1.092401147581419707e+00
-3.130457512863422664e-01 -4.030178602010304978e+00 2.239030968563147539e+00 -1.400132566567179548e+00
6.133805753432918451e+00 5.325292568472624666e+00 1.878264256020053757e+00 -2.568838807529943757e+00
-2.329139109791697138e+00 -2.666516390645400136e+00 1.667933705199039052e+00 -2.611559770265730496e+00
5.846229335463300814e+00 4.430861608551849073e+00 1.593476385124212413e+00 -1.748279931849676228e+00
-3.385578737436594210e+00 -2.938124304048229440e+00 2.048813925701530536e+00 -2.950365343193023016e+00
-4.694327270194648349e+00 2.740329758850093000e+00 1.609482472481422288e+00 -2.016626136817188275e+00
-2.483120351867498243e-01 -2.975843149449028058e+00 1.959450322747286366e+00 -1.043956027390287034e+00
-2.613403132764454018e+00 3.947932784421482211e+00 1.636254887128397062e+00 -2.597819770997702893e+00
5.061096433192847854e+00 8.232308556935024058e-01 2.689209831425098507e+00 -2.232295270516333918e+00
-1.485030343288891608e+00 5.379967380998817106e+00 1.217563425990830783e+00 -2.053031454661888411e+00
1.912892205657625411e+00 3.448805029943832423e+00 2.284879572973954609e+00 -2.319756001197217810e+00
-3.185129235888843446e+00 2.928136413153323403e+00 1.990780169010903489e+00 -2.976378525164605549e+00
2.700345561846084763e+00 2.581722560808183076e+00 1.773194676191547581e+00 -2.766167214333451696e+00
2.377311192222062886e+00 -3.678350647417190089e-01 2.248847186055478176e+00 -1.326408172247650841e+00
-3.652122200311803901e+00 -4.712449593791660618e+00 1.511360663490406875e+00 -1.999947115658758490e+00
1.874199377252715237e+00 3.299959354955896984e+00 2.150502402098119603e+00 -2.295030799354107476e+00
4.264489431586651946e+00 -2.958046724802911864e+00 1.835486634646732229e+00 -2.425798762352505911e+00
4.668275238292492801e+00 4.457046132389930193e+00 1.033364553293053767e+00 -2.011138510032161708e+00
-4.669549259931944363e+00 3.451872167421772275e+00 2.305044685366328228e+00 -2.040781572777911723e+00
2.239820310905932033e+00 -2.194323077119202381e-01 2.170750684734246150e+00 -1.394651491208047434e+00
2.399720675405017545e+00 3.609997264607551770e-01 1.761347111985898772e+00 -1.310312141690202603e+00
-1.662493342982779509e+00 3.354990390737288664e+00 1.789107961079376974e+00 -2.089491515120654341e+00
-1.930173127089650720e+00 -1.488590814462188661e+00 1.067045057843816203e+00 -1.971121619331781094e+00
-5.711449299839884475e+00 -2.404729706020019897e+00 2.363597024733912644e+00 -1.377199527563679471e+00
-3.117335756290607662e+00 4.027088136374750604e+00 1.981221456182648666e+00 -2.632719771337654890e+00
-5.568503463890840166e+00 -5.632718319825683828e+00 1.603131060440689648e+00 -2.601069994967190713e+00
2.316003067838112273e+00 2.293594836832985706e+00 1.448820448878659573e+00 -2.448569394975650404e+00
-4.359408417157099258e+00 2.526613751629646742e+00 1.458629152365823023e+00 -2.282359635810402132e+00
-1.360843974759727182e+00 -1.388340566371910612e+00 1.038193582474822962e+00 -2.037815575017019931e+00
6.208631941827130518e+00 -5.107238036307953699e+00 2.068753097742347169e+00 -2.383600324565243067e+00
-5.927631514102731813e+00 -4.191168314620352220e+00 1.698115197040192648e+00 -1.533205087161936486e+00
5.362393098998355256e+00 -3.127863426653273660e+00 1.989070762442417095e+00 -1.394867351219413631e+00
3.073878100577811523e+00 4.665355097819945840e+00 2.067587989152551486e+00 -2.046908792826895862e+00
5.776850889108587239e+00 -2.147220038529449759e+00 1.593388743321846324e+00 -1.523356821279877149e+00
-2.830191637520425907e+00 -4.807080607048256127e+00 2.305019962203239015e+00 -1.909997186680396641e+00
4.956993417652197920e-01 2.731869922272299078e+00 1.810523654322776732e+00 -1.193170058288004709e+00
2.041341716300122400e-01 3.722669771876514488e+00 2.111277654838855433e+00 -1.181483436816613386e+00
-4.319533778228351828e+00 -9.649456679189389874e-01 2.759396464371278945e+00 -1.781994369136605805e+00
2.214884420879878135e+00 3.697455973307370414e+00 2.421955555799171211e+00 -2.510065923482564187e+00
-9.535877207110825537e-01 -3.957811361026155161e+00 2.594139385863160285e+00 -1.603559681172562534e+00
2.939638285775076909e+00 -3.759396481615286500e+00 1.883812242438943629e+00 -2.798585739005506667e+00
-2.641665061057443253e-01 2.128477217682801736e+00 2.221543412389198835e+00 -1.489138497626394830e+00
-2.001967547408876058e+00 -4.248624321768170731e+00 2.812518861816321714e+00 -2.186950019104505039e+00
-5.619761177419686504e-01 2.447842092771191247e+00 2.340723806312069222e+00 -1.349393501922827365e+00
-3.752585790370384977e+00 -5.111401669594393127e+00 1.471384314029711149e+00 -1.681780742751244118e+00
3.032983638804344295e+00 1.542610592732519770e+00 1.891647436973151075e+00 -1.971984050717707104e+00
-3.543895352691781575e+00 -5.405665256572058652e-01 2.201494119961414420e+00 -1.211037345223230366e+00
-7.438054414079671162e-01 -2.630864785163614439e+00 1.669028464059480354e+00 -1.358011368309782085e+00
-1.066869823086929792e+00 4.315503375995042745e+00 1.192374895957247549e+00 -1.813348513189493749e+00
-5.981820085198156889e+00 6.825247488442283128e-01 1.812776905425552698e+00 -2.741010824554280134e+00
-1.941286375198211012e+00 1.978022699142892193e+00 2.855921487214128973e+00 -2.143403809921699210e+00
6.383452701842253774e-01 5.027126589052533845e+00 2.566596960619831336e+00 -2.248607934418917598e+00
4.388846976008249356e-01 -5.865064273187670096e-02 2.024908139186514244e+00 -2.903669655212024914e+00
5.478224646865230696e-01 -5.071428365248760173e-01 2.252957391812914878e+00 -2.746215306209999429e+00
-4.147027740277341223e+00 -7.111900072898995617e-01 2.551166902587723051e+00 -1.594145547427978649e+00
-1.724257817743482413e+00 -2.301363893020560880e+00 1.263957142408021816e+00 -2.102002227527607126e+00
4.626525872818273655e+00 -1.509241904833966252e+00 1.005570870804409545e+00 -1.994724570744759173e+00
7.289008087461645857e-01 -4.090232341758220258e+00 1.458752013475938192e+00 -1.565293586219119515e+00
1.218978692283793741e+00 2.060776654002909325e-01 1.807911394537000671e+00 -2.337313199353294291e+00
4.441096400189612936e+00 -2.995527890511953562e+00 1.859777359173391043e+00 -2.265123410586809882e+00
2.406177366879166613e+00 -6.266565851572702073e+00 1.988850600773311550e+00 -1.258550204832657560e+00
6.629673121358283794e-01 2.516440052281119222e-01 1.846753023594470244e+00 -2.763345561083923485e+00
4.127197256505887424e+00 5.354752095530560752e+00 1.332546288198187323e+00 -1.669087550692655908e+00
-3.139218333500331859e+00 5.482111645320401294e+00 1.998294993549555976e+00 -1.304065851576091228e+00
-1.739628493442268109e+00 6.024121344070721307e+00 1.747466529821846137e+00 -1.837575934922548004e+00
-2.339617999288630124e+00 6.103444672019902484e+00 1.871509400766926401e+00 -1.315912216129685008e+00
-5.760227732347197538e+00 -1.430345506873980987e+00 2.494526563508448813e+00 -2.121279327295332529e+00
-5.195966224231653996e+00 6.172311411560166050e+00 2.097959809527395247e+00 -2.462094322541148017e+00
-2.199486599176996293e-01 -5.278725082760528764e+00 2.184115691964124029e+00 -2.523617731318596569e+00
-5.125425579322497427e+00 1.739919917635408098e+00 1.097161363982316118e+00 -1.932438227469473579e+00
-4.216332482430724227e+00 -4.716237308478187451e+00 1.120540163420433943e+00 -1.998168350159586826e+00
-2.786176713672539051e-02 1.929512762368002399e+00 2.026084940877142415e+00 -1.649063596645857777e+00
-6.229571714233295587e+00 -5.721838779199989844e+00 1.971473730681019942e+00 -2.845322724141992943e+00
3.050326541343720166e+00 -3.942156023988190761e+00 1.934584787601931311e+00 -2.693404547166340368e+00
5.999112784991918801e+00 -2.635770751345172691e+00 1.864203058994329476e+00 -1.160282751314821725e+00
-1.990785113512615112e+00 -4.745355520016171447e+00 2.912597385824601925e+00 -1.986560321066472845e+00
4.290405467758724001e+00 -2.594227377465021966e+00 1.525214540906428162e+00 -2.349731949949854570e+00
-2.878750243202121695e-01 -4.322135774435599487e+00 2.262568526784284106e+00 -1.635232040489082106e+00
1.511087300523220378e+00 4.383456269237894887e+00 2.944701137901565513e+00 -1.980723464323453253e+00
-4.927888449229151036e+00 4.880991027578911456e+00 2.963018004928089422e+00 -2.035882512529260335e+00
-4.766737690479049050e+00 6.054250876733686226e+00 2.226604802023779861e+00 -2.052904631523763346e+00
2.178501493403430800e+00 -1.773887117131850211e+00 2.804087992499130877e+00 -2.115166279308456243e+00
-2.449042541051787314e+00 4.114847206137694613e+00 1.472137003389963894e+00 -2.432997527286014261e+00
4.631394117965745849e+00 1.051926807213696691e+00 2.865533534757110701e+00 -1.959878648245322097e+00
5.275621426725274787e+00 2.848802811475735552e+00 2.244041693356001677e+00 -1.488800327023103165e+00
3.519236614716891864e-01 1.069153235202971786e+00 1.697765544471738774e+00 -2.451395162741204725e+00
-5.082257291372577868e+00 5.145352384678130164e+00 2.846341367703466130e+00 -2.151668797154616897e+00
-2.622825165795324320e+00 2.372669655025827495e-01 2.116538712093969821e+00 -1.155899033378968710e+00
1.499510737917624681e+00 -3.638672316517453265e+00 1.524350441960133029e+00 -1.937394525849098770e+00
-1.608742842710732646e+00 -5.896112399121649084e+00 2.377207755493147445e+00 -1.964869277835050720e+00
3.629574271861560675e+00 -1.008082686729510513e+00 1.603446761689197642e+00 -1.528784281974596038e+00
-7.612514722256902289e-01 -1.081912041174213357e+00 1.390980234557247286e+00 -2.340007652652549286e+00
-3.869533645946526601e+00 2.883972249443539582e+00 1.830486089467901589e+00 -2.721909141845669566e+00
5.338299587612301167e+00 5.644009834146235249e+00 1.516551046691531734e+00 -2.470184476506230187e+00
-5.187028730623382877e+00 2.211191767552042720e+00 1.286780082579051410e+00 -1.726925967647994442e+00
-5.701410062332593398e+00 1.776495186486771516e+00 1.462076465078647969e+00 -1.829350366379667747e+00
-2.223136145762094174e+00 5.683477213476495038e+00 1.551489523940694504e+00 -1.498882094488493300e+00
-6.057273990641066419e+00 -1.443557365807865978e-01 2.032222722389685376e+00 -2.964453464222206236e+00
4.776788993978442477e+00 -4.323655523838721315e+00 2.923471542946928903e+00 -1.975608189546036009e+00
-2.281250078398535663e-01 -2.797069823222779750e+00 1.923617874406938322e+00 -1.083148707233325903e+00
-1.075444333478577263e+00 -2.035574667755038369e+00 1.213527062621341912e+00 -1.786940275082564478e+00
-3.707836217463311268e+00 -5.307715574443066409e+00 1.555824963004006856e+00 -1.526746032493349281e+00
5.076970451061814771e+00 2.369281789629374302e+00 2.651928624079227692e+00 -1.744597257448631700e+00
-5.317283881354581965e-01 -6.911404257572186793e-01 1.676814724387213351e+00 -2.664135510226989023e+00
-9.880138161065046276e-01 4.333068338516563145e+00 1.224415613335924302e+00 -1.796211447426489638e+00
-4.056256286200309091e+00 2.737711404094971712e+00 1.688611242078470021e+00 -2.560973541014131882e+00
-1.318705007663416140e+00 4.460737443067854358e+00 1.062109049300639541e+00 -1.937891047403381029e+00
-4.307190652783663865e+00 -5.215650217351743834e+00 1.194921557451084304e+00 -1.809882757801980047e+00
5.377606742820889352e+00 3.339948313805667368e-01 2.257922778130214247e+00 -2.583122508485621971e+00
4.169032818117488048e+00 -5.819168271378255319e+00 2.383087957574887117e+00 -1.537656125725981537e+00
-5.025237013061635061e+00 -5.111901582454139614e+00 1.123466000480389582e+00 -2.119712976570069962e+00
-2.238836523916390320e+00 -3.260718510355858246e+00 2.093297196636191071e+00 -2.615058566244646165e+00
2.282200920427143842e+00 1.467701089866882747e+00 1.246576172859812814e+00 -1.932808466614645004e+00
-5.636429356016788184e+00 -4.798316949938360665e+00 1.399622626421025640e+00 -2.068489846166366775e+00
5.062162703998499325e+00 2.630644256534951708e+00 2.459395634971424993e+00 -1.701082131127954256e+00
-3.815394198904078937e+00 -3.952941128237240864e+00 1.547493156414568194e+00 -2.538048482066727285e+00
5.852865745623342164e+00 3.681254810284091405e+00 1.785643279732080480e+00 -1.220328668312252729e+00
-5.255372517627019846e+00 -2.382068625989961497e+00 2.589539061637912809e+00 -1.625313135633922323e+00
2.255686192161077130e+00 6.010159248293517109e+00 2.208838280329100012e+00 -1.390843749282785646e+00
-1.407794697016307772e+00 3.295384916544367826e+00 1.848843819060629778e+00 -1.839634582414204411e+00
4.556629913143087407e+00 5.926622519623846230e+00 1.655170359419094517e+00 -1.854627325380322489e+00
-2.614669829431888193e+00 4.779409862652276075e+00 1.498253043177471877e+00 -1.942113282794682316e+00
-1.731944794609210803e+00 -2.987625622817831950e+00 1.848627545257964577e+00 -2.158553830056459955e+00
-3.311897534129918608e+00 -5.841283974406437984e+00 1.927519155949527496e+00 -1.109136999663197898e+00
4.353054796375008806e-01 -1.353120387501093091e+00 2.411736429205992849e+00 -2.195820742615448129e+00
-5.601262241018645227e-01 -6.715368026215013941e-01 1.669434811673637054e+00 -2.663235069915758757e+00
-2.790016936491930277e+00 -4.785493833028171551e-01 1.841416885340628085e+00 -1.166633446060260315e+00
-4.462358983217221464e+00 2.068050014633461942e+00 1.148433365268891171e+00 -2.118028921882760152e+00
4.024897991726373192e+00 1.559629218880477453e+00 2.772792477006360556e+00 -1.992913499313692993e+00
4.344833588907688338e+00 2.238385392411121444e+00 2.732864125657328280e+00 -2.222462411538046467e+00
-5.124352196749851984e+00 -4.484533932430690761e+00 1.107347907300004097e+00 -1.909552183658076663e+00
9.147547472257171464e-01 3.706949004737200681e+00 2.424508924172514845e+00 -1.484930092664175083e+00
4.693628664164466002e+00 -2.684865520114724902e+00 1.559064530611610655e+00 -2.016836408906126366e+00
-8.554516723163816394e-01 3.228813979200385376e+00 1.934242928312602583e+00 -1.346615608831553512e+00
-2.961572776582999111e+00 -2.465123590532347198e+00 1.887907447540255301e+00 -2.767186824346105301e+00
4.061645326269394118e-01 -9.758354246874265669e-01 2.327200869282437523e+00 -2.514877657474275274e+00
4.530602769136185870e+00 -3.154890729912546821e+00 2.013078569652296590e+00 -2.180770654747084869e+00
9.672950633647978691e-01 6.264921438524867270e+00 2.015036785971833666e+00 -2.567434071633611481e+00
4.364912540764152027e-01 3.947401442761542256e+00 2.304976917586023522e+00 -1.372402999277457569e+00
-5.902281517028816538e+00 -4.434509525094558313e+00 1.642501323510367595e+00 -1.745343504785480171e+00
-1.101030622934395353e+00 5.508027169991333238e+00 1.375980376597287114e+00 -2.323352149992459204e+00
1.370079265431455084e+00 -1.646779201095044165e+00 2.977096483631308299e+00 -1.984865711297970847e+00
2.427042661206940011e+00 -2.568742375546880119e+00 2.355179767705444238e+00 -2.634797614807457222e+00
-2.579957586088634347e+00 -4.522022229140968186e+00 2.522949864253106078e+00 -2.160152237527465768e+00
4.395160835207816419e-01 4.346330778245150128e+00 2.397310201648617412e+00 -1.676081633694536110e+00
-6.809693778188492530e-01 -1.838401682357798883e+00 1.392861046516517209e+00 -1.794553328083094312e+00
4.970883347475837155e+00 -5.908119705318997106e-01 1.461471436943746927e+00 -2.212293855897182304e+00
5.610761081553663487e-01 5.200253188420619566e+00 2.470020992955943573e+00 -2.396874477725985386e+00
2.519705327034651887e+00 -5.456367047526704539e+00 1.571356303753273620e+00 -1.449568654309272731e+00
-7.997604673420530830e-01 -2.016058992541953643e+00 1.352738503758789568e+00 -1.699857940611517515e+00
-4.146480773422716481e+00 3.281385366195028297e+00 2.117615357589225145e+00 -2.530952141156220137e+00
3.654981458996802601e+00 -1.522111772944310104e+00 1.509449922672200906e+00 -1.957608358173694940e+00
1.761511319420616672e+00 -5.037881137175568291e+00 1.069685588333009640e+00 -1.939383113520379620e+00
-2.821043697482722656e+00 -5.301258043748134696e+00 2.262017194289562827e+00 -1.472870776358687683e+00
-4.112447834117089585e+00 -3.869996470700589164e+00 1.450569002768114846e+00 -2.421321364209135130e+00
7.033350759792611484e-02 -2.782124412172179095e+00 2.024721282350582463e+00 -1.066230340790846221e+00
9.155946968940327224e-01 -1.245519117176926649e+00 2.751345819933893377e+00 -2.194721011972850633e+00
-4.596550043560584164e+00 9.438138931220141359e-02 1.906390260194579689e+00 -1.884934359248131797e+00
-2.575188024804315745e-01 3.566566483393838638e+00 1.894995407913820262e+00 -1.118992452944031601e+00
2.609867061379976150e+00 4.711808346798090241e+00 2.507021355502831561e+00 -2.000500467477703825e+00
1.316055836037115512e-01 5.931607396592522008e+00 2.045191564385255845e+00 -2.930711923643672279e+00
2.889935273864370657e+00 -4.116066674146368953e+00 1.793967914619557957e+00 -2.543913414215215774e+00
2.486944390009606209e+00 5.034007718057161185e+00 2.577659910507880792e+00 -1.749247686255644529e+00
1.298109392601603851e+00 4.812074014473189720e+00 2.958269720871977260e+00 -2.026802737540919441e+00
3.154502178087390973e+00 -2.576878522022563622e+00 1.993091345478838816e+00 -2.844671234813624494e+00
-1.684640295086346384e+00 5.552493862616707077e+00 1.336935411598104473e+00 -1.915401917959321576e+00
-5.358002993780151435e+00 2.313670143392579703e+00 1.411712856523982040e+00 -1.593013150912584441e+00
7.106966650798796081e-03 -2.068000886033110497e+00 2.006246397832661899e+00 -1.523041607090877880e+00
-1.079112952642758749e+00 -1.814793184420581795e+00 1.144571689810418125e+00 -1.885946116926657146e+00
4.203918233586001918e+00 1.006338608395275891e+00 2.737993230827233226e+00 -1.739560091975060230e+00
4.376915857126560283e+00 5.186197480177401786e+00 1.159767261438404029e+00 -1.849785827642888458e+00
1.553678636133007274e+00 2.341985936965910398e+00 1.283023023187786382e+00 -1.988069744319107768e+00
-2.062702839073722316e-01 1.674074051488559256e+00 2.203719366387570933e+00 -1.899091207673168524e+00
4.233762799551675116e+00 -4.655305532699518523e-01 1.601546272289275485e+00 -1.588451019029784694e+00
-2.885339263187229886e+00 -2.586022054667163506e+00 1.866319074776489284e+00 -2.821857119874737752e+00
4.134349484637265704e+00 4.082762654558683479e+00 1.323063986616232812e+00 -2.321733681154236617e+00
4.828520228440256190e+00 1.179236835650172566e-01 2.116858111832010891e+00 -2.115065677282356393e+00
-3.814358931088430715e+00 -3.791922312297142383e+00 1.622713438653278661e+00 -2.622461748280601856e+00
-1.915514606396204300e+00 4.021267975266754391e+00 1.274797893295655626e+00 -2.215398023100757285e+00
-1.971740651717511561e+00 7.701820370498646540e-01 2.641047045365199963e+00 -1.719857579775353695e+00
-1.992063408110733569e+00 1.944106192588787252e+00 2.849718489273155519e+00 -2.149131783846089938e+00
5.526432630286688408e-01 -1.989293278485393834e+00 2.479637040333672271e+00 -1.654107300501333144e+00
5.932563004482723557e+00 3.021947177510291738e+00 2.040998126549953717e+00 -1.067554890553761737e+00
-4.832001772008123197e-01 -4.194993392869546867e+00 2.403801991032453511e+00 -1.562009262527812137e+00
-5.241797371779954418e+00 -5.023192903579803748e+00 1.178247121237109729e+00 -2.154448166563161848e+00
2.842110837612677798e+00 5.311336168134934255e+00 2.243669990925379221e+00 -1.461320594476072987e+00
9.226390152565722147e-01 7.082565886412153233e-01 1.481414464887246707e+00 -2.458522430471263398e+00
-6.003811181245569450e+00 -2.535867214895528576e-01 2.069180519823595077e+00 -2.930487003487505238e+00
-1.588387685553555251e+00 -4.485031664387280514e+00 2.974114724712657587e+00 -2.003964951755297541e+00
2.014714758900590041e+00 4.912329130656903686e+00 2.885085053752394657e+00 -1.914700410986454937e+00
3.457068465452639572e-02 -6.045375021670211346e+00 1.991857629412704167e+00 -2.971275456144268468e+00
4.575662713792089775e+00 -7.725290753892233298e-01 1.308564934041566596e+00 -1.902388575815769034e+00
2.848667431702805786e+00 -1.154320812969178434e+00 2.264071494448054001e+00 -1.612692299630957615e+00
4.874829175839208162e-01 9.807746703868440719e-01 1.610790125454293342e+00 -2.491569022460875971e+00
4.740186281572373872e+00 1.875726756613110169e+00 2.953499343389971887e+00 -1.991655579499108875e+00
3.099760349257032033e+00 3.246048655642574943e-01 1.986662133694697463e+00 -1.053052333830424070e+00
3.388176878769764144e-01 -5.619799968457589223e+00 1.795329261275315336e+00 -2.743117951999392901e+00
-5.907749768726764827e+00 3.148798447740325912e+00 2.002642181637350305e+00 -1.069676145452628013e+00
-3.514357305135169973e+00 -6.014879505518505809e+00 1.903453447570309542e+00 -1.101997418887734614e+00
1.679691012931931127e+00 -1.926905425119858073e+00 2.931708847849467059e+00 -2.037888979288197788e+00
1.492087907216578024e+00 8.648311255307712386e-01 1.241370228416422528e+00 -2.051010847090010358e+00
8.427831286716704895e-01 -4.258415962540825106e+00 1.329113501330262626e+00 -1.708201108295296144e+00
3.100704487193143066e+00 -3.197749773049728628e+00 1.997705684449506025e+00 -2.997589116250442665e+00
-5.226596307262273200e+00 -3.156597942722055183e+00 1.986935642095338572e+00 -1.508210533812174070e+00
6.115697566357010118e-01 -1.494555778400933121e+00 2.572485541674029097e+00 -2.062361322355375837e+00
6.269845366619982485e+00 -5.447939973207551745e-01 1.993086888618706309e+00 -2.855157973111561276e+00
1.927818257394084966e+00 5.775988652208619456e+00 2.455099533584120142e+00 -1.694511359012956575e+00
4.059505885936033565e+00 5.034312249444884202e+00 1.246470400305008219e+00 -1.807798716622166957e+00
-2.720304051174704973e+00 -3.482502796934383582e-01 1.860448853222772314e+00 -1.142217259534355822e+00
5.353393795263295729e+00 -1.977445091195178861e+00 1.263865452533061484e+00 -1.763470468652245327e+00
6.230234461135406576e+00 5.271084500189404665e+00 1.955121450987220122e+00 -2.529337574598458094e+00
-5.441622706209555460e+00 -1.179951005966178634e+00 2.689451091067981192e+00 -2.253839796080191249e+00
-5.421761628717317372e+00 -2.282698918689527012e+00 2.574480689649009779e+00 -1.574483889954516158e+00
-3.782778817358023016e+00 -6.978411660332790589e-01 2.384347977871442037e+00 -1.385952443277061130e+00
-4.980240681293208738e-01 1.965836462603457235e+00 2.440899368051273388e+00 -1.661902624827002573e+00
2.847927475726814706e+00 -5.334100678083474989e+00 1.764700995290433116e+00 -1.442506658960366117e+00
-4.530589736183935123e+00 -1.601025256194803958e+00 2.983070652305795267e+00 -2.005464541716054594e+00
3.839608444856354552e+00 8.446159000673025830e-01 2.480556261799173878e+00 -1.491282826176088872e+00
-2.627568544526135419e+00 3.539334594692169489e-01 2.170413273258377185e+00 -1.183200436069742567e+00
1.763697632606753274e-01 7.876105640654325057e-01 1.875659114150258322e+00 -2.694595686813132662e+00
2.156015318169703932e+00 4.541747778400193170e+00 2.821484131524122141e+00 -2.093802338466641100e+00
1.667001622557762630e+00 4.509982917990319251e+00 2.975055968247983351e+00 -2.019310028629941467e+00
3.608546085108891077e+00 -5.533842402693431417e+00 2.306635430526249753e+00 -1.346243079549293675e+00
4.611276089626962005e+00 9.339388072885856928e-02 2.092781848676933620e+00 -1.899499217947747010e+00
-5.666725251938867558e+00 7.651605573528952320e-01 1.599542470605161748e+00 -2.588506908157905961e+00
-1.322587002997065220e+00 6.175590772887749935e+00 1.895903937536086215e+00 -2.244247925101655383e+00
-1.669921262724463062e-01 -4.104414104560252241e+00 2.136432048520234606e+00 -1.436739547950639517e+00
5.636364642485240495e+00 -2.187282800687551543e+00 1.508286974493290966e+00 -1.538616513441676714e+00
-1.010552883307217265e+00 -6.226405818024081995e+00 2.048073528079657368e+00 -2.530536090215914413e+00
3.571996696999473642e+00 5.229868675708969405e+00 1.637391482858784331e+00 -1.550425826289440367e+00
1.648860033933337021e+00 5.901373368871819736e+00 2.371467809846431241e+00 -1.927631134521748058e+00
2.109185617132114388e-01 1.938777693928161128e+00 1.804657203991092196e+00 -1.648239359060957865e+00
1.214712816629887726e+00 -3.204719469758330774e+00 1.940872460641056119e+00 -1.652088255652272242e+00
5.599666716977216296e+00 -6.160350753960591952e+00 2.077378174142214817e+00 -2.769513387676981520e+00
-1.039654862557470416e+00 3.044893530866580988e+00 2.083246954229335479e+00 -1.495848433678129030e+00
3.580759307578391670e-01 5.504007942970467582e+00 2.246275295884991863e+00 -2.666363969655570099e+00
-2.967087599800853681e+00 -5.724264549951194603e+00 2.092066123821358037e+00 -1.165048411454408628e+00
2.538659816739802011e+00 1.438671871505361466e+00 1.437881739851622376e+00 -1.891488604540032314e+00
-4.297275832658947969e+00 6.170998177742671231e+00 2.102443946070016612e+00 -1.599241784277711798e+00
-1.832623070313252889e+00 5.965566273239836903e+00 1.698338191865944147e+00 -1.754101541940718656e+00
1.025092741718403033e-01 -4.213659192642730034e+00 1.910134875062890147e+00 -1.524200443317728970e+00
7.646965914810177622e-02 -2.476254258839853506e+00 2.047160667611612084e+00 -1.215591128929854436e+00
2.412460563816679837e+00 4.471673614165792898e+00 2.647013896366819274e+00 -2.177785574318356510e+00
4.676945637617189178e+00 -6.103814828065239340e-01 1.427179885452745101e+00 -1.970962762692807013e+00
5.681271775142629821e+00 -6.061356008884939861e+00 2.124576753955793151e+00 -2.804056634306927975e+00
-1.497394794015463049e+00 5.134615503065084852e+00 1.090277418625110517e+00 -2.030052391294677072e+00
2.092058563652141601e+00 -1.380989272146041280e+00 2.851617121327964632e+00 -1.906047320931124611e+00
3.756896435798205758e+00 1.780379994750942885e+00 2.564575961503255730e+00 -2.169895444616168234e+00
-4.456414591783923740e-01 4.131932383347290738e+00 1.639561727362164545e+00 -1.505154598795117815e+00
5.092708946478856191e+00 3.512068283618818398e+00 1.663811752001026267e+00 -1.653967574939112284e+00
-1.035947586545409749e+00 -4.987520698489653626e+00 2.827987637063793080e+00 -2.138475050480461270e+00
5.735913725957333398e+00 4.415371235560762386e+00 1.502425438341730590e+00 -1.750075334862552845e+00
-5.352798919654728316e+00 -6.050215053059683434e+00 1.814877850596067432e+00 -2.581382055408341980e+00
-4.857604905336645018e+00 1.381082039887183477e+00 1.028278318615095666e+00 -2.027288429863136621e+00
-1.511467349209311806e+00 5.325673688381547421e+00 1.183676912023201133e+00 -2.034127159648670080e+00
4.410436901590324865e+00 -2.636420584866355110e+00 1.537937306937492643e+00 -2.260238593144592301e+00
-4.351228867945724943e+00 1.088407511827336194e-01 1.898381747184004098e+00 -1.648731197459377018e+00
2.121047260060908712e+00 2.505476718971381800e+00 1.493613958457121971e+00 -2.420626512193362334e+00
2.758198959407812012e+00 9.423870205367874675e-01 1.697391028924105871e+00 -1.454819558307322236e+00
-1.370261986813201993e+00 -3.729524449024098409e+00 2.543526423528828850e+00 -1.834253589728491729e+00
-2.160589584686844589e+00 -2.673478889081579712e+00 1.625024539564405845e+00 -2.496354913639911466e+00
3.522539219526654719e+00 5.960180121374877515e+00 1.881984282866635549e+00 -1.119693849334409297e+00
-2.649562416668107545e-01 -4.109615284831448889e+00 2.215717239107831471e+00 -1.452854066932906640e+00
-2.188971810125273088e+00 1.256790593054552652e+00 2.775089998367697319e+00 -1.820994056047626986e+00
1.141815838718714282e+00 -4.411345086746228716e+00 1.131507293411566417e+00 -1.876665436109802299e+00
-1.105447334958453709e-01 -2.569507449651208031e+00 1.940274399803490812e+00 -1.164358054525505226e+00
2.014980484804857142e+00 -3.543573371496233637e+00 1.646723571901387517e+00 -2.395467341013092444e+00
3.614316890395379289e+00 -3.592185980111466836e+00 2.198288876283148063e+00 -2.801466245116762011e+00
-5.788554768059130495e+00 3.350401934651861424e+00 2.098404376260228688e+00 -1.138973950028407067e+00
-6.030398138588308754e-01 -1.861517950996565141e+00 1.456650378129461743e+00 -1.763915882734737650e+00
-2.433307616616286140e+00 3.121273390871113662e+00 2.013217426143143030e+00 -2.759321852548623166e+00
-5.371342590735191713e+00 2.347397376796562796e+00 1.436041353453775926e+00 -1.570871128128383809e+00
-2.616409163670769367e+00 -6.191549791616019149e+00 2.045879189639516316e+00 -1.138398204858006357e+00
-2.632844445728279137e+00 -6.052515645160207569e+00 2.111361855853808311e+00 -1.149777187260903055e+00
1.360636997797950443e-01 2.576791970943704158e+00 1.927396755836811693e+00 -1.163111704658843726e+00
4.599490428868078240e+00 -2.560489458449887401e+00 1.454548359029972371e+00 -2.094166767437533938e+00
-5.702358167016177148e-01 2.596662833532283443e+00 2.279825534854186042e+00 -1.280145714499968612e+00
-5.535193320093378944e-01 2.106697079508572656e+00 2.451988115423842096e+00 -1.565629552376033296e+00
3.577593529237956815e+00 5.765145887950922088e+00 1.790877593288608516e+00 -1.212485681066054921e+00
-7.957561019424277404e-01 5.329253936274460202e+00 1.417272561421335730e+00 -2.404788913955122620e+00
-5.282742227651905154e+00 -1.077419977596608902e+00 2.741326948325562451e+00 -2.255711792920390035e+00
5.981534889533355326e+00 -8.157831241095481190e-01 1.783635755933022926e+00 -2.654355323152459256e+00
-5.402043801114289501e+00 -3.668875743603217998e+00 1.611808256131233019e+00 -1.450149062531034705e+00
2.899163791549074887e+00 -4.448228280227957576e+00 1.768266077409097914e+00 -2.253464050188012546e+00
1.322115638676174321e+00 -2.272747160042244197e+00 2.740094587040472707e+00 -1.841074697193589849e+00
4.930958221769165206e+00 -1.813934608027174988e+00 1.052504331748411293e+00 -1.947797471928978119e+00
8.272986472004291159e-01 2.247908890394224812e+00 1.426290279367134595e+00 -1.575912403335213874e+00
-3.229831449942986765e+00 -3.508274454143337717e+00 1.968405681102645577e+00 -2.929890238911266209e+00
3.518624265624129777e+00 1.654104297068000662e+00 2.366885378137234319e+00 -2.077366986799943582e+00
-1.598297833374782151e+00 2.322088895756975191e+00 2.730530843455458267e+00 -2.018769720720587024e+00
-3.647936510156201795e+00 1.915852271641748317e+00 1.543603475073939357e+00 -2.295806989207046289e+00
-2.610578346007940365e+00 -3.177477129671280931e+00 2.018168294324450773e+00 -2.861738734023449027e+00
2.615662681590997352e+00 -4.304666000484053789e+00 1.539134825766865555e+00 -2.342933272149487767e+00
-4.999728837398230041e+00 -2.660555485125100539e+00 2.443728771467705840e+00 -1.748759599880545412e+00
-7.482806524567537920e-01 -2.831768771422430220e+00 1.792558407119185127e+00 -1.302033684843388883e+00
-3.560841178500543602e+00 -3.058544553322888326e+00 2.033767889479779711e+00 -2.910247077177324115e+00
8.822627450497124713e-01 -1.918599889881235754e+00 2.725943339320261227e+00 -1.783432376779849005e+00
-3.678894493308657143e+00 -4.285100856674884717e+00 1.534196350247576168e+00 -2.356011715814732455e+00
5.039297461077257623e+00 -2.103666506561771676e+00 1.184265022921835886e+00 -1.836870215627359304e+00
-2.627974351381278328e+00 -2.133398784232332979e+00 1.584397159409871136e+00 -2.464567409017903721e+00
2.603508213857644193e+00 5.834587391946843837e-02 1.970115165674232394e+00 -1.142769216996470938e+00
-3.861055476018401045e+00 -2.287374458040041247e-01 2.149422584570318762e+00 -1.267431339077552899e+00
1.189818427230397546e+00 5.083419294504748720e+00 2.865134520633187964e+00 -2.134816002546722657e+00
1.402329495756386102e+00 2.647537531733075156e+00 1.532513275968635735e+00 -1.852379500760534814e+00
1.612446542071919175e+00 -1.933392376535048029e-01 2.191970351660147642e+00 -1.959137623337002587e+00
-3.476826063196933436e+00 1.867058517864769840e+00 1.685343030133481967e+00 -2.275695615208026545e+00
5.926333131874722326e+00 -4.584310606587244763e+00 2.346465180517144589e+00 -1.880318263662163591e+00
-3.701922788850079638e+00 6.010012692696664161e+00 2.143382990097348451e+00 -1.184330173573897582e+00
-3.648632284712589158e+00 -3.484440184397703089e+00 1.836758590946887093e+00 -2.823309323766735268e+00
1.537025912920937820e+00 4.070439238426178719e+00 2.800473193869552180e+00 -1.979783531407619757e+00
5.926605707818536573e+00 3.868659946819061446e+00 1.767978977257018025e+00 -1.299870145633619689e+00
2.961810446467346480e+00 1.534862084853500619e+00 1.821300141935038308e+00 -1.964652530756570759e+00
-1.180396595953210337e-01 1.092993351056079199e+00 2.104576835436208881e+00 -2.456629547176780726e+00
-1.248986503366920076e-01 5.122588789670471598e+00 1.885760355276972611e+00 -2.395686093958720786e+00
3.083358145405783901e+00 -2.170178231362435817e+00 2.048056155899149910e+00 -2.563175940740719305e+00
-6.199063278023996482e+00 1.993258375635283741e+00 1.923364250921526963e+00 -1.591442571716354060e+00
-4.311135788783460043e-01 -4.922262648296101162e+00 2.408713248817868635e+00 -2.189273767847836449e+00
2.957170954586926470e+00 3.951820240236212811e+00 2.132847156370914821e+00 -2.677644177180833474e+00
3.455347470824809974e+00 -2.151171524639673649e+00 1.741904073379953566e+00 -2.521568667421513421e+00
5.035481268790782394e+00 -2.217131395056418874e+00 1.243008918689880726e+00 -1.808780722441523992e+00
5.196644278029561193e+00 -3.358135593569331778e+00 2.190151015088099840e+00 -1.545323007346985467e+00
-2.820490933160026970e+00 1.937108448945737749e+00 2.294672745214862086e+00 -2.339867746980536456e+00
1.890947969198228051e+00 1.927722068014579904e+00 1.110634487469673193e+00 -2.109958396494701738e+00
-4.099169645061258471e+00 1.551754476696866725e+00 1.182348738204948901e+00 -1.989042016409442892e+00
-5.557710035077812805e+00 -3.286353736570691630e+00 1.904287416156082990e+00 -1.259641539954705403e+00
2.449982782228822487e+00 3.165256305795749014e+00 2.015090747435360985e+00 -2.770004633588591947e+00
5.426929652468103882e+00 2.954938540020034310e+00 2.140180159864729426e+00 -1.356111118846498709e+00
3.026150073304625820e+00 -4.923826923388731736e+00 1.887378848265814257e+00 -1.791530852262968043e+00
4.240677997350960737e+00 -1.049418921027298168e+00 1.227563924290806963e+00 -1.773669198967251504e+00
-5.333589862172275708e+00 5.357587298672576992e+00 2.649715073584732128e+00 -2.349997001753804327e+00
-5.224824852292666577e+00 6.218787998994184107e+00 2.056086868864487105e+00 -2.489285397789286147e+00
4.487029126517938948e+00 7.497463557639623133e-01 2.664221760368902459e+00 -1.836460275418461130e+00
2.814102221232056777e+00 -5.208604780565098125e+00 1.717128340551391963e+00 -1.549202386635791129e+00
-2.716042773787056053e+00 1.604402441163882642e+00 2.412588588717688776e+00 -2.030603086684981573e+00
-1.126949541756375517e+00 1.824039401904245850e+00 2.874301874847492222e+00 -1.892411834666820170e+00
7.268484567903605864e-01 -3.517035069093111588e+00 1.756331817360196279e+00 -1.304778526655362203e+00
