2.483506852981040680e+00 2.437328142834470412e+00 -1.077418847593783591e+00 3.079531928973893162e-01 -7.694656546963942745e-01 -7.694656546963942745e-01 2.069398038066181944e-01 2.069398038066181944e-01
-4.233513139989844021e-01 5.275146377775746132e+00 -8.617020563431350144e-01 -9.629762717026678631e-01 -1.824678328045802989e+00 -1.824678328045802989e+00 1.389549843422194231e-01 1.389549843422194231e-01
-3.349939868069089943e+00 2.888099245482637301e+00 7.931432282903030373e-01 9.004790636071640098e-01 1.693622291897467047e+00 1.693622291897467047e+00 8.952338392101349962e-01 8.952338392101349962e-01
-2.561777831306783160e+00 3.014470215864966107e+00 -5.618264943917015142e-01 2.153083631830154943e-01 -3.465181312086860199e-01 -3.465181312086860199e-01 8.992727456410476439e-01 8.992727456410476439e-01
1.308382912879618942e+00 5.509247946402123119e+00 2.127891712355380882e-01 -7.664145083024775928e-01 -5.536253370669395046e-01 -5.536253370669395046e-01 8.605511773241691920e-01 8.605511773241691920e-01
-5.883085518724707086e+00 -5.916369997747959353e+00 8.647456280242067361e-01 -7.100537387670574629e-01 1.546918892571492732e-01 1.546918892571492732e-01 7.200547592345054593e-01 7.200547592345054593e-01
-5.462548437433431658e+00 3.944334191862365557e+00 -3.969840438954408413e-02 -8.008209270728671170e-01 -8.405193314624112011e-01 -8.405193314624112011e-01 5.255785409068951947e-02 5.255785409068951947e-02
-2.890165047214886762e+00 -4.606335953294841801e+00 1.195185602245580681e+00 -9.557513602930924890e-01 2.394342419524881915e-01 2.394342419524881915e-01 3.499152506531060802e-01 3.499152506531060802e-01
5.975579466964113351e+00 2.844303293641921471e+00 1.027142799836058940e+00 9.616205731412763580e-01 1.988763372977335298e+00 1.988763372977335298e+00 -8.225616992881857881e-01 -8.225616992881857881e-01
-3.980022959174426500e+00 -2.284145088952549418e+00 -1.114217561998839034e+00 -1.025759840285747293e+00 -2.139977402284586105e+00 -2.139977402284586105e+00 9.998191773787957759e-01 9.998191773787957759e-01
7.371915331490708212e-02 -4.932645189719956136e+00 5.798474571655769516e-01 7.323059644988108019e-01 1.312153421664387754e+00 1.312153421664387754e+00 1.460131844368273146e-01 1.460131844368273146e-01
-5.414007208008625227e+00 -8.575275265723831808e-01 -1.846693436013091549e-01 4.709260806014849976e-01 2.862567370001758427e-01 2.862567370001758427e-01 9.999321328467349890e-01 9.999321328467349890e-01
-3.955487258502183412e+00 -5.568444589230099773e+00 -4.403013097004783161e-01 7.775762256064691069e-01 3.372749159059907909e-01 3.372749159059907909e-01 -9.950882794579724022e-01 -9.950882794579724022e-01
5.340291714443555549e+00 -4.023811047848807831e+00 -4.323986654804297114e-01 4.754793016965588315e-01 4.308063621612912009e-02 4.308063621612912009e-02 2.515831391140672668e-01 2.515831391140672668e-01
-3.806928191221065294e+00 2.439859517992095661e+00 5.751180028318783055e-01 -8.499812019099581839e-01 -2.748631990780798784e-01 -2.748631990780798784e-01 2.023212907145907069e-01 2.023212907145907069e-01
3.495420821321824079e+00 -5.977656628800813721e+00 3.040955423018516512e-01 -8.940026837520276271e-01 -5.899071414501759758e-01 -5.899071414501759758e-01 -7.903863965691351190e-01 -7.903863965691351190e-01
-1.765475789779202387e+00 -7.284016587107364771e-01 2.693229017684783955e-02 -5.812279336595126411e-01 -5.542956434826648016e-01 -5.542956434826648016e-01 -7.974644462671395262e-01 -7.974644462671395262e-01
-5.479499730363368570e+00 -4.535546202206102606e+00 8.283698087897286566e-01 -1.162228224790889941e+00 -3.338584160011612845e-01 -3.338584160011612845e-01 -8.307915602026751944e-01 -8.307915602026751944e-01
-3.086847489088335728e+00 4.477098514207876079e+00 1.157394665492025743e+00 -1.141084520342453779e+00 1.631014514957196404e-02 1.631014514957196404e-02 1.795660383956304562e-01 1.795660383956304562e-01
4.796837659178907032e+00 -4.065228573191749462e+00 1.095705851251781437e+00 6.990757253579849007e-01 1.794781576609766338e+00 1.794781576609766338e+00 7.441003875361565933e-01 7.441003875361565933e-01
-7.912798054195659958e-01 2.507289334936686487e-01 -1.000101648674401877e+00 5.765879944198959439e-01 -4.235136542545059335e-01 -4.235136542545059335e-01 8.574253281541706073e-01 8.574253281541706073e-01
2.467325048171348456e+00 -5.477735571902968559e-01 -6.130329383506493146e-01 7.817716525370312919e-01 1.687387141863819773e-01 1.687387141863819773e-01 -3.417281772819962815e-01 -3.417281772819962815e-01
-4.562845755971888906e+00 -1.540554443732580658e+00 4.812686947628705969e-01 1.335903006537777493e-01 6.148589954166483462e-01 6.148589954166483462e-01 9.838821421885284302e-01 9.838821421885284302e-01
2.303181189186874533e+00 -2.602639050342283600e+00 -4.898592566955033423e-01 -4.622064681536541819e-02 -5.360799035108687605e-01 -5.360799035108687605e-01 9.554965617075178441e-01 9.554965617075178441e-01
-3.464334385971067576e+00 -1.860624076486495859e+00 1.186159399729828978e+00 2.978035685961555323e-02 1.215939756589444531e+00 1.215939756589444531e+00 5.749716375682870639e-01 5.749716375682870639e-01
-3.095819343806764934e+00 -3.319605043518333076e+00 9.010831778239112300e-01 -6.270267821503217043e-01 2.740563956735895257e-01 2.740563956735895257e-01 9.912691471356318562e-01 9.912691471356318562e-01
-6.050433573544526489e+00 1.335907399165143339e+00 -5.118799607030536380e-01 1.069034328939853618e+00 5.571543682367999795e-01 5.571543682367999795e-01 2.137192367719766960e-03 2.137192367719766960e-03
-2.287290825782624992e+00 2.168733285234793584e+00 1.164260830409116876e+00 1.029758777445042961e+00 2.194019607854159837e+00 2.194019607854159837e+00 9.929802829359685168e-01 9.929802829359685168e-01
-3.639440073927648012e+00 1.549366555947192303e+00 -1.198405875383509178e+00 5.287662383685205469e-01 -6.696396370149886312e-01 -6.696396370149886312e-01 -4.962527407477945185e-01 -4.962527407477945185e-01
8.221084508915943445e-01 -3.170683518915256460e+00 -1.680077268702886428e-01 1.150378889434485297e+00 9.823711625641966538e-01 9.823711625641966538e-01 -7.016985625807903304e-01 -7.016985625807903304e-01
2.718447820922021307e+00 -2.809023293819672418e-01 -1.115615856681133833e+00 6.672932326192773100e-01 -4.483226240618565228e-01 -4.483226240618565228e-01 -7.622286771608639544e-01 -7.622286771608639544e-01
-5.864667026820976403e+00 -4.773710579849010927e+00 -7.362328980610652884e-01 -1.098024940228420343e+00 -1.834257838289485631e+00 -1.834257838289485631e+00 -3.496492350747363309e-01 -3.496492350747363309e-01
-1.077402986294002218e+00 3.636698737553301086e-01 6.801519492355339036e-01 -1.071528911502436454e+00 -3.913769622669025505e-01 -3.913769622669025505e-01 7.559232285103156812e-01 7.559232285103156812e-01
-4.618296586990918051e+00 3.081688262620064123e+00 -4.678879239291321435e-01 -7.793387530485835768e-01 -1.247226676977715609e+00 -1.247226676977715609e+00 3.418134287920615577e-02 3.418134287920615577e-02
-2.794400090694913796e+00 -2.508201290691509211e+00 -9.629950225314987122e-02 -7.723177081457563986e-01 -8.686172103989062698e-01 -8.686172103989062698e-01 5.565375029941912466e-01 5.565375029941912466e-01
-1.519815867141989685e+00 7.932174647876255591e-02 1.114081006691475695e+00 -4.774126285155855243e-02 1.066339743839917142e+00 1.066339743839917142e+00 1.299337927796952452e-01 1.299337927796952452e-01
-1.622911588835067143e+00 -6.218431248412489509e+00 1.040463367602468825e-01 -1.093335868177065073e+00 -9.892895314168181908e-01 -9.892895314168181908e-01 1.263846024443733909e-02 1.263846024443733909e-02
5.678422147049820623e+00 1.522657669477373688e+00 -9.159613583532741909e-01 -5.550014710158348574e-01 -1.470962829369109048e+00 -1.470962829369109048e+00 6.074939443523973415e-01 6.074939443523973415e-01
-2.659062905087758999e+00 -3.426064508283333865e+00 9.994056256826528983e-01 -2.069563006385357617e-01 7.924493250441171366e-01 7.924493250441171366e-01 9.804505662406504118e-01 9.804505662406504118e-01
-8.618213576492861350e-01 1.018905578386550381e+00 9.424971941975555101e-01 7.633853404172670221e-01 1.705882534614822532e+00 1.705882534614822532e+00 9.876876228543786107e-01 9.876876228543786107e-01
1.156633020423304181e+00 -1.291109793211191459e+00 -1.195044874621387754e+00 4.796397588794354405e-02 -1.147080898733444210e+00 -1.147080898733444210e+00 9.909716168766422584e-01 9.909716168766422584e-01
2.366894607935705608e-01 -4.519922222822833291e+00 1.925708900723042127e-01 -9.483979025921978057e-01 -7.558270125198935929e-01 -7.558270125198935929e-01 -4.161036855058840023e-01 -4.161036855058840023e-01
4.047850816776154659e+00 3.887594886833925401e+00 9.193862335659244156e-01 -9.569178072846188376e-01 -3.753157371869442205e-02 -3.753157371869442205e-02 -8.137399491016174269e-02 -8.137399491016174269e-02
-5.818626119230172478e-01 3.537176976930416217e+00 -9.486333439648960697e-01 6.286236274790377720e-01 -3.200097164858582977e-01 -3.200097164858582977e-01 -9.827003108712157875e-01 -9.827003108712157875e-01
-5.587331074248535145e+00 3.919935575119490423e+00 -7.945773219250424901e-01 1.071737006577604179e+00 2.771596846525616886e-01 2.771596846525616886e-01 -9.644900815904718094e-02 -9.644900815904718094e-02
1.619785556861718767e+00 3.906113238964556089e+00 3.461356270315678607e-01 1.026607390376889972e+00 1.372743017408457833e+00 1.372743017408457833e+00 7.267027204770107884e-01 7.267027204770107884e-01
-3.981134758848920097e+00 -3.287195659702545569e+00 7.592743332476545870e-01 9.016614485638150267e-01 1.660935781811469614e+00 1.660935781811469614e+00 5.527421913717641688e-01 5.527421913717641688e-01
5.731315985076042452e+00 3.431669148939903380e+00 -5.360406474979449998e-01 6.315365526115030992e-01 9.549590511355809941e-02 9.549590511355809941e-02 -9.659275243918650222e-01 -9.659275243918650222e-01
2.790432959938090818e+00 4.051482562744332938e+00 4.964923426082930025e-01 -1.914395124656314007e-01 3.050528301426616018e-01 3.050528301426616018e-01 8.479289197944616108e-01 8.479289197944616108e-01
3.525233597356498549e+00 -4.829215595911653836e+00 8.477903427804307501e-01 1.105839536268241607e+00 1.953629879048672358e+00 1.953629879048672358e+00 2.636598306925472257e-01 2.636598306925472257e-01
5.348205089010944491e+00 -1.599961995594317621e+00 -5.632720211110862074e-01 8.371992614505840979e-01 2.739272403394978905e-01 2.739272403394978905e-01 -8.215622702481881756e-01 -8.215622702481881756e-01
-4.896170376696716176e+00 -1.393174735827099830e+00 2.823767581661837944e-01 5.129226216027256147e-01 7.952993797689094091e-01 7.952993797689094091e-01 9.999810284590474607e-01 9.999810284590474607e-01
-1.142859943400270417e+00 -3.067562017355820458e-01 9.789562980255073210e-01 -4.854649258665088007e-01 4.934913721589985203e-01 4.934913721589985203e-01 1.208838181906075476e-01 1.208838181906075476e-01
2.284821263748009201e+00 -5.061194664057970805e+00 -1.172747691570737771e+00 -1.101900335774355977e+00 -2.274648027345093748e+00 -2.274648027345093748e+00 -9.340454764091534745e-01 -9.340454764091534745e-01
6.872272717265524022e-01 2.862258234516836808e+00 1.160241547762982828e+00 -9.407269849634269931e-02 1.066168849266640128e+00 1.066168849266640128e+00 -9.179587147432177741e-01 -9.179587147432177741e-01
-1.581226661532224576e+00 5.860829231908956771e+00 -5.774942780603514736e-01 -7.347754765163294621e-02 -6.509718257119844198e-01 -6.509718257119844198e-01 -4.194019321053472082e-01 -4.194019321053472082e-01
-3.267001596930349194e+00 3.403887448374721458e+00 9.294795629644461155e-01 -1.035992694146765869e+00 -1.065131311823197535e-01 -1.065131311823197535e-01 9.906457519846859627e-01 9.906457519846859627e-01
-6.768811108769261509e-01 1.514246405911648274e+00 -1.022816924245803394e+00 1.065186213775556334e+00 4.236928952975294038e-02 4.236928952975294038e-02 6.694224218449466024e-01 6.694224218449466024e-01
4.133582317043519083e+00 -5.463871607461090463e-01 1.109748177145921000e+00 -5.430416894676858286e-01 5.667064876782351712e-01 5.667064876782351712e-01 -9.023511495453031550e-01 -9.023511495453031550e-01
6.558699203237550179e-01 5.857781562687875976e+00 -6.401711892205641519e-02 -1.058344211354124598e+00 -1.122361330276181013e+00 -1.122361330276181013e+00 9.735600115989597736e-01 9.735600115989597736e-01
-1.814423848170092057e+00 -6.963366781100122083e-01 6.868523987161456734e-01 -3.153625921354189510e-01 3.714898065807267225e-01 3.714898065807267225e-01 -8.075369851726900139e-01 -8.075369851726900139e-01
-1.348677224444572609e+00 5.013492945634411058e+00 8.959666269645685244e-01 -9.293963762312199561e-01 -3.342974926665143176e-02 -3.342974926665143176e-02 -8.662131966565892460e-01 -8.662131966565892460e-01
9.519171767242449178e-01 -2.287625130192072476e-02 -1.139543305702785281e+00 -8.885697058358847933e-01 -2.028113011538669852e+00 -2.028113011538669852e+00 5.986025205246806591e-01 5.986025205246806591e-01
1.143340741495550539e+00 -1.707713357478066740e-01 -3.084449539830091958e-02 -4.446413471988580612e-01 -4.754858425971589808e-01 -4.754858425971589808e-01 5.631782013901662776e-01 5.631782013901662776e-01
2.162016510597158714e+00 -3.576411641734985380e+00 -6.299444688327606734e-01 -9.310274859002036774e-01 -1.560971954732964351e+00 -1.560971954732964351e+00 1.557643447531872893e-01 1.557643447531872893e-01
-3.294811362655223785e+00 4.386693583628815674e-01 -3.014064386886239344e-01 7.476443294925196881e-01 4.462378908038957537e-01 4.462378908038957537e-01 -9.595348518074497957e-01 -9.595348518074497957e-01
-2.493484392889774970e+00 3.083763145271602113e+00 3.215686111341780062e-01 -1.708565516151769881e-01 1.507120595190010182e-01 1.507120595190010182e-01 8.307855598586332269e-01 8.307855598586332269e-01
-5.477084094077509846e+00 -2.457399460596206175e+00 4.557580892743628986e-02 -7.641062528503480555e-01 -7.185304439229117657e-01 -7.185304439229117657e-01 -8.041499929135974278e-02 -8.041499929135974278e-02
5.891730505957459840e-01 -6.156721177815001056e+00 2.430652141770632824e-01 -3.595153153042165428e-01 -1.164501011271532604e-01 -1.164501011271532604e-01 7.546753416769749201e-01 7.546753416769749201e-01
1.432138440087186382e+00 -6.042879890618967131e+00 7.225797126127313508e-01 1.024849365087350028e+00 1.747429077700081379e+00 1.747429077700081379e+00 -1.014725794796692004e-01 -1.014725794796692004e-01
5.587874412330807061e+00 5.640553940713447290e+00 -1.167579104095874731e+00 3.475281861491485991e-02 -1.132826285480959871e+00 -1.132826285480959871e+00 2.307554988930431705e-01 2.307554988930431705e-01
5.394695122077866500e+00 -2.161566530705884226e+00 -8.071577732360436519e-01 9.362676993259368974e-01 1.291099260898932455e-01 1.291099260898932455e-01 -9.958135104285100736e-01 -9.958135104285100736e-01
5.878481217242487844e+00 1.167167905398061478e+00 -2.285432905028448314e-01 8.465667789454618397e-01 6.180234884426170083e-01 6.180234884426170083e-01 7.231364371340399666e-01 7.231364371340399666e-01
1.317527658371360211e+00 -3.174280855543336610e+00 1.120931803385327052e+00 7.855517466620391964e-01 1.906483550047366249e+00 1.906483550047366249e+00 -2.820755942486123935e-01 -2.820755942486123935e-01
-1.500892038791299399e-01 -5.214645819651977376e-01 5.053393737871392233e-03 -5.607110601381676274e-01 -5.556576664002962351e-01 -5.556576664002962351e-01 7.828558408621948406e-01 7.828558408621948406e-01
-5.600354007269798373e+00 2.981424742296415076e+00 1.450814129034725397e-01 -6.449881128487476856e-01 -4.999066999452751459e-01 -4.999066999452751459e-01 -8.664927183432630242e-01 -8.664927183432630242e-01
-5.837998672162747482e-01 -5.403009187180566109e+00 -3.180592265953745557e-01 1.580282290049059846e-01 -1.600309975904685711e-01 -1.600309975904685711e-01 9.564011047937415189e-01 9.564011047937415189e-01
-5.075577098134187004e+00 2.024662362074057143e+00 9.240524429083347702e-01 -7.226586773581245016e-01 2.013937655502102686e-01 2.013937655502102686e-01 -9.958915739165450365e-01 -9.958915739165450365e-01
1.422385296562289625e-01 5.709327106860410339e+00 6.593942740619966880e-01 -4.471318703464391975e-01 2.122624037155574905e-01 2.122624037155574905e-01 9.082893643014723351e-01 9.082893643014723351e-01
2.103740879314313972e+00 -5.488894949485388253e+00 -5.692801048212262627e-01 3.908555485370874827e-01 -1.784245562841387800e-01 -1.784245562841387800e-01 -9.704852584990080189e-01 -9.704852584990080189e-01
5.770057707476942355e+00 4.598606382651677649e+00 -3.227063325166167340e-01 -5.155801724818265264e-01 -8.382865049984432604e-01 -8.382865049984432604e-01 -5.866453042026709142e-01 -5.866453042026709142e-01
1.159001624078786818e+00 2.623486105869870855e+00 -2.085932978306729302e-01 -1.051465994777050161e+00 -1.260059292607722981e+00 -1.260059292607722981e+00 -8.015609011303080900e-01 -8.015609011303080900e-01
5.137681688927171919e+00 1.605162286684755024e+00 8.920830707689786365e-02 1.818068280733253772e-01 2.710151351502232409e-01 2.710151351502232409e-01 8.962039788275920627e-01 8.962039788275920627e-01
1.336976559584371671e+00 -4.938531624233554851e+00 4.953853864008264107e-01 -1.050659952922725626e-01 3.903193911085538481e-01 3.903193911085538481e-01 -8.960691844315189503e-01 -8.960691844315189503e-01
-1.306152296290183479e+00 -6.265801618402790041e+00 3.326620263393911259e-01 1.054115995271633910e-01 4.380736258665545169e-01 4.380736258665545169e-01 2.783038297335151401e-01 2.783038297335151401e-01
-3.371536796992616658e+00 -2.460511808138279299e+00 1.190571050424449107e+00 4.913572666000083355e-01 1.681928317024457442e+00 1.681928317024457442e+00 8.999520945154345641e-01 8.999520945154345641e-01
-3.211642730453301287e+00 -5.830371002722027463e+00 1.121610724888757238e+00 5.966544139909868427e-01 1.718265138879744081e+00 1.718265138879744081e+00 -9.276357803457720985e-01 -9.276357803457720985e-01
2.830628762684169075e+00 -8.509760049312573571e-01 -9.541289237473670193e-01 1.103269533670184765e+00 1.491406099228177462e-01 1.491406099228177462e-01 -3.975602765916062542e-01 -3.975602765916062542e-01
8.550731729977583129e-01 -6.184110740530554651e+00 -5.894822373177015518e-01 -3.632035254759174991e-01 -9.526857627936190509e-01 -9.526857627936190509e-01 5.783042598427559078e-01 5.783042598427559078e-01
5.531838104463927763e+00 4.697713700527279101e+00 -1.098326286980536137e+00 -1.756331637347019470e-01 -1.273959450715238084e+00 -1.273959450715238084e+00 -6.932742373103683020e-01 -6.932742373103683020e-01
1.085862173145748066e+00 4.325784105294982140e+00 1.072337210266853136e+00 -6.571288779791847334e-01 4.152083322876684024e-01 4.152083322876684024e-01 6.436494598333759587e-01 6.436494598333759587e-01
-6.054265911480039009e-01 -2.226389693088138166e+00 -1.453138641071705095e-02 -5.482793039844583438e-01 -5.628106903951753948e-01 -5.628106903951753948e-01 -9.524017665317690007e-01 -9.524017665317690007e-01
-1.904106878779299628e+00 5.636523659461282421e+00 5.221428005100621217e-01 -5.098190811418285007e-01 1.232371936823362102e-02 1.232371936823362102e-02 -8.304818847786458180e-01 -8.304818847786458180e-01
3.400217966796597935e+00 -9.374295663801355261e-01 3.980913559436156657e-01 -2.268226849456134175e-02 3.754090874490543239e-01 3.754090874490543239e-01 -7.783240399441136992e-01 -7.783240399441136992e-01
8.683454911569397083e-01 1.749074160329744387e+00 1.020948060701857729e+00 -9.204881900114012527e-01 1.004598706904564764e-01 1.004598706904564764e-01 -8.657381477679055859e-01 -8.657381477679055859e-01
-5.044658427079271590e-01 5.271685550647321250e+00 1.096489365853551279e+00 2.404426175554559286e-01 1.336931983409007207e+00 1.336931983409007207e+00 5.480325775505488772e-02 5.480325775505488772e-02
4.477750088400842543e-01 2.280772866815032884e-01 -1.101168500812508055e+00 -9.226528473592464641e-01 -2.023821348171754408e+00 -2.023821348171754408e+00 7.801740704566921814e-01 7.801740704566921814e-01
6.000380892583942583e+00 4.308441587484898250e+00 -1.140554260705803236e+00 6.022552727531271799e-03 -1.134531707978271964e+00 -1.134531707978271964e+00 -6.340286731312579915e-01 -6.340286731312579915e-01
5.800261626495508693e+00 -4.318014187390136982e+00 -8.343252392368566417e-01 8.982786598829524127e-01 6.395342064609577104e-02 6.395342064609577104e-02 8.843321580387471237e-02 8.843321580387471237e-02
-3.503995279529781737e+00 2.834640630310103049e+00 9.234355735185115766e-01 3.463167059174696583e-01 1.269752279435981235e+00 1.269752279435981235e+00 7.842222564222453007e-01 7.842222564222453007e-01
-6.023677194336306329e+00 2.397472204760505932e+00 -9.940929587523956723e-01 2.788391774783027799e-01 -7.152537812740928924e-01 -7.152537812740928924e-01 -8.848556148320090298e-01 -8.848556148320090298e-01
2.899176043740794739e+00 2.950756917364239840e+00 -1.108692764315861057e+00 -2.053467043447338991e-01 -1.314039468660594956e+00 -1.314039468660594956e+00 9.076051365429833595e-01 9.076051365429833595e-01
-5.867557732779857815e+00 2.177259867584018238e-01 -4.892933438047359918e-01 -7.557206666898466096e-01 -1.245014010494582601e+00 -1.245014010494582601e+00 8.060472353538109536e-01 8.060472353538109536e-01
1.743731670167591119e+00 -2.536052433136307904e+00 2.766634239242331539e-01 -8.996120208927769202e-01 -6.229485969685437663e-01 -6.229485969685437663e-01 7.021948601290092240e-01 7.021948601290092240e-01
9.543718100207305710e-01 -4.088363305400366521e+00 -3.413810782071871053e-01 5.571413259352835379e-01 2.157602477280964326e-01 2.157602477280964326e-01 -9.999711113360256753e-01 -9.999711113360256753e-01
-2.989311499083881607e+00 5.213323315931731372e+00 -2.069274723401614002e-01 1.002903880783472479e+00 7.959764084433110787e-01 7.959764084433110787e-01 -6.077430722381830241e-01 -6.077430722381830241e-01
-8.951189032577548943e-01 -1.259129070438234521e+00 1.093364145553010092e+00 4.688315235348716747e-01 1.562195669087881766e+00 1.562195669087881766e+00 -5.509078402337131974e-01 -5.509078402337131974e-01
-9.568656802302966113e-01 -4.808892670009395687e+00 -3.602455667906905301e-01 1.489586658113259965e-01 -2.112869009793645336e-01 -2.112869009793645336e-01 8.690947995385055469e-01 8.690947995385055469e-01
3.690714188975467991e+00 2.553706375929259309e+00 -1.153290078457679169e+00 -4.939658883087562069e-01 -1.647255966766435265e+00 -1.647255966766435265e+00 9.992487414619294350e-01 9.992487414619294350e-01
4.530819675774859334e+00 1.328415633427624698e+00 4.876536384375942390e-01 1.032303269384872602e+00 1.519956907822466841e+00 1.519956907822466841e+00 9.114711683174039347e-01 9.114711683174039347e-01
-3.646210986451648761e+00 -5.211136629816857990e+00 5.887378350953209605e-03 -7.998202077327296600e-01 -7.939328293817764504e-01 -7.939328293817764504e-01 -8.432848625087410177e-01 -8.432848625087410177e-01
-5.390519872881752050e+00 3.837419557261219083e-01 -8.944943389918206256e-01 7.317082765301732294e-01 -1.627860624616473961e-01 -1.627860624616473961e-01 2.901551292724935949e-01 2.901551292724935949e-01
4.643129812603950413e+00 -1.659797799756213443e+00 8.154701670910990963e-02 2.754306014795679936e-01 3.569776181886779032e-01 3.569776181886779032e-01 -9.875029014696962149e-01 -9.875029014696962149e-01
5.088730989851965703e+00 1.544331954739149637e+00 9.554106123047605426e-01 -3.786568049976946071e-01 5.767538073070659355e-01 5.767538073070659355e-01 9.394146636781481874e-01 9.394146636781481874e-01
1.809434208355037654e+00 5.764708455102372398e+00 1.522300637712992177e-02 8.884372284171562217e-01 9.036602347942861435e-01 9.036602347942861435e-01 2.762008867214679753e-01 2.762008867214679753e-01
1.911386062497161475e+00 -2.793620017663656085e-02 -1.775942695930545767e-01 1.022463615908353107e+00 8.448693463152985306e-01 8.448693463152985306e-01 -3.075846104412331972e-01 -3.075846104412331972e-01
4.353099762300352893e+00 3.933950867824504982e+00 -5.259372128826175219e-01 -1.012817237098021073e+00 -1.538754449980638483e+00 -1.538754449980638483e+00 -4.196584472399211840e-01 -4.196584472399211840e-01
-7.715561369932251168e-01 4.671997332069359743e+00 -9.386310267808171126e-01 -1.117759103154649214e+00 -2.056390129935466327e+00 -2.056390129935466327e+00 -7.256287945145365459e-01 -7.256287945145365459e-01
-1.218266082463452804e-01 -4.386481448928793547e+00 7.019973734613997873e-01 1.114103415878507475e+00 1.816100789339907262e+00 1.816100789339907262e+00 -2.026672418273512410e-01 -2.026672418273512410e-01
2.506730503523549203e+00 5.984428183029784520e+00 1.074772529067814952e+00 7.318453731819050123e-01 1.806617902249719965e+00 1.806617902249719965e+00 -5.949287906852485097e-01 -5.949287906852485097e-01
-1.464717072682083732e+00 -2.730676720847999839e+00 1.115819858036254830e+00 -4.842100831067694955e-01 6.316097749294853347e-01 6.316097749294853347e-01 -4.942702641494704507e-01 -4.942702641494704507e-01
4.649709786684738333e+00 -1.977808701392754998e+00 5.461046630177994743e-01 8.175381796811469481e-01 1.363642842698946422e+00 1.363642842698946422e+00 -8.917079302735156920e-01 -8.917079302735156920e-01
-6.029113431716042193e+00 -5.158563686332707121e+00 -8.596385383164539817e-01 8.335384520009634368e-01 -2.610008631549054492e-02 -2.610008631549054492e-02 1.909234643390806119e-01 1.909234643390806119e-01
-2.033754591834550318e+00 -4.996216062457062179e+00 3.852868251468963834e-01 1.421959200813776025e-01 5.274827452282739859e-01 5.274827452282739859e-01 7.338763164776190839e-01 7.338763164776190839e-01
6.134085813362402106e-01 3.017154490502393926e+00 6.678628015114649319e-01 5.715637096585355348e-01 1.239426511170000467e+00 1.239426511170000467e+00 -8.828169386972040122e-01 -8.828169386972040122e-01
2.279445514916902837e+00 -3.054675545615641585e+00 -5.416903107773963777e-01 2.572335363124611529e-01 -2.844567744649352248e-01 -2.844567744649352248e-01 7.142600589781391562e-01 7.142600589781391562e-01
9.570212892962297602e-01 2.000270538353564831e+00 1.996627943772677494e-01 -2.036993884036947255e-01 -4.036594026426976178e-03 -4.036594026426976178e-03 -9.830646210130086216e-01 -9.830646210130086216e-01
3.226775590483876854e+00 3.714498121149031107e+00 2.819934424014862717e-01 9.308023350803271700e-01 1.212795777481813442e+00 1.212795777481813442e+00 7.911628188339928647e-01 7.911628188339928647e-01
-3.358436320342633952e+00 -2.330140696775572451e+00 -9.439621276734877497e-01 5.510673192848467572e-01 -3.928948083886409925e-01 -3.928948083886409925e-01 8.283679921496200915e-01 8.283679921496200915e-01
6.544349258684487580e-01 2.523505239052257210e-01 -4.385755266000412878e-01 1.717204690006424173e-01 -2.668550575993988705e-01 -2.668550575993988705e-01 6.162804735261711020e-01 6.162804735261711020e-01
-1.903561743853252608e+00 2.786701885761075914e-01 8.231359113626022239e-01 5.305041802379750759e-01 1.353640091600577300e+00 1.353640091600577300e+00 -5.406884925409316534e-02 -5.406884925409316534e-02
-3.092060511911354226e+00 -6.234674699399944231e+00 2.359583264752491694e-01 4.815200271373027974e-01 7.174783536125519667e-01 7.174783536125519667e-01 -9.951976583169651613e-01 -9.951976583169651613e-01
-3.191064130033505197e+00 -1.316537889786700610e+00 6.380166916912610731e-02 1.112327987388445516e+00 1.176129656557571623e+00 1.176129656557571623e+00 -2.033585766873482747e-01 -2.033585766873482747e-01
5.987366220077628753e+00 -7.506678210555701725e-01 -9.593958142179633830e-01 3.764120326847599785e-01 -5.829837815332034046e-01 -5.829837815332034046e-01 5.006153086196796220e-01 5.006153086196796220e-01
-5.511538925209018558e-01 -5.663048152407762714e+00 4.473125520011351774e-01 -1.005470907278252168e+00 -5.581583552771169909e-01 -5.581583552771169909e-01 9.976215981622461593e-01 9.976215981622461593e-01
1.061557590542353324e+00 3.667866846741560494e+00 4.203021931698165403e-01 7.463561558403681850e-01 1.166658349010184725e+00 1.166658349010184725e+00 1.703463294363109781e-02 1.703463294363109781e-02
-4.421592345374696365e+00 -3.239879338526729047e+00 6.459732599726184521e-01 -3.825488546775552834e-01 2.634244052950631687e-01 2.634244052950631687e-01 1.913230790992356822e-01 1.913230790992356822e-01
5.576302814024520771e+00 3.654805280656285404e+00 -1.187255885724797233e+00 -1.152740057463111034e+00 -2.339995943187908267e+00 -2.339995943187908267e+00 -9.813045370504114295e-01 -9.813045370504114295e-01
-4.405162523159576793e+00 -4.808954448820930594e+00 1.161249191235879996e+00 -7.470426936974738918e-01 4.142064975384061043e-01 4.142064975384061043e-01 -9.778929114235869191e-01 -9.778929114235869191e-01
1.829289642257007742e+00 -2.728952599336209150e+00 -8.462397539682704473e-01 -8.618165660110559401e-01 -1.708056319979326387e+00 -1.708056319979326387e+00 6.218739477484241940e-01 6.218739477484241940e-01
-4.123615573320728700e+00 -2.635820834279231306e+00 -3.508343218256617657e-01 -5.739843367624319903e-02 -4.082327555019049647e-01 -4.082327555019049647e-01 8.887198494652851499e-01 8.887198494652851499e-01
4.604096094170090581e+00 1.927947170639271235e+00 3.588821380207123379e-01 5.483375172984357171e-01 9.072196553191480550e-01 9.072196553191480550e-01 9.691943355960913609e-01 9.691943355960913609e-01
-1.759567535904782432e+00 -1.193357678475849504e+00 9.874821008418293022e-01 -1.120930923525042200e+00 -1.334488226832128976e-01 -1.334488226832128976e-01 -9.822550291199383388e-01 -9.822550291199383388e-01
4.968565557651777098e+00 2.226021267955763605e+00 -7.248412801444923392e-01 1.859908513562940069e-01 -5.388504287881983323e-01 -5.388504287881983323e-01 6.126386430347962042e-01 6.126386430347962042e-01
2.254316077320787315e+00 -1.891989089707790228e+00 -7.540398042576103022e-01 -6.288658969568752255e-01 -1.382905701214485639e+00 -1.382905701214485639e+00 9.350745527612156494e-01 9.350745527612156494e-01
2.725139125177907573e+00 -1.609516474943353259e+00 9.304820057455673865e-01 6.518467360664395027e-01 1.582328741812006889e+00 1.582328741812006889e+00 4.396183140628613373e-01 4.396183140628613373e-01
2.891798709436228521e+00 -1.593215288098231319e+00 7.381531299836963100e-01 5.829559009937312908e-01 1.321109030977427601e+00 1.321109030977427601e+00 2.688635157388889474e-01 2.688635157388889474e-01
-1.069940135221244759e+00 5.954181348579322020e+00 7.618878326835987203e-01 1.290385768945836453e-01 8.909264095781823656e-01 8.909264095781823656e-01 1.710075904139788383e-01 1.710075904139788383e-01
-4.368639610665949746e+00 2.976384610863485491e+00 7.153896474143939255e-01 -6.030791828637838137e-02 6.550817291280155441e-01 6.550817291280155441e-01 1.775942772334177522e-01 1.775942772334177522e-01
2.562139504804974877e+00 -4.827572317088499432e+00 1.016293291689855716e+00 7.883531772428435946e-01 1.804646468932699310e+00 1.804646468932699310e+00 -6.401061985600194904e-01 -6.401061985600194904e-01
3.759890601445327718e+00 -4.930821339603109976e+00 -4.937612060887464072e-01 1.099870401221054061e+00 6.061091951323076543e-01 6.061091951323076543e-01 3.892945377278219654e-01 3.892945377278219654e-01
-9.539259050260229245e-01 -2.061166992030388556e+00 -4.675471135367303965e-01 -1.018534384643797308e+00 -1.486081498180527705e+00 -1.486081498180527705e+00 -9.920095696936369611e-01 -9.920095696936369611e-01
-4.952329314587732512e+00 -2.305919640088614386e+00 -8.629451487094728090e-01 9.609843516964302612e-01 9.803920298695745217e-02 9.803920298695745217e-02 5.611153712594842968e-01 5.611153712594842968e-01
-5.838807833649621415e+00 -2.015255734045338976e+00 6.150893556026777453e-01 8.703985390386070886e-01 1.485487894641284834e+00 1.485487894641284834e+00 -8.193372038562231948e-05 -8.193372038562231948e-05
5.394635051389425229e+00 -5.071148045582328123e+00 -5.878469152400653819e-01 -1.022671229140534876e-01 -6.901140381541188695e-01 -6.901140381541188695e-01 9.481327539114409175e-01 9.481327539114409175e-01
-5.427741264383949549e+00 6.866900588655644455e-01 -9.347947403422041113e-02 7.702178201286868919e-02 -1.645769202135172193e-02 -1.645769202135172193e-02 2.865830084798215785e-02 2.865830084798215785e-02
-5.611799539965599770e+00 3.381289770766855440e-01 1.391697614631184354e-01 -7.152805717819122888e-01 -5.761108103187938534e-01 -5.761108103187938534e-01 5.322715887262235990e-01 5.322715887262235990e-01
6.054846685346706892e+00 -3.136588563288396081e+00 5.084890821439729258e-01 -8.350871398933871204e-01 -3.265980577494141945e-01 -3.265980577494141945e-01 -9.751643315739897400e-01 -9.751643315739897400e-01
-1.240809707548686802e+00 6.037960922037797218e+00 -4.829992539553417119e-01 -1.164056975474353273e+00 -1.647056229429694874e+00 -1.647056229429694874e+00 8.466077292159979173e-02 8.466077292159979173e-02
-3.469264687308081019e+00 1.693774887731507306e+00 -2.418662792210176660e-01 -3.506301355685141896e-01 -5.924964147895318556e-01 -5.924964147895318556e-01 -2.032670415058476232e-01 -2.032670415058476232e-01
1.488866851522643309e+00 -5.743784019667607765e+00 4.905636945628168988e-01 9.043694889615137011e-01 1.394933183524330600e+00 1.394933183524330600e+00 -4.416813016238001488e-01 -4.416813016238001488e-01
-5.201979583821314534e-01 -1.792631979261597230e+00 -4.358905520011762125e-01 5.924011462448555143e-01 1.565105942436793018e-01 1.565105942436793018e-01 -6.757882739826056584e-01 -6.757882739826056584e-01
2.901019626350690217e+00 5.915385769687777184e+00 1.093118239933873914e+00 1.137343977537286888e+00 2.230462217471160802e+00 2.230462217471160802e+00 -8.205792367057002101e-01 -8.205792367057002101e-01
-6.116846046811699189e+00 5.435724401064710776e+00 -9.652556124502733592e-01 1.173811380856448983e+00 2.085557684061756234e-01 2.085557684061756234e-01 7.768669467498250381e-01 7.768669467498250381e-01
5.621824642048528275e+00 -5.694999306759065405e+00 -2.504791976982572166e-01 -9.978929646883618609e-01 -1.248372162386619078e+00 -1.248372162386619078e+00 9.973239286343894561e-01 9.973239286343894561e-01
2.234508502743262071e+00 5.912398125445800900e+00 3.139963401835290657e-01 3.320709480016255100e-01 6.460672881851545757e-01 6.460672881851545757e-01 -2.887538556558923997e-01 -2.887538556558923997e-01
-6.087073717509168702e+00 -1.889272748914709865e-01 -1.582329050597253151e-02 -1.185111804697521531e+00 -1.200935095203494063e+00 -1.200935095203494063e+00 9.999741929215801850e-01 9.999741929215801850e-01
-5.000852396047723580e+00 5.307381267483112453e+00 1.140227232508911337e+00 -8.842176063212596748e-01 2.560096261876516621e-01 2.560096261876516621e-01 9.533867283052200881e-01 9.533867283052200881e-01
-3.575035966330960768e+00 -4.274510191611263998e+00 1.327058579207029965e-01 3.983038048657365771e-01 5.310096627864395735e-01 5.310096627864395735e-01 4.435461488755060647e-03 4.435461488755060647e-03
2.507934172167278319e+00 -3.596051088820826358e+00 -1.276960311142052440e-01 -8.841675591199440465e-01 -1.011863590234149290e+00 -1.011863590234149290e+00 4.641541382787056635e-01 4.641541382787056635e-01
-4.968392480643719189e+00 1.754544851090479085e+00 -2.168067470286128007e-02 4.482800823438937154e-01 4.265994076410324354e-01 4.265994076410324354e-01 -9.973907447166400209e-01 -9.973907447166400209e-01
-4.727217513229907908e+00 2.153668310147264009e+00 1.067101724213097791e+00 1.159023547190053405e+00 2.226125271403151196e+00 2.226125271403151196e+00 -8.429551798657993755e-01 -8.429551798657993755e-01
5.534631054449997478e+00 -2.059599663272523529e+00 5.952547184238476952e-01 -6.737294755126378432e-01 -7.847475708879014800e-02 -7.847475708879014800e-02 -9.449224533524965830e-01 -9.449224533524965830e-01
5.646306846482886499e+00 -5.336195315925235327e+00 -9.594397501821045893e-01 2.951239751479302065e-01 -6.643157750341743828e-01 -6.643157750341743828e-01 9.522995406028753607e-01 9.522995406028753607e-01
-1.166369086260907295e+00 -1.267178421056052606e+00 3.951974076826527682e-01 -8.083639067661103628e-01 -4.131664990834575946e-01 -4.131664990834575946e-01 -7.596346658340008551e-01 -7.596346658340008551e-01
4.731304450898498715e+00 3.996524387837673942e+00 7.944746735889076650e-01 -1.131928957847819772e+00 -3.374542842589121072e-01 -3.374542842589121072e-01 -7.668040542654613878e-01 -7.668040542654613878e-01
2.095652352429636878e+00 -3.421074999913117587e+00 8.616063351793405989e-01 6.454066469155721464e-01 1.507012982094912745e+00 1.507012982094912745e+00 2.429188280928849530e-01 2.429188280928849530e-01
-1.172023342189252304e+00 4.769207611787415146e+00 6.956868074618998143e-01 -2.888005363039705120e-01 4.068862711579293023e-01 4.068862711579293023e-01 -8.980008780538624169e-01 -8.980008780538624169e-01
-2.545482348329041411e+00 4.898291550020850593e+00 5.485409518787682792e-01 -1.040168802634677148e+00 -4.916278507559088684e-01 -4.916278507559088684e-01 -7.047089735226956808e-01 -7.047089735226956808e-01
-2.493185089507417462e+00 -2.590613927574798581e-01 -3.022496999824183517e-01 -8.804443403141564151e-01 -1.182694040296574656e+00 -1.182694040296574656e+00 -9.251574402317765955e-01 -9.251574402317765955e-01
-3.557577416091483258e+00 4.972403414221737705e+00 -1.803505891159451480e-01 -1.178256001146276155e+00 -1.358606590262221303e+00 -1.358606590262221303e+00 1.553387223726718225e-01 1.553387223726718225e-01
-3.479858834161252190e+00 -1.861167500420531695e+00 1.094695582943903789e+00 7.195918341323295220e-01 1.814287417076233311e+00 1.814287417076233311e+00 5.880431560272114666e-01 5.880431560272114666e-01
-4.126423174289471696e+00 -2.248840111154501109e+00 -3.131435036648412273e-01 3.703940804719763058e-02 -2.761040956176435968e-01 -2.761040956176435968e-01 9.957638172167116997e-01 9.957638172167116997e-01
-4.791208788603078972e+00 5.002199108373224234e+00 7.875518717200677976e-01 9.157614481739895229e-01 1.703313319894057321e+00 1.703313319894057321e+00 9.778239932041140614e-01 9.778239932041140614e-01
-1.036896795047643316e+00 -5.055747873567156603e+00 1.223855284451669245e-01 9.697219666446763586e-01 1.092107495089843283e+00 1.092107495089843283e+00 9.819019872052833220e-01 9.819019872052833220e-01
8.369385570150944531e-01 -1.731783360081241341e+00 -6.620690598942480243e-02 -7.359968621594064064e-01 -8.022037681488312089e-01 -8.022037681488312089e-01 6.256398949146212418e-01 6.256398949146212418e-01
5.826558088532788560e+00 5.488746121177738857e-01 1.065242057641967000e+00 -4.549812453630575071e-02 1.019743933105661249e+00 1.019743933105661249e+00 9.957482255506565627e-01 9.957482255506565627e-01
-5.510311766833764224e-01 5.815343348438018367e+00 -4.544898761008648869e-01 -3.408385515331288085e-01 -7.953284276339936953e-01 -7.953284276339936953e-01 5.243258291012609096e-01 5.243258291012609096e-01
-6.224180213133140072e+00 -2.042319453966570109e+00 -9.347464942736145588e-01 -9.096592889412025151e-02 -1.025712423167734810e+00 -1.025712423167734810e+00 -4.009174024669945879e-01 -4.009174024669945879e-01
-5.705040387599771279e+00 -1.941433180048466767e+00 -7.285176196297105111e-01 -7.768010220852259451e-01 -1.505318641714936456e+00 -1.505318641714936456e+00 2.060220669582358277e-01 2.060220669582358277e-01
-4.831966829195299518e+00 5.066127875384866641e+00 -2.471671997336798432e-01 -8.967179392065516286e-01 -1.143885138940231361e+00 -1.143885138940231361e+00 9.727093435707290237e-01 9.727093435707290237e-01
-2.845754719080367146e+00 -5.063876180337878452e-02 1.662886079623064894e-01 -7.019694382383157016e-01 -5.356808302760092122e-01 -5.356808302760092122e-01 -9.700889951308170334e-01 -9.700889951308170334e-01
2.745541084131648546e-01 -6.249215719543946612e+00 -3.899312471583327167e-02 1.124836291352189210e-01 7.349050441938564937e-02 7.349050441938564937e-02 9.527828911998176276e-01 9.527828911998176276e-01
-2.718067380103050823e-01 -2.086829912410506083e-01 -1.071039486351035075e+00 6.817406747211698370e-01 -3.892988116298652379e-01 -3.892988116298652379e-01 8.867686696522981693e-01 8.867686696522981693e-01
3.724565115721182096e+00 -4.504962364519299989e+00 -4.473825318175170818e-01 -5.124327640434184206e-01 -9.598152958609355023e-01 -9.598152958609355023e-01 7.106341050221807176e-01 7.106341050221807176e-01
-4.256110121813124536e+00 5.319420932402309177e+00 4.962669955812848421e-02 7.704364682983413370e-01 8.200631678564698213e-01 8.200631678564698213e-01 4.859812039934457428e-01 4.859812039934457428e-01
-1.472677361638460525e+00 -3.409928007832923491e+00 -1.090774286489780254e+00 -3.875652173516576093e-01 -1.478339503841437974e+00 -1.478339503841437974e+00 1.693956148919857074e-01 1.693956148919857074e-01
-1.800674321685633572e+00 -4.826762194276828843e+00 -9.555489234042804370e-01 9.252543298773050484e-01 -3.029459352697538854e-02 -3.029459352697538854e-02 9.413284274594526657e-01 9.413284274594526657e-01
-6.131933669450626567e+00 -3.557913369306808349e+00 -8.839505236453034653e-01 1.965334623229675337e-01 -6.874170613223359316e-01 -6.874170613223359316e-01 -9.650744064134488820e-01 -9.650744064134488820e-01
-2.319395747190149404e+00 1.493213668805332794e+00 -5.320192840317256033e-01 9.571805263243617912e-01 4.251612422926361878e-01 4.251612422926361878e-01 6.776881986931168056e-01 6.776881986931168056e-01
5.959679336434017927e+00 -2.097678680696681397e+00 -5.162747506710451129e-01 6.259023088003243807e-01 1.096275581292792678e-01 1.096275581292792678e-01 -7.515366362111852716e-01 -7.515366362111852716e-01
-3.931629168042943601e+00 4.105255776127290090e-01 5.743905377042501925e-03 5.236476626140413870e-01 5.293915679910838890e-01 5.293915679910838890e-01 -9.288459280457126432e-01 -9.288459280457126432e-01
8.599663640875423454e-01 -6.071169606727253587e+00 6.989458344458694405e-01 -1.556592323608088080e-01 5.432866020850606326e-01 5.432866020850606326e-01 4.783846190501916951e-01 4.783846190501916951e-01
1.478251253659835562e+00 3.941802165965361482e+00 1.393229679774301566e-01 5.337396448757671941e-01 6.730626128531973507e-01 6.730626128531973507e-01 6.500607945677684407e-01 6.500607945677684407e-01
-4.546727127946942559e+00 -2.512910710019330196e+00 4.820535586745704482e-01 -8.481990332374639285e-01 -3.661454745628934804e-01 -3.661454745628934804e-01 7.134039216130086958e-01 7.134039216130086958e-01
-2.177740946841693059e+00 3.234133206772067837e+00 -2.481357308974447839e-01 -8.153761916721717906e-01 -1.063511922569616575e+00 -1.063511922569616575e+00 4.920161253375236465e-01 4.920161253375236465e-01
-5.283881345368735438e+00 -3.666197759375439791e+00 6.436671947106713532e-01 -6.895622188516109530e-01 -4.589502414093959981e-02 -4.589502414093959981e-02 -8.894304060149440527e-01 -8.894304060149440527e-01
-3.676039447797548210e+00 4.799052994242559933e+00 4.649928557741129787e-01 2.925177393464761799e-01 7.575105951205891586e-01 7.575105951205891586e-01 4.329679775792739660e-01 4.329679775792739660e-01
-1.595490955577087533e+00 -5.440782836951116863e-01 9.797961101629895087e-01 8.879733850279025731e-02 1.068593448665779766e+00 1.068593448665779766e+00 -5.385985565375096540e-01 -5.385985565375096540e-01
2.144298710466490121e+00 -1.127183806764743501e+00 -8.351346546970330742e-01 8.557619224063228724e-01 2.062726770928979825e-02 2.062726770928979825e-02 5.258221833507615850e-01 5.258221833507615850e-01
-5.264035183250740602e+00 -3.613656391933989465e+00 -1.043708475482835851e+00 -7.503338365768252860e-01 -1.794042312059661137e+00 -1.794042312059661137e+00 -8.540438103484678800e-01 -8.540438103484678800e-01
5.379428186762865494e+00 -4.985102406600184111e+00 1.061243325643314916e+00 8.281863054668987534e-01 1.889429631110213670e+00 1.889429631110213670e+00 9.232557998735495541e-01 9.232557998735495541e-01
4.160077579809060566e+00 -1.553339687781816636e+00 -8.370474600621959915e-01 -4.495443756335156804e-01 -1.286591835695711783e+00 -1.286591835695711783e+00 -8.603426687170694365e-01 -8.603426687170694365e-01
-1.276312747907293321e+00 -1.907676309693084882e+00 -9.069945435924786636e-01 8.913700579977756888e-02 -8.178575377927010948e-01 -8.178575377927010948e-01 -9.991014070739510089e-01 -9.991014070739510089e-01
-5.053635252456635030e+00 4.995669715641394504e+00 2.754477267463171231e-01 -4.759162208648323178e-01 -2.004684941185151947e-01 -2.004684941185151947e-01 9.983204686191470278e-01 9.983204686191470278e-01
3.759337390406916057e+00 -2.776314043150220900e+00 -1.677216374958241385e-01 -3.593491023723499600e-01 -5.270707398681740985e-01 -5.270707398681740985e-01 5.545091228784380100e-01 5.545091228784380100e-01
-4.462974680611201173e+00 4.508530633883557570e+00 6.483074980597971493e-01 6.400063224668999240e-01 1.288313820526697073e+00 1.288313820526697073e+00 9.989625070089910297e-01 9.989625070089910297e-01
-6.139583626917191062e+00 -6.276324509941508367e+00 -2.389235166337839722e-01 6.699694188597933309e-01 4.310459022260093587e-01 4.310459022260093587e-01 9.887018604226583962e-01 9.887018604226583962e-01
-8.241449893769452473e-01 7.499912307340350637e-01 -9.153227559221618348e-01 -9.741061533947592554e-01 -1.889428909316920979e+00 -1.889428909316920979e+00 9.972518696661902826e-01 9.972518696661902826e-01
1.925178280748417237e+00 -5.061005299468681606e+00 -8.256529727173043121e-01 -2.945545616021754132e-01 -1.120207534319479725e+00 -1.120207534319479725e+00 -9.999833787733199975e-01 -9.999833787733199975e-01
-4.796905037510021508e+00 9.693728956417189124e-01 -5.922052269100230859e-02 3.373550244509242457e-01 2.781345017599219371e-01 2.781345017599219371e-01 -7.738243165350267017e-01 -7.738243165350267017e-01
5.456494023865543497e+00 -3.888450827207631022e+00 -9.633351150652534889e-01 7.393184167749708990e-01 -2.240166982902825898e-01 -2.240166982902825898e-01 2.753126658990321784e-03 2.753126658990321784e-03
-5.438101514533335568e+00 3.548000285763484030e-01 1.591478533303918308e-01 8.030073167309674798e-01 9.621551700613593106e-01 9.621551700613593106e-01 3.624660351924638979e-01 3.624660351924638979e-01
8.792049978726383941e-01 2.323954695856089714e+00 -9.504219888690405016e-01 8.428763321160095412e-01 -1.075456567530309604e-01 -1.075456567530309604e-01 -9.981053483708596241e-01 -9.981053483708596241e-01
5.791019105161142377e+00 1.528892965429402118e+00 -3.789506995109070964e-01 -4.428836227990657903e-01 -8.218343223099728867e-01 -8.218343223099728867e-01 5.090403934240467221e-01 5.090403934240467221e-01
4.789084017216032052e+00 -2.067190966593073220e+00 -9.404027412567896871e-01 -7.259541435693950273e-01 -1.666356884826184714e+00 -1.666356884826184714e+00 -9.132113891429755048e-01 -9.132113891429755048e-01
2.049301139279602779e+00 -1.350020419734229371e+00 3.940730521947577447e-01 -7.398621361875704627e-01 -3.457890839928127180e-01 -3.457890839928127180e-01 7.653053625844472574e-01 7.653053625844472574e-01
-1.579640748028833031e+00 6.280779828853674474e+00 7.558626799513867844e-02 3.452736881342322040e-01 4.208599561293708824e-01 4.208599561293708824e-01 -1.124966226301845826e-02 -1.124966226301845826e-02
-2.675989522454414349e+00 3.960912418941569868e+00 9.651149155301570470e-01 -8.889142835597757530e-01 7.620063197038129399e-02 7.620063197038129399e-02 2.819955415165657509e-01 2.819955415165657509e-01
5.076612099882797935e+00 -2.183160183096751084e+00 9.611511286486051908e-02 7.246973768962683415e-01 8.208124897611288606e-01 8.208124897611288606e-01 -9.693707358250377437e-01 -9.693707358250377437e-01
-3.602627943098011709e+00 -4.039083244266654660e+00 -9.145993388495674559e-01 8.203577745722043790e-01 -9.424156427736307684e-02 -9.424156427736307684e-02 2.106799276152841460e-01 2.106799276152841460e-01
-1.464435895790112241e+00 -1.702182431431012333e+00 -7.936495426953581456e-01 -3.526200947481393788e-01 -1.146269637443497524e+00 -1.146269637443497524e+00 -9.996868741723110574e-01 -9.996868741723110574e-01
1.924015961942123099e+00 4.145612598571467800e+00 -2.449953243961494609e-01 -3.046691296675122507e-01 -5.496644540636617116e-01 -5.496644540636617116e-01 9.772832909761031139e-01 9.772832909761031139e-01
-5.392609409159397238e+00 -3.398355716189144005e+00 1.031084974672210608e+00 -9.155173881135092451e-02 9.395332358608596834e-01 9.395332358608596834e-01 -8.057753283244989406e-01 -8.057753283244989406e-01
5.595824104840582791e+00 8.357403885440417568e-01 1.195254690619441229e+00 -1.055089243138568555e+00 1.401654474808726736e-01 1.401654474808726736e-01 9.890119904476033508e-01 9.890119904476033508e-01
-4.265794965837036656e+00 2.964330132951371155e+00 6.361678779795358896e-01 1.987656003892279699e-03 6.381555339834281693e-01 6.381555339834281693e-01 2.660870904213036292e-01 2.660870904213036292e-01
1.709793648929650800e+00 -1.953687849404970756e+00 1.164908554961054277e+00 4.830164338697455761e-01 1.647924988830799853e+00 1.647924988830799853e+00 9.704049504483269750e-01 9.704049504483269750e-01
1.526542614885953775e+00 -1.203310185665448451e+00 -3.737060047225466697e-01 9.230929364276223570e-01 5.493869317050756873e-01 5.493869317050756873e-01 9.482136466251809281e-01 9.482136466251809281e-01
-6.030506429642197297e+00 -1.659670970906642395e+00 8.443405986173833089e-01 -1.199118374996501091e+00 -3.547777763791177819e-01 -3.547777763791177819e-01 1.630726877452022550e-01 1.630726877452022550e-01
3.943299700359187199e+00 3.324583820245553767e+00 -4.088372218046096851e-01 -6.336710754202320439e-01 -1.042508297224841840e+00 -1.042508297224841840e+00 5.531145595986607377e-01 5.531145595986607377e-01
1.639257120546624868e+00 8.572475644750348067e-01 -1.551516808196231612e-01 7.782395272877484782e-01 6.230878464681253170e-01 6.230878464681253170e-01 -7.990468772853147605e-01 -7.990468772853147605e-01
4.797028033674587633e+00 -5.496078078927881805e+00 -6.690764934441784106e-01 4.120556582660488409e-01 -2.570208351781295697e-01 -2.570208351781295697e-01 7.654538197402180888e-01 7.654538197402180888e-01
-4.633354947874313012e+00 1.875179199197400948e-01 1.153119501217511944e+00 -1.115472469019022972e+00 3.764703219848897220e-02 3.764703219848897220e-02 -2.634067297887563996e-01 -2.634067297887563996e-01
2.643537900294159471e-01 -5.906818424406034218e+00 -2.882546309135582963e-01 -2.017120448885292294e-01 -4.899666758020875257e-01 -4.899666758020875257e-01 8.016651671169580107e-01 8.016651671169580107e-01
-1.752436170752011968e+00 -4.242935161522193077e+00 6.457127863683373992e-01 -9.266541484527277550e-01 -2.809413620843903558e-01 -2.809413620843903558e-01 9.588666841729479584e-01 9.588666841729479584e-01
-3.658362577366787161e+00 5.200063906685281623e-01 3.347106587376245113e-01 5.768332719158206778e-01 9.115439306534451891e-01 9.115439306534451891e-01 -9.999947626456016092e-01 -9.999947626456016092e-01
-1.943368095250476379e+00 5.769751703066718918e+00 -4.595328970694387838e-01 -1.191096542999955155e+00 -1.650629440069393938e+00 -1.650629440069393938e+00 -7.745512877889639825e-01 -7.745512877889639825e-01
2.458301851497052937e+00 2.702430641327886462e+00 -4.720993885928013167e-01 -1.089843186468413272e-01 -5.810837072396426439e-01 -5.810837072396426439e-01 4.334733586081789269e-01 4.334733586081789269e-01
3.010284071553744667e+00 -2.952598230013540270e+00 6.558219025608555963e-01 -9.367606509288994854e-01 -2.809387483680438891e-01 -2.809387483680438891e-01 9.983366331790803905e-01 9.983366331790803905e-01
-5.553969372109698099e+00 -4.245922027015856415e+00 1.182400784314239006e+00 -2.680004004613137925e-01 9.144003838529252137e-01 9.144003838529252137e-01 -9.304660665717845447e-01 -9.304660665717845447e-01
5.504818037857983626e-01 -2.305394184352747011e+00 3.493063069907853535e-01 -1.136828795318180374e+00 -7.875224883273950205e-01 -7.875224883273950205e-01 -1.830775989858196007e-01 -1.830775989858196007e-01
5.880628744707298239e+00 3.408319687680776866e+00 8.087768766928411512e-01 -1.105894705886647067e+00 -2.971178291938059157e-01 -2.971178291938059157e-01 -9.907893438063507530e-01 -9.907893438063507530e-01
9.704830664238448534e-01 3.039033525938874547e-01 1.172382417583313075e-01 -7.045166130088447165e-01 -5.872783712505134091e-01 -5.872783712505134091e-01 2.920885634862798175e-01 2.920885634862798175e-01
-4.636296700778124169e+00 3.432002138290190629e+00 -2.475621032508201758e-02 -1.472283139071084435e-02 -3.947904171579286192e-02 -3.947904171579286192e-02 3.583517251593253961e-01 3.583517251593253961e-01
4.546198063425936908e-01 -4.425858966017180762e+00 -6.723341360601432504e-01 7.601416488717391839e-01 8.780751281159593358e-02 8.780751281159593358e-02 -6.751365721498169270e-01 -6.751365721498169270e-01
5.808032551657193565e+00 -1.967997577287423638e+00 2.479751814977870783e-01 7.243580809432668133e-01 9.723332624410538916e-01 9.723332624410538916e-01 -7.658447434904688267e-01 -7.658447434904688267e-01
1.620833649089682638e+00 -1.697567934170447046e+00 7.331098497719916729e-01 9.223781433339237612e-01 1.655487993105915434e+00 1.655487993105915434e+00 9.970573690595847527e-01 9.970573690595847527e-01
1.483025619012034113e+00 6.074913324954209770e+00 7.206134486004565076e-01 -2.388726952940782855e-01 4.817407533063782221e-01 4.817407533063782221e-01 2.917373399300036696e-01 2.917373399300036696e-01
1.258754786204354659e-01 5.820708879810688074e+00 3.869688177862329326e-02 3.982833858105987446e-01 4.369802675892220378e-01 4.369802675892220378e-01 9.438827569874640444e-01 9.438827569874640444e-01
1.100809481560486525e+00 4.889071562987361119e+00 -5.108334890728094546e-01 -2.084765477213644802e-01 -7.193100367941739348e-01 -7.193100367941739348e-01 9.572937848590132859e-01 9.572937848590132859e-01
2.508524716511706387e+00 9.765254261939109170e-01 1.117762267152673461e+00 1.014994297517964883e+00 2.132756564670638344e+00 2.132756564670638344e+00 -9.415960048863566412e-01 -9.415960048863566412e-01
-4.285514602679614704e+00 -4.086935529878891415e+00 8.666952193578880692e-01 -1.136315299063304085e-01 7.530636894515576607e-01 7.530636894515576607e-01 -4.955504893455811022e-01 -4.955504893455811022e-01
-2.646401085151378840e+00 -2.714336344717631189e+00 9.749554074894819511e-01 -4.619231058750912222e-01 5.130323016143907289e-01 5.130323016143907289e-01 6.038708083669074300e-01 6.038708083669074300e-01
5.584148143326657987e+00 -5.026371550992227100e+00 -8.438905495742984320e-01 -4.427194889230623431e-02 -8.881624984666046663e-01 -8.881624984666046663e-01 8.484340592850276863e-01 8.484340592850276863e-01
4.983151489326960615e+00 -3.247690017530373563e+00 -9.514116877239067183e-01 2.744311199511140220e-01 -6.769805677727926962e-01 -6.769805677727926962e-01 -1.639220146713097903e-01 -1.639220146713097903e-01
2.692235571036075470e+00 -9.587342379994518993e-01 -3.294699280964441535e-02 -6.140231187914895195e-01 -6.469701116011339348e-01 -6.469701116011339348e-01 -1.619880764511492932e-01 -1.619880764511492932e-01
-1.536215694374425844e+00 -4.355895147290663516e+00 -1.002905765793311588e-01 7.642131892362893364e-01 6.639226126569581776e-01 6.639226126569581776e-01 9.245000267021822316e-01 9.245000267021822316e-01
-4.241238867821405023e+00 -1.208976076566039559e+00 -2.650835823706348959e-01 6.419178314038620492e-01 3.768342490332271533e-01 3.768342490332271533e-01 6.726808621757854878e-01 6.726808621757854878e-01
-1.585710875402454256e+00 1.965172598154518724e-01 6.413041585298324687e-01 -7.339339017276742538e-01 -9.262974319784178512e-02 -9.262974319784178512e-02 1.806061601289334906e-01 1.806061601289334906e-01
-3.101490930566219273e+00 -5.798660663333173204e+00 4.847462283988732690e-01 5.143196311049846869e-01 9.990658595038579559e-01 9.990658595038579559e-01 -8.655111510019708465e-01 -8.655111510019708465e-01
3.665924946034806453e+00 -5.903237849455639008e+00 5.265337488095365170e-01 8.701421994818276939e-01 1.396675948291364211e+00 1.396675948291364211e+00 -6.182518422541855019e-01 -6.182518422541855019e-01
-1.806089561048507264e-01 -9.185468998813464125e-01 -2.813658738173484553e-01 -4.179483791908890078e-01 -6.993142530082374630e-01 -6.993142530082374630e-01 4.543482670827318493e-01 4.543482670827318493e-01
1.087153601759399457e+00 1.823725109232343655e-01 1.261951980252109529e-01 -1.097368468925282725e+00 -9.711732709000717723e-01 -9.711732709000717723e-01 2.967334498228683670e-01 2.967334498228683670e-01
6.161780939641753108e+00 -5.919356845876396100e+00 -1.188828391590759592e+00 -9.424775243627891985e-01 -2.131305915953548791e+00 -2.131305915953548791e+00 9.707589080600659281e-01 9.707589080600659281e-01
4.572344394143545543e+00 5.413827669169162249e+00 1.092112034415079203e+00 -1.635776384407052753e-01 9.285343959743739273e-01 9.285343959743739273e-01 -8.465137598944870723e-01 -8.465137598944870723e-01
-3.100229156159725274e+00 5.884660585425999457e+00 6.588022917220848207e-01 -7.275550688032470514e-01 -6.875277708116223074e-02 -6.875277708116223074e-02 -9.368930788309702828e-01 -9.368930788309702828e-01
3.443780348567685223e+00 4.704848115947809717e+00 8.787232951793544355e-01 -1.675659416662700352e-01 7.111573535130844004e-01 7.111573535130844004e-01 -2.904019187039083572e-01 -2.904019187039083572e-01
-5.599053310489603419e-01 -3.463120688875336750e+00 3.591755885660052883e-01 -1.196173030549692928e+00 -8.369974419836876400e-01 -8.369974419836876400e-01 -6.360457388893250297e-01 -6.360457388893250297e-01
5.735363463168368980e+00 -3.951898651306647636e+00 -1.332505071545520003e-01 1.401840637101117171e-01 6.933556555559716728e-03 6.933556555559716728e-03 -2.110690154380513439e-01 -2.110690154380513439e-01
1.408636396014390613e+00 1.232408674347178490e-01 4.918753486146227871e-01 -4.376835041425292117e-01 5.419184447209357547e-02 5.419184447209357547e-02 3.890923901453462869e-02 3.890923901453462869e-02
-5.549857672524922236e+00 4.764832688463487287e+00 -5.006668307114333638e-01 3.848126303477337196e-01 -1.158542003636996442e-01 -1.158542003636996442e-01 7.073706095826760576e-01 7.073706095826760576e-01
6.014495471327107268e+00 1.536000785966405324e+00 -1.141745508907052953e+00 -1.056580996895054358e+00 -2.198326505802107533e+00 -2.198326505802107533e+00 2.988481124757133012e-01 2.988481124757133012e-01
3.137878317715392384e-01 -6.019918972364789234e+00 -8.391605835087112553e-01 1.149256754455334706e+00 3.100961709466234506e-01 3.100961709466234506e-01 8.380734054233327512e-01 8.380734054233327512e-01
-5.568811310006070769e+00 -3.374952861985400787e-01 -1.012209360742874820e+00 1.092153948896543492e+00 7.994458815366867199e-02 7.994458815366867199e-02 9.298178599584832060e-01 9.298178599584832060e-01
-5.790736986153278920e+00 -5.529903039157766820e+00 1.258537415799194648e-01 -1.984004590497701059e-01 -7.254671746985064118e-02 -7.254671746985064118e-02 3.193710815904971523e-01 3.193710815904971523e-01
-2.365042698010695332e+00 3.436343718097885969e+00 1.051814728713509561e+00 -1.541152524917599465e-02 1.036403203464333567e+00 1.036403203464333567e+00 4.789825675320721343e-01 4.789825675320721343e-01
-4.772750772403396624e+00 5.123723455445757580e+00 1.030300011767480095e+00 -2.565062034637990429e-01 7.737938083036810522e-01 7.737938083036810522e-01 9.390387376413928955e-01 9.390387376413928955e-01
5.397624584543155635e+00 -2.587708978638944224e+00 -4.065688781778952210e-01 -5.326794280770669188e-01 -9.392483062549621398e-01 -9.392483062549621398e-01 -9.454975778058207769e-01 -9.454975778058207769e-01
5.330136260685993221e+00 -3.221038815876030803e+00 1.015581650816976600e+00 -1.047914389082764020e+00 -3.233273826578741961e-02 -3.233273826578741961e-02 -5.126781045774873036e-01 -5.126781045774873036e-01
6.268696364395474063e+00 4.487764068984837706e+00 2.115635050447184362e-01 -3.861729876542326911e-01 -1.746094826095142549e-01 -1.746094826095142549e-01 -2.368417861289026372e-01 -2.368417861289026372e-01
6.100865209860016236e+00 4.893946757167336514e+00 3.427281007404290314e-01 5.021610334818975563e-01 8.448891342223265877e-01 8.448891342223265877e-01 -7.623204630887003407e-04 -7.623204630887003407e-04
1.291362669299045862e+00 1.537928086786982895e+00 -2.299221975293974651e-02 7.196770453975462889e-01 6.966848256446065424e-01 6.966848256446065424e-01 -9.516288337129998887e-01 -9.516288337129998887e-01
6.137086647409265794e+00 3.419009290529029244e-02 -5.648409647932792765e-01 1.196463786500050253e+00 6.316228217067709760e-01 6.316228217067709760e-01 9.937447685510719664e-01 9.937447685510719664e-01
-6.076724492676478739e+00 5.312516243762125612e+00 -8.646101307241080836e-01 8.077132334860743779e-01 -5.689689723803370569e-02 -5.689689723803370569e-02 7.219304481933935813e-01 7.219304481933935813e-01
3.124799205350097253e+00 5.592371412346707871e+00 -4.784372191277596054e-01 -8.538237551482414922e-01 -1.332260974276000987e+00 -1.332260974276000987e+00 -7.599193183534731499e-01 -7.599193183534731499e-01
-2.457122459712500984e+00 1.144361325697681231e+00 3.788691209434276175e-01 -5.987505925987713917e-01 -2.198814716553437743e-01 -2.198814716553437743e-01 2.551812868821580760e-01 2.551812868821580760e-01
-2.611951211435991294e+00 -3.205813349229133635e+00 -9.544396418697738138e-01 9.719575669880196056e-01 1.751792511824579179e-02 1.751792511824579179e-02 8.936328141660189184e-01 8.936328141660189184e-01
2.475540349522692196e+00 4.803918301153593973e+00 -3.089113337220016353e-01 4.542162872919641714e-02 -2.634897049928052182e-01 -2.634897049928052182e-01 5.434344200811201953e-01 5.434344200811201953e-01
2.387924829724047626e+00 -2.640025453519738274e+00 1.099361227184243672e+00 4.911448771838449190e-01 1.590506104368088591e+00 1.590506104368088591e+00 9.683905817283555706e-01 9.683905817283555706e-01
-4.630923721873875465e+00 1.727401922952987334e+00 6.748628255097375295e-01 2.774333258631473953e-01 9.522961513728849248e-01 9.522961513728849248e-01 -9.717947300135862942e-01 -9.717947300135862942e-01
-3.293735947291965616e+00 -1.695204940786532610e+00 7.565400977192944243e-01 7.140632660830557032e-01 1.470603363802350128e+00 1.470603363802350128e+00 2.730402044263632866e-01 2.730402044263632866e-01
4.626008469691825553e+00 -2.874531180675398367e+00 4.735926019921237184e-01 7.271409080732107455e-01 1.200733510065334464e+00 1.200733510065334464e+00 -1.796994922518665716e-01 -1.796994922518665716e-01
3.126365448749950815e+00 -3.804349645922858514e+00 7.249644573494733457e-01 4.255513679868538901e-03 7.292199710293418846e-01 7.292199710293418846e-01 7.788386608302905190e-01 7.788386608302905190e-01
-2.096759858410641719e+00 -4.870381971911561081e+00 1.105950069174426842e+00 9.818226168685517674e-01 2.087772686042978609e+00 2.087772686042978609e+00 7.750788050072323632e-01 7.750788050072323632e-01
-1.278991852928393236e+00 -5.271190305235533557e+00 3.051857075084598581e-01 -5.128090875037223384e-01 -2.076233799952624803e-01 -2.076233799952624803e-01 9.645675833380187303e-01 9.645675833380187303e-01
3.006674813237211197e+00 -5.785361968363852192e+00 2.761392495242307454e-01 4.427965116577623483e-01 7.189357611819930938e-01 7.189357611819930938e-01 -9.348693424937465357e-01 -9.348693424937465357e-01
9.744334335453537221e-01 5.492974750876927104e+00 1.065677919427438392e+00 1.049095249276271291e+00 2.114773168703709683e+00 2.114773168703709683e+00 9.830789028458681855e-01 9.830789028458681855e-01
-4.623568536509789162e+00 4.742533054172389129e+00 -3.381669894472889570e-01 8.267291818049626873e-01 4.885621923576737302e-01 4.885621923576737302e-01 9.929320634515204080e-01 9.929320634515204080e-01
-2.869495951024373603e+00 -5.897887210493838239e+00 1.150248576085964425e+00 1.160533003610928704e+00 2.310781579696893129e+00 2.310781579696893129e+00 -7.915868413072820742e-01 -7.915868413072820742e-01
-5.102694033286812925e+00 6.025913113594993931e+00 -1.833896718856693475e-01 3.107069448219652585e-01 1.273172729362959110e-01 1.273172729362959110e-01 6.032559166621566105e-01 6.032559166621566105e-01
1.090564261118298184e+00 6.220425433684457772e-01 1.766633927203571375e-01 -7.891870844276195340e-01 -6.125236917072623966e-01 -6.125236917072623966e-01 -1.413356489368897684e-01 -1.413356489368897684e-01
4.925054131549998715e+00 -5.547613780484860868e+00 -1.547243027257596548e-01 -1.649811675794443655e-01 -3.197054703052040203e-01 -3.197054703052040203e-01 8.123885460727034991e-01 8.123885460727034991e-01
6.150104643647146929e+00 -2.132927334906560723e+00 8.055504902003416401e-01 6.741244431072566101e-01 1.479674933307598250e+00 1.479674933307598250e+00 -6.405480003735531946e-01 -6.405480003735531946e-01
-2.742860385052858341e+00 3.495607362815482233e+00 -4.312169123740040577e-01 1.123690538617220680e+00 6.924736262432166223e-01 6.924736262432166223e-01 7.298136640938085451e-01 7.298136640938085451e-01
-3.278106794120816403e-02 -5.780620936588528380e+00 -2.490654128118143795e-01 5.854507695161796921e-01 3.363853567043653126e-01 3.363853567043653126e-01 8.916664065195052391e-01 8.916664065195052391e-01
9.339986230482804075e-01 4.549812765063212083e+00 6.024775188838049633e-01 -5.245110544934549202e-01 7.796646439035004317e-02 7.796646439035004317e-02 6.971556957411086941e-01 6.971556957411086941e-01
-6.135981783903048381e+00 -4.894888986053627988e+00 7.587618054392839539e-01 8.392557034108520941e-01 1.598017508850136048e+00 1.598017508850136048e+00 3.528915387749950033e-02 3.528915387749950033e-02
2.418675984934848699e+00 6.257578202156778957e+00 -1.041421766755987299e+00 -9.306616420121075484e-01 -1.972083408768094959e+00 -1.972083408768094959e+00 -7.326943243239528725e-01 -7.326943243239528725e-01
6.182795631177965490e+00 -5.155999433111047026e-01 -6.195645056730780809e-02 -3.381443816320797158e-01 -4.001008321993875239e-01 -4.001008321993875239e-01 8.162020777456954201e-01 8.162020777456954201e-01
6.161857018512719719e+00 -5.029904129765339960e+00 -9.504286138957909191e-01 1.195677486827062763e+00 2.452488729312718441e-01 2.452488729312718441e-01 4.248927790733039167e-01 4.248927790733039167e-01
4.373200386510093907e+00 -1.951329561091084130e+00 -8.746837605395846316e-01 -8.542595013819784810e-01 -1.728943261921563224e+00 -1.728943261921563224e+00 -7.519891222916885720e-01 -7.519891222916885720e-01
-2.794809861982344046e+00 4.694253537259994502e+00 4.844171590665991012e-01 1.097972504274838501e+00 1.582389663341437602e+00 1.582389663341437602e+00 -3.227630667285111277e-01 -3.227630667285111277e-01
-5.375459387578551684e-01 8.525779992687194664e-01 9.891622872278131862e-01 4.406436008485368205e-01 1.429805888076350007e+00 1.429805888076350007e+00 9.507864455510626200e-01 9.507864455510626200e-01
4.703441305103980952e+00 -3.184859423970350711e+00 7.090956642631549567e-01 2.585804337260424468e-01 9.676760979891974035e-01 9.676760979891974035e-01 5.219072310079066190e-02 5.219072310079066190e-02
-6.041996463949609542e+00 1.127137131540569825e+00 -1.141015141663281440e+00 2.308426722701848455e-01 -9.101724693930965948e-01 -9.101724693930965948e-01 2.010898315837963413e-01 2.010898315837963413e-01
-1.198981470141822214e-01 -5.451926650277421516e+00 1.624625972084257075e-01 -4.279257156873066403e-01 -2.654631184788809328e-01 -2.654631184788809328e-01 7.574743481143587642e-01 7.574743481143587642e-01
3.583337174246505441e+00 -7.592809743003492429e-02 -4.049546872974568723e-01 -4.953196324718156518e-01 -9.002743197692725241e-01 -9.002743197692725241e-01 -9.338320281836660630e-01 -9.338320281836660630e-01
3.002680837731563912e-02 2.814130609465559374e+00 1.159859676120372773e+00 1.854816349031569445e-01 1.345341311023529718e+00 1.345341311023529718e+00 -9.560912858492809363e-01 -9.560912858492809363e-01
-3.157261114220915932e+00 1.143877772215126321e+00 -8.927499109180399017e-01 -7.552489930095196424e-01 -1.647998903927559544e+00 -1.647998903927559544e+00 -4.282786434394263986e-01 -4.282786434394263986e-01
1.452164312824649528e+00 -1.258997779702276887e+00 -5.669575525188909060e-01 4.039929691432986303e-02 -5.265582556045610430e-01 -5.265582556045610430e-01 9.814012849295313812e-01 9.814012849295313812e-01
1.481282197430240366e+00 5.980133059942223994e+00 2.907367811049197392e-01 2.550285749436993488e-01 5.457653560486190880e-01 5.457653560486190880e-01 3.825608254730929469e-01 3.825608254730929469e-01
-9.546388774905301133e-01 -5.536954158436670603e+00 -1.055812885648180766e+00 8.230106691059646540e-01 -2.328022165422161116e-01 -2.328022165422161116e-01 9.783615994754991663e-01 9.783615994754991663e-01
2.356047166936692250e+00 -4.808141027809861079e+00 6.909978022893028538e-01 -8.026905292889868759e-01 -1.116927269996840222e-01 -1.116927269996840222e-01 -7.715649551837500120e-01 -7.715649551837500120e-01
-1.268885230144509713e+00 2.912183321872506170e+00 1.347196306811373478e-01 -1.007496885868730541e-01 3.396994209426429379e-02 3.396994209426429379e-02 -7.243826396564721770e-02 -7.243826396564721770e-02
1.758299410741319235e+00 2.453835264066388078e+00 1.126094092122444712e+00 4.527559607609124015e-01 1.578850052883357113e+00 1.578850052883357113e+00 -4.796486972390061609e-01 -4.796486972390061609e-01
-3.425408808940193506e+00 -5.458770231713841348e+00 1.159197923799677676e+00 -1.761746169626903225e-01 9.830233068369873539e-01 9.830233068369873539e-01 -8.574006011624869528e-01 -8.574006011624869528e-01
-3.812858494062035142e+00 -4.266689422474984283e+00 9.918824181251537642e-01 1.006010401737119198e+00 1.997892819862272962e+00 1.997892819862272962e+00 -2.236583352347196463e-01 -2.236583352347196463e-01
-5.188286235760451781e+00 5.304409069135450849e+00 6.194148738413507438e-02 1.196051705038246871e+00 1.257993192422381945e+00 1.257993192422381945e+00 9.932653167163401076e-01 9.932653167163401076e-01
4.551432841298000298e+00 3.392507716134346651e+00 -1.110888950660525287e+00 8.683751807414299417e-01 -2.425137699190953455e-01 -2.425137699190953455e-01 -8.983763882779413623e-02 -8.983763882779413623e-02
-2.164929283326219256e+00 3.508272226777613412e+00 2.883021133637795330e-01 2.808845055386999245e-01 5.691866189024794576e-01 5.691866189024794576e-01 2.254972319099399214e-01 2.254972319099399214e-01
5.689411874007202385e+00 2.782278246075124528e+00 -4.069426257531746360e-01 1.105253755486393930e+00 6.983111297332192935e-01 6.983111297332192935e-01 -5.791686228619636889e-01 -5.791686228619636889e-01
-3.023185217888416432e+00 -1.589507474754110028e+00 4.991576511628479373e-01 -3.621903792295789737e-01 1.369672719332689637e-01 1.369672719332689637e-01 -9.953121708550671798e-02 -9.953121708550671798e-02
2.834902389180857796e+00 -1.548638857503386035e-01 1.157867719201703727e+00 4.649360128133470660e-01 1.622803732015050793e+00 1.622803732015050793e+00 -8.953614536274886460e-01 -8.953614536274886460e-01
-4.481754768810761291e+00 2.160877158512571228e+00 -5.624818859005265015e-01 -1.098109227058746029e+00 -1.660591112959272531e+00 -1.660591112959272531e+00 -6.816982320060551714e-01 -6.816982320060551714e-01
-2.729328203123218444e+00 -5.515649773815462176e+00 -4.897203993865733018e-01 -2.806407370469530260e-01 -7.703611364335263278e-01 -7.703611364335263278e-01 -3.811097528986355787e-01 -3.811097528986355787e-01
-5.526369710261607615e+00 -5.141081514902993810e+00 1.117239933929935924e+00 6.474936496268033359e-01 1.764733583556739260e+00 1.764733583556739260e+00 -3.222667962068036518e-01 -3.222667962068036518e-01
-2.600983814529645333e+00 1.211813638662076364e+00 4.260200543856247357e-01 -2.936505720550397491e-02 3.966549971801207608e-01 3.966549971801207608e-01 1.806292143442048970e-01 1.806292143442048970e-01
5.640187118911104136e-01 2.645577933458056918e+00 -7.551633912494811751e-01 -4.537670871741852352e-01 -1.208930478423666521e+00 -1.208930478423666521e+00 -9.976886195149170522e-01 -9.976886195149170522e-01
-3.295633410932572449e+00 3.836058744376126484e+00 9.608818838501413939e-01 -4.730284591923958892e-01 4.878534246577455047e-01 4.878534246577455047e-01 8.574899245552219940e-01 8.574899245552219940e-01
-1.712660963080293364e+00 -4.606059000673675463e+00 -7.538457531468059081e-01 2.081211989357620862e-01 -5.457245542110438219e-01 -5.457245542110438219e-01 9.993687105233214352e-01 9.993687105233214352e-01
-5.760123085336008586e-01 -1.981184125507321703e+00 1.066086522993461072e+00 1.066569891526934599e+00 2.132656414520395671e+00 2.132656414520395671e+00 -8.340453410937438417e-01 -8.340453410937438417e-01
5.666837640035044643e+00 -2.188528731758356827e-01 5.109415264773753407e-01 -7.843362330513896641e-01 -2.733947065740143234e-01 -2.733947065740143234e-01 6.710290093247003318e-01 6.710290093247003318e-01
-4.279924078190791903e+00 -1.046882257916265324e+00 4.167678470031248583e-01 -1.177804813863121414e+00 -7.610369668599965554e-01 -7.610369668599965554e-01 5.764825360060549242e-01 5.764825360060549242e-01
-3.161529639349800913e+00 1.034460274407239311e+00 1.342504531406560897e-01 6.698663856464530664e-01 8.041168387871091561e-01 8.041168387871091561e-01 -5.280248286042593664e-01 -5.280248286042593664e-01
-2.958681437364198086e+00 1.261566058173556826e+00 7.769224128556064812e-01 -1.035367596590677453e+00 -2.584451837350709713e-01 -2.584451837350709713e-01 -1.259833852550000521e-01 -1.259833852550000521e-01
2.384698349810966178e+00 -5.413810376707665739e+00 -1.061017735448975374e+00 -1.133632424387178039e+00 -2.194650159836153414e+00 -2.194650159836153414e+00 -9.936807210953789715e-01 -9.936807210953789715e-01
1.664267412590003659e-02 2.764133265692150232e-01 -2.471380025215822451e-01 -6.232984319276000384e-01 -8.704364344491822836e-01 -8.704364344491822836e-01 9.573655320907153987e-01 9.573655320907153987e-01
2.042092672407246567e+00 2.585028651869539118e+00 2.581088634979062935e-01 -8.110248359280828323e-01 -5.529159724301765388e-01 -5.529159724301765388e-01 -8.516436954043879459e-02 -8.516436954043879459e-02
-1.300547216975324716e+00 2.491263845997202964e+00 7.002274108328900848e-01 -8.325674475942652641e-01 -1.323400367613751794e-01 -1.323400367613751794e-01 3.709944807382464238e-01 3.709944807382464238e-01
3.151204191522490206e+00 4.196937115346674574e+00 -6.534216159665123813e-01 -5.565377642099061939e-01 -1.209959380176418575e+00 -1.209959380176418575e+00 4.845427022499331215e-01 4.845427022499331215e-01
-2.261731186993179321e+00 3.258239382071339563e+00 -5.325203693643318914e-01 4.881768735875362530e-01 -4.434349577679563836e-02 -4.434349577679563836e-02 5.432372585545570676e-01 5.432372585545570676e-01
2.135234297973402917e+00 -5.894350956355580706e-01 -1.077472644739383201e+00 1.126801484269526199e-01 -9.647924963124305808e-01 -9.647924963124305808e-01 2.499452127022112891e-02 2.499452127022112891e-02
4.984718480422010600e+00 5.368501902280820914e+00 -3.416663163642749135e-01 7.346979634570658391e-01 3.930316470927909256e-01 3.930316470927909256e-01 -5.990818422328211268e-01 -5.990818422328211268e-01
-9.985305109125190981e-01 3.806270363672524581e+00 -5.806578899078226330e-01 -5.165287079257097069e-01 -1.097186597833532229e+00 -1.097186597833532229e+00 -9.447868518157340745e-01 -9.447868518157340745e-01
4.030878519633606771e+00 4.609200771694707655e+00 9.567304041798390113e-01 -1.058859069757290827e+00 -1.021286655774518159e-01 -1.021286655774518159e-01 -7.076012250754035726e-01 -7.076012250754035726e-01
2.704149330104941740e+00 2.268411871299500504e+00 8.360286474960145764e-01 9.755859005710101339e-01 1.811614548067024710e+00 1.811614548067024710e+00 2.572469807463303448e-01 2.572469807463303448e-01
-5.157200370766156894e+00 5.433622488380169813e+00 6.651534137487802312e-02 -5.612585143841752888e-02 1.038948993646049423e-02 1.038948993646049423e-02 9.620380528632260786e-01 9.620380528632260786e-01
-4.840646102311323418e-01 -3.647389703463697508e+00 3.650990276211336649e-01 1.007371153851057022e+00 1.372470181472190687e+00 1.372470181472190687e+00 -5.488055110768917944e-01 -5.488055110768917944e-01
7.209174934741726659e-01 -4.283294711882743577e+00 7.756878782054599242e-02 -1.328991357541919882e-01 -5.533034793364599579e-02 -5.533034793364599579e-02 -9.127687448169078399e-01 -9.127687448169078399e-01
2.853122351094478759e+00 -4.829735358870651751e+00 1.078271760103541199e+00 -7.649576108451782153e-01 3.133141492583629839e-01 3.133141492583629839e-01 -3.947692423360415481e-01 -3.947692423360415481e-01
4.923164724527239855e+00 4.765604582100332109e+00 -1.036576561818944198e+00 -7.344220857595263885e-01 -1.770998647578470475e+00 -1.770998647578470475e+00 -9.653561857702364080e-01 -9.653561857702364080e-01
4.553029139996001007e+00 1.113870528555394479e+00 -9.477727338024019010e-01 -2.163421202223869688e-01 -1.164114854024788759e+00 -1.164114854024788759e+00 8.160310119333314960e-01 8.160310119333314960e-01
-1.664266624450794652e+00 -4.159149410517969159e+00 -1.156568740316459509e+00 -6.684235708729013847e-01 -1.824992311189360894e+00 -1.824992311189360894e+00 8.961549048390287098e-01 8.961549048390287098e-01
2.921436559249857012e-01 -1.530016255998251751e+00 -7.132895011512114802e-01 1.567603829429708995e-02 -6.976134628569143903e-01 -6.976134628569143903e-01 3.268076087460243806e-01 3.268076087460243806e-01
-8.745887389969846382e-01 1.259312041265743254e+00 -9.989007530157970605e-01 -5.897084873343744205e-01 -1.588609240350171481e+00 -1.588609240350171481e+00 9.269023135543424941e-01 9.269023135543424941e-01
6.212823554744568710e+00 -6.130238038225066077e+00 -6.676223267760093005e-01 -1.139443614509241254e+00 -1.807065941285250554e+00 -1.807065941285250554e+00 9.965917540155669885e-01 9.965917540155669885e-01
-4.806236446167198473e+00 2.608959148679783624e-01 1.150287167974025637e+00 -4.302050014921295906e-01 7.200821664818960466e-01 7.200821664818960466e-01 -1.662726127421725042e-01 -1.662726127421725042e-01
5.561669541641375503e+00 7.435996765433232625e-01 -1.126976363191185770e+00 -7.927725226222323007e-01 -1.919748885813417960e+00 -1.919748885813417960e+00 9.997561603476329273e-01 9.997561603476329273e-01
3.246881922944169219e+00 6.124205099838780697e+00 -1.049546731143262690e+00 -2.777443794184357717e-01 -1.327291110561698462e+00 -1.327291110561698462e+00 -9.985589878081435611e-01 -9.985589878081435611e-01
4.246740954865298789e+00 -4.269669883689070744e+00 6.117626499301638265e-01 1.177564062255358701e+00 1.789326712185522528e+00 1.789326712185522528e+00 9.997371436278831291e-01 9.997371436278831291e-01
8.821186330021602018e-01 6.039148058502934902e+00 4.596194587956845545e-01 2.115784091788122101e-01 6.711978679744967646e-01 6.711978679744967646e-01 8.032400694245453998e-01 8.032400694245453998e-01
-6.077995290878554613e+00 5.024873688895091561e+00 -8.779832686121096241e-01 -8.447071697333710105e-01 -1.722690438345480635e+00 -1.722690438345480635e+00 4.948608779643467459e-01 4.948608779643467459e-01
-3.117201475931274945e+00 4.107464043513452623e+00 1.044385228986781433e+00 1.062670582946864561e+00 2.107055811933645995e+00 2.107055811933645995e+00 5.484703283504555049e-01 5.484703283504555049e-01
3.861883932157434529e+00 2.686273693511212812e+00 5.286380460114192825e-01 9.591640879864054003e-01 1.487802133997824683e+00 1.487802133997824683e+00 9.650997505558418510e-01 9.650997505558418510e-01
3.334175472687237018e+00 4.783742378988225852e+00 7.045616833160446291e-01 6.936909395084764896e-01 1.398252622824521119e+00 1.398252622824521119e+00 -2.608824718312585667e-01 -2.608824718312585667e-01
5.767746988523743568e+00 -2.080064310768042546e+00 4.451211501914806856e-01 -9.178897421854474992e-01 -4.727685919939668135e-01 -4.727685919939668135e-01 -8.545616946348971732e-01 -8.545616946348971732e-01
4.262376218661410476e+00 5.299478089440610162e+00 -3.373124375480346382e-01 2.521032403451335391e-01 -8.520919720290109911e-02 -8.520919720290109911e-02 -9.906197391769059335e-01 -9.906197391769059335e-01
-5.031387175295562564e+00 4.567506885208327816e+00 6.012879682377989532e-01 3.465531382813633599e-01 9.478411065191623130e-01 9.478411065191623130e-01 8.943231086432260613e-01 8.943231086432260613e-01
-4.663875683953913942e+00 -1.018852212082927977e-01 -1.127537344155091992e+00 5.013189582260193511e-01 -6.262183859290726406e-01 -6.262183859290726406e-01 5.334658951028950491e-02 5.334658951028950491e-02
5.073291873980030786e+00 6.181276177776195979e+00 7.219166377623142949e-01 8.160400745646672060e-01 1.537956712326981501e+00 1.537956712326981501e+00 2.561080057073445437e-01 2.561080057073445437e-01
5.546515818257043762e+00 -9.467126272780337359e-01 8.810748998247908137e-01 1.094308201699803140e+00 1.975383101524593954e+00 1.975383101524593954e+00 -1.123480921153374029e-01 -1.123480921153374029e-01
2.568747133483688216e+00 4.613958598737314176e+00 9.318360973057042695e-01 -8.283823118362161342e-01 1.034537854694881354e-01 1.034537854694881354e-01 6.219855607438045109e-01 6.219855607438045109e-01
4.384954039554269656e+00 -4.806314521761644087e+00 1.050874498665693713e+00 -1.168041328208478502e+00 -1.171668295427847895e-01 -1.171668295427847895e-01 9.125333446187489095e-01 9.125333446187489095e-01
-5.495111109733698207e+00 -3.625965975194144875e+00 -5.769594396057131647e-01 -9.781243674072652716e-01 -1.555083807012978436e+00 -1.555083807012978436e+00 -9.542362656616449890e-01 -9.542362656616449890e-01
-4.577247169025460138e-01 9.595111647089904494e-02 6.196649192491772151e-01 6.226806034983425331e-01 1.242345522747519748e+00 1.242345522747519748e+00 9.352705582677953711e-01 9.352705582677953711e-01
-3.939406184097942187e-01 -5.322024220450130905e+00 6.215629314056205779e-01 -9.444112469494551076e-01 -3.228483155438345298e-01 -3.228483155438345298e-01 8.433976454304481507e-01 8.433976454304481507e-01
-2.859642309728873233e+00 5.518658742930790950e+00 4.012051696891765218e-01 5.308754710341672123e-01 9.320806407233437341e-01 9.320806407233437341e-01 -8.858023357167175149e-01 -8.858023357167175149e-01
-2.637962588046639301e+00 5.476827445631281321e+00 -5.550983309835616497e-01 -1.993585148908763038e-01 -7.544568458744379535e-01 -7.544568458744379535e-01 -9.545268170205312153e-01 -9.545268170205312153e-01
3.847747146242145533e+00 -3.691886096803633777e-01 7.168541973213664598e-01 4.143051342179084884e-01 1.131159331539274948e+00 1.131159331539274948e+00 -9.437621634074601085e-01 -9.437621634074601085e-01
5.893272248535437186e+00 -3.517278618955402170e+00 -1.371047409066901146e-01 5.566326664356862075e-01 4.195279255289960929e-01 4.195279255289960929e-01 -7.209673817449039346e-01 -7.209673817449039346e-01
3.486006233417196398e+00 -1.134413956808526081e+00 4.528402235488333538e-01 2.596118056242706640e-01 7.124520291731040178e-01 7.124520291731040178e-01 -7.038450478624117546e-01 -7.038450478624117546e-01
-2.534859051503016936e+00 -4.425766695783667437e+00 7.843326488857815804e-01 -8.002990254508299817e-01 -1.596637656504840130e-02 -1.596637656504840130e-02 7.791796033259182908e-01 7.791796033259182908e-01
-4.026218931263350953e+00 -3.774986212101924199e+00 6.177757339721421381e-01 -1.006923562710238640e+00 -3.891478287380965018e-01 -3.891478287380965018e-01 5.275199378469965644e-02 5.275199378469965644e-02
4.386144742321672396e+00 5.259609824982728554e+00 -8.824663803526491268e-01 -1.233584111574788089e-01 -1.005824791510127936e+00 -1.005824791510127936e+00 -9.756838595023509253e-01 -9.756838595023509253e-01
-5.234868065862729125e+00 -1.548914920824597807e+00 1.172311883188015269e-01 3.877863557516012527e-01 5.050175440704027796e-01 5.050175440704027796e-01 8.772958623421562852e-01 8.772958623421562852e-01
5.991156528704953743e+00 2.468828687765778795e+00 -1.159054832978166028e+00 3.621936092580138045e-01 -7.968612237201522230e-01 -7.968612237201522230e-01 -5.695872384063981331e-01 -5.695872384063981331e-01
-1.817488652483272737e+00 -4.079394886243871809e+00 -1.081200613773437347e+00 -2.840310080509628188e-01 -1.365231621824400055e+00 -1.365231621824400055e+00 9.263087564983071287e-01 9.263087564983071287e-01
-9.464303123153072761e-01 2.759828297830253518e+00 9.992167916077778766e-01 6.897962807867541457e-02 1.068196419686453291e+00 1.068196419686453291e+00 -2.402289090288186602e-01 -2.402289090288186602e-01
1.469435942146512630e+00 -2.086458983649950305e+00 -1.952715274319363203e-01 -4.105109761944404356e-01 -6.057825036263767560e-01 -6.057825036263767560e-01 8.156045652581337402e-01 8.156045652581337402e-01
