-2.759022166327868231e+00 -4.714618969411436211e+00 -6.041022504069634147e-01 -9.412466380929782606e-01 -1.545348888499941786e+00 -1.545348888499941786e+00 3.712366565742758473e-01 3.712366565742758473e-01
1.122246474640999914e+00 -1.956779247080433493e-01 1.624567922859583291e-01 2.541512669228591648e-01 4.166080592088174939e-01 4.166080592088174939e-01 6.005811759898249669e-01 6.005811759898249669e-01
2.912889849842173362e+00 -1.895418189503955908e+00 -3.518535671960894007e-01 -1.250426025113284823e-01 -4.768961697074178829e-01 -4.768961697074178829e-01 5.255186946564052164e-01 5.255186946564052164e-01
3.151797842575806641e+00 -2.404676206115189618e+00 -1.182434473613126924e+00 3.597627674152559241e-01 -8.226717061978709999e-01 -8.226717061978709999e-01 7.336478393080007043e-01 7.336478393080007043e-01
1.612378918665091199e+00 2.121160708472714873e+00 -2.605671288377553463e-01 4.396100252499515193e-01 1.790428964121961730e-01 1.790428964121961730e-01 -8.298558846643583342e-01 -8.298558846643583342e-01
-1.632570117673076915e+00 3.454453143385860514e+00 2.158155049818475391e-01 6.647620608657127672e-01 8.805775658475603063e-01 8.805775658475603063e-01 -2.484567290460374112e-01 -2.484567290460374112e-01
3.202683830477216276e+00 3.482119045662159351e+00 -9.989401107708947292e-01 9.067234047232790584e-01 -9.221670604761567080e-02 -9.221670604761567080e-02 9.204298782633962839e-01 9.204298782633962839e-01
3.400221410903467856e-01 -2.760667260209697105e-01 1.029478708543477561e+00 9.617813161721591175e-01 1.991260024715636678e+00 1.991260024715636678e+00 9.979555494513692171e-01 9.979555494513692171e-01
-4.312886532914641080e+00 -2.788665523996757489e+00 -4.083730495634824154e-01 -5.810568373751042737e-01 -9.894298869385866890e-01 -9.894298869385866890e-01 6.834144409646728535e-01 6.834144409646728535e-01
-1.002875794473916393e+00 7.215631936100130872e-02 6.332945233594315937e-01 1.308443958676008823e-01 7.641389192270324759e-01 7.641389192270324759e-01 5.972570820068628938e-01 5.972570820068628938e-01
-3.419305800531422079e+00 -8.737173461823264375e-01 -1.568284942279836169e-01 -6.429599475687958199e-01 -7.997884417967794368e-01 -7.997884417967794368e-01 -4.071813208431180886e-01 -4.071813208431180886e-01
4.358379259257789684e+00 7.402071216465770931e-01 7.091186514814773467e-02 7.175348168678230554e-01 7.884466820159707900e-01 7.884466820159707900e-01 3.766686161749279171e-01 3.766686161749279171e-01
5.146155584818155049e-01 -4.015351138926151364e+00 -4.947300348706940021e-01 -1.190888580678715059e-01 -6.138188929385655079e-01 -6.138188929385655079e-01 -9.361984046832552142e-01 -9.361984046832552142e-01
4.854047486799544231e-01 -6.074886619386228759e+00 -1.085909773853374727e+00 1.114138379638305976e+00 2.822860578493124883e-02 2.822860578493124883e-02 7.688833563847456976e-01 7.688833563847456976e-01
5.652428791908908678e+00 -4.715514235887148686e+00 6.360123559155430595e-01 -7.651310833107320963e-01 -1.291187273951890369e-01 -1.291187273951890369e-01 5.922768889773147860e-01 5.922768889773147860e-01
-4.519031007376595355e+00 5.973424702188754765e+00 -6.254134940693857336e-01 9.539958775267687319e-01 3.285823834573829982e-01 3.285823834573829982e-01 1.161399423577982454e-01 1.161399423577982454e-01
6.143209622138201098e+00 3.203060515856671842e+00 2.840300863869251735e-01 1.635661030778523539e-01 4.475961894647775274e-01 4.475961894647775274e-01 -9.969198434091087746e-01 -9.969198434091087746e-01
-1.481540512384958319e+00 -1.169652717815987231e+00 -3.663133911052491865e-01 7.409168356446951265e-01 3.746034445394459400e-01 3.746034445394459400e-01 -8.821448092447178313e-01 -8.821448092447178313e-01
-3.338104475023453865e+00 2.198758033020405733e+00 -9.220869369027329121e-02 8.491414015325204900e-02 -7.294553537021242207e-03 -7.294553537021242207e-03 4.181882594185183377e-01 4.181882594185183377e-01
-4.103797505356992836e+00 4.966988244945673259e+00 7.316060304379070622e-01 -1.259804664232468951e-01 6.056255640146601671e-01 6.056255640146601671e-01 6.500160728285272471e-01 6.500160728285272471e-01
3.118541586692028744e+00 -4.541764823331435608e-01 7.509074515453928456e-02 3.988514165363885589e-01 4.739421616909278434e-01 4.739421616909278434e-01 -8.882717722359168011e-01 -8.882717722359168011e-01
7.119249593453735869e-01 1.594114511285883218e+00 -1.920154751754221678e-01 -1.591446254280550754e-01 -3.511601006034772432e-01 -3.511601006034772432e-01 -6.707675073892428452e-01 -6.707675073892428452e-01
3.404027612833624872e+00 5.003992188759294635e+00 1.021859523927455493e+00 3.045984400328030084e-01 1.326457963960258502e+00 1.326457963960258502e+00 -5.261255948215092237e-01 -5.261255948215092237e-01
-4.364656845201357882e+00 -8.930626292777210651e-01 -1.109750691240959597e+00 -7.273247066063599497e-01 -1.837075397847319547e+00 -1.837075397847319547e+00 5.187006767064693546e-01 5.187006767064693546e-01
-5.426041355611329386e+00 1.367612869315118829e+00 1.007305482514595507e-01 -6.439327406523362995e-01 -5.432021924008767488e-01 -5.432021924008767488e-01 -6.083345363481547086e-01 -6.083345363481547086e-01
2.536855291258504508e+00 1.515633418555504264e-01 -4.280444505533336219e-01 -1.025962732690888002e+00 -1.454007183244221624e+00 -1.454007183244221624e+00 -8.990619794282408428e-01 -8.990619794282408428e-01
-1.506190446214964673e+00 3.396973038705741743e+00 -8.366986320172824509e-01 -4.156063563206996436e-01 -1.252304988337982206e+00 -1.252304988337982206e+00 -3.145535234985366579e-01 -3.145535234985366579e-01
4.816766400833564887e+00 3.072140246835743937e+00 1.002255234346543622e+00 -4.521266076943087908e-01 5.501286266522348312e-01 5.501286266522348312e-01 -3.491791412527420202e-02 -3.491791412527420202e-02
5.134562523228378694e+00 3.394804472470688950e+00 -1.045367386608943683e+00 -9.905939427072436576e-01 -2.035961329316187118e+00 -2.035961329316187118e+00 -6.251981248975686523e-01 -6.251981248975686523e-01
-5.605741414750483820e+00 -1.281887431333851524e+00 -9.610384542177996536e-02 -5.298276188025741185e-02 -1.490866073020373772e-01 -1.490866073020373772e-01 8.228184642404863247e-01 8.228184642404863247e-01
9.850729467054000210e-01 5.244368223494813464e+00 -7.195629206136313627e-01 1.163738151986495328e-01 -6.031891054149818299e-01 -6.031891054149818299e-01 9.985561314634080476e-01 9.985561314634080476e-01
1.174106787379812111e+00 6.221010956012470672e+00 -1.109129789470966854e+00 7.203352425287703475e-01 -3.887945469421965061e-01 -3.887945469421965061e-01 4.429298069914552327e-01 4.429298069914552327e-01
1.554110788556546829e+00 -3.501032310770701539e+00 2.120815989453042061e-01 -4.236499272262191917e-01 -2.115683282809149857e-01 -2.115683282809149857e-01 -3.673192999165380002e-01 -3.673192999165380002e-01
-1.945625386644611154e+00 2.724022388939733474e+00 -6.941497389911549520e-01 7.519052287801335499e-01 5.775548978897859786e-02 5.775548978897859786e-02 7.120399794422327400e-01 7.120399794422327400e-01
-8.334475790958846275e-01 -2.781942569637498863e-01 5.859262112868846017e-01 1.052926016085434346e+00 1.638852227372318948e+00 1.638852227372318948e+00 4.431903276813238812e-01 4.431903276813238812e-01
3.928380507193280025e+00 4.737953869929807382e+00 -7.550867408452743845e-01 7.889588436679242367e-01 3.387210282264985217e-02 3.387210282264985217e-02 -7.259073809788392229e-01 -7.259073809788392229e-01
4.606935443467000013e+00 1.677283909998996236e+00 1.006170010214813670e+00 3.805632997400685280e-01 1.386733309954882198e+00 1.386733309954882198e+00 9.999994653741863804e-01 9.999994653741863804e-01
6.154401467517409685e+00 6.025365532039490546e+00 6.573989998955243053e-01 -1.790316826184699117e-01 4.783673172770543935e-01 4.783673172770543935e-01 9.261949890723883971e-01 9.261949890723883971e-01
3.103120654756464702e+00 -5.237630141634589620e+00 -7.267287684799936809e-01 1.113686720013796316e+00 3.869579515338026354e-01 3.869579515338026354e-01 -5.343285226741557592e-01 -5.343285226741557592e-01
3.105422149464722281e+00 -4.925196336207564585e+00 -3.038228838307311941e-01 5.817202312970439770e-01 2.778973474663127829e-01 2.778973474663127829e-01 -2.464134659936686456e-01 -2.464134659936686456e-01
-6.084369705989980837e+00 -8.647955696844897844e-01 -4.673080815661601051e-01 -7.140887143811145421e-01 -1.181396795947274647e+00 -1.181396795947274647e+00 7.863117088625461992e-01 7.863117088625461992e-01
2.557469899444381412e+00 -4.376554346375957749e+00 1.196449217015534083e+00 -8.096046200022355421e-02 1.115488755015310529e+00 1.115488755015310529e+00 -2.457449358879988388e-01 -2.457449358879988388e-01
8.652950309555542674e-01 -6.771109953456946329e-01 4.551345577909384765e-01 -6.169268981500772853e-01 -1.617923403591388087e-01 -1.617923403591388087e-01 9.823455767664790450e-01 9.823455767664790450e-01
6.226375448477758923e-01 -4.626422752825521734e+00 4.458165580141133510e-01 3.379382977100990892e-01 7.837548557242124403e-01 7.837548557242124403e-01 -6.507742902297296572e-01 -6.507742902297296572e-01
-3.346850001472715608e+00 1.781288504209159740e-01 2.325324598703355505e-01 1.014332867252810688e+00 1.246865327123146239e+00 1.246865327123146239e+00 -9.996320448801030434e-01 -9.996320448801030434e-01
-5.567788885238432073e+00 -3.197906579207611344e+00 7.215831795101752544e-01 4.384753029678032377e-01 1.160058482477978492e+00 1.160058482477978492e+00 -7.905544358715095310e-01 -7.905544358715095310e-01
-3.304616427843310777e+00 6.771339928826662913e-01 -1.170967775963141166e+00 -6.324728368172271020e-01 -1.803440612780368379e+00 -1.803440612780368379e+00 -8.707306260633159711e-01 -8.707306260633159711e-01
-5.927475487919362962e+00 3.546001290936654726e+00 4.359488102462949488e-01 3.010449079474390999e-01 7.369937181937340487e-01 7.369937181937340487e-01 -7.247543983587223515e-01 -7.247543983587223515e-01
1.507408014492114923e+00 2.726010232270525080e+00 8.902694619865278991e-01 -9.947805383399743739e-02 7.907914081525304617e-01 7.907914081525304617e-01 -4.608659770493174768e-01 -4.608659770493174768e-01
2.416797266023561264e+00 1.666499502958265211e+00 -3.723327750809976022e-01 4.389764823116997228e-01 6.664370723070212055e-02 6.664370723070212055e-02 -5.884109971335675926e-01 -5.884109971335675926e-01
4.751563841439999436e+00 -5.875704085616341388e+00 -8.986965364590633332e-01 7.220624523120795502e-01 -1.766340841469837830e-01 -1.766340841469837830e-01 4.319520871630879721e-01 4.319520871630879721e-01
-1.080004309144303676e+00 1.874326919602578911e+00 2.303577254712330102e-01 -5.889581864146152812e-01 -3.586004609433822710e-01 -3.586004609433822710e-01 7.007681690791254248e-01 7.007681690791254248e-01
-6.052810521994031134e+00 4.410180142969366557e-02 3.167878811115292237e-01 -5.414890657867910129e-02 2.626389745328501224e-01 2.626389745328501224e-01 9.625671970893824314e-01 9.625671970893824314e-01
3.143406168673445578e+00 3.002876970316172844e-01 8.218699438953926961e-01 6.364414961604194509e-01 1.458311440055812147e+00 1.458311440055812147e+00 -9.547134299953498049e-01 -9.547134299953498049e-01
5.085436273379949412e+00 -6.073131019800589669e+00 3.887630658496554759e-02 -8.874187978253638143e-01 -8.485424912403982667e-01 -8.485424912403982667e-01 5.506156528326747734e-01 5.506156528326747734e-01
-6.087988409752820296e+00 -3.069396418973140861e+00 -9.163376895671077049e-01 5.254547714156247995e-01 -3.908829181514829054e-01 -3.908829181514829054e-01 -9.644629544373938268e-01 -9.644629544373938268e-01
-5.901171536972824150e+00 3.225717511790753278e-01 1.084644402163019938e+00 -8.370529743116448262e-01 2.475914278513751121e-01 2.475914278513751121e-01 7.618800824983839037e-01 7.618800824983839037e-01
-3.262787446079430165e+00 1.476058609745280137e+00 6.724856090874207215e-01 -7.855173884825401576e-01 -1.130317793951194361e-01 -1.130317793951194361e-01 -2.142583752152835697e-01 -2.142583752152835697e-01
-6.247115713921629343e+00 -8.129693129685078290e-01 1.193963982547990854e+00 7.004733014032118454e-01 1.894437283951202700e+00 1.894437283951202700e+00 7.130904812862023379e-01 7.130904812862023379e-01
9.388524573184531263e-01 3.701780735954447010e+00 5.800915205557328758e-01 8.823053030764167470e-01 1.462396823632149623e+00 1.462396823632149623e+00 -7.169422581774893832e-02 -7.169422581774893832e-02
-6.278133313398591042e+00 -2.585961928143524435e+00 -1.708916151628854241e-01 3.340434140837902355e-01 1.631517989209048114e-01 1.631517989209048114e-01 -8.468922625558659156e-01 -8.468922625558659156e-01
3.553133937171070400e+00 -5.617236243475159263e+00 -5.907866823667506928e-01 -9.182953912484885794e-01 -1.509082073615239272e+00 -1.509082073615239272e+00 -4.735402853578997151e-01 -4.735402853578997151e-01
-3.720824110325180900e+00 -1.704275431187356027e+00 -3.977366280148169064e-01 7.457309606576880689e-01 3.479943326428711625e-01 3.479943326428711625e-01 6.538869601702744783e-01 6.538869601702744783e-01
-3.912705354868047269e+00 -8.308459982939266908e-01 -1.064557808590704813e-01 -1.019253905674037286e+00 -1.125709686533107767e+00 -1.125709686533107767e+00 3.115732942601316668e-02 3.115732942601316668e-02
-3.858344101868142584e+00 -1.818254407547156504e+00 -2.625348030314260672e-01 1.577571519102318742e-01 -1.047776511211941930e-01 -1.047776511211941930e-01 8.215985521201418784e-01 8.215985521201418784e-01
4.009792877740405714e+00 -2.156874383892763980e+00 -5.194931673512291903e-01 1.847468315460039090e-01 -3.347463358052252813e-01 -3.347463358052252813e-01 -2.783945449238486303e-01 -2.783945449238486303e-01
4.298086954950793626e+00 -2.512255669737021524e+00 6.745099732654968872e-01 9.882316168747171670e-01 1.662741590140214054e+00 1.662741590140214054e+00 -2.133815817204304799e-01 -2.133815817204304799e-01
3.153435628856895434e+00 -3.592572842858939186e+00 8.524566813699248069e-01 2.578605444349286735e-01 1.110317225804853480e+00 1.110317225804853480e+00 9.051188210324029315e-01 9.051188210324029315e-01
-2.369461886693219999e+00 4.898714848238052255e+00 -7.741691115161714043e-01 7.580031815016430308e-02 -6.983687933660071012e-01 -6.983687933660071012e-01 -8.183054421884232710e-01 -8.183054421884232710e-01
3.829658794416225476e+00 4.813278194478385785e+00 1.182482096795563153e+00 -1.132217711609009525e+00 5.026438518655362842e-02 5.026438518655362842e-02 -7.096176164070402415e-01 -7.096176164070402415e-01
-5.792408426811726407e+00 -1.847180007136839386e+00 1.057987111683358572e+00 7.796605497245565619e-01 1.837647661407915134e+00 1.837647661407915134e+00 2.127545598085560929e-01 2.127545598085560929e-01
1.529273522329183344e+00 3.767103064141672064e+00 -1.431669916050282154e-01 1.119869982341140657e+00 9.767029907361124419e-01 9.767029907361124419e-01 5.513550544467781256e-01 5.513550544467781256e-01
9.645435258994403682e-01 -2.188936516866066384e+00 1.175720288009076908e+00 -2.013581457164590471e-01 9.743621422926178610e-01 9.743621422926178610e-01 3.395169887000678566e-01 3.395169887000678566e-01
3.862792857549356640e+00 -9.080795011462461375e-01 6.007612429792461572e-01 -9.950636661043904541e-01 -3.943024231251442968e-01 -3.943024231251442968e-01 -9.825888248848233530e-01 -9.825888248848233530e-01
5.260305081895284118e+00 5.843223151949874961e+00 2.193292374420403590e-01 1.078234641053495979e+00 1.297563878495536338e+00 1.297563878495536338e+00 1.077443849009243476e-01 1.077443849009243476e-01
6.140131684509780641e+00 3.525238379995100146e+00 4.010850928780893554e-01 -1.818228624403306348e-02 3.829028066340562919e-01 3.829028066340562919e-01 -9.711970599780600510e-01 -9.711970599780600510e-01
-7.829207953249284202e-02 3.251509830554709879e+00 -4.680144579954814699e-01 8.639966197928277136e-01 3.959821617973462438e-01 3.959821617973462438e-01 -9.994999682837052424e-01 -9.994999682837052424e-01
1.087682717488911877e+00 -3.832271974301278750e+00 2.295002355238793257e-01 8.547821711696921287e-01 1.084282406693571454e+00 1.084282406693571454e+00 -9.222237891251658937e-01 -9.222237891251658937e-01
-1.976829484408630933e+00 -2.777282379667208367e+00 5.919779330952121832e-01 2.935500688598826624e-01 8.855280019550948456e-01 8.855280019550948456e-01 4.171077955220991312e-02 4.171077955220991312e-02
5.648448612086628629e+00 -3.371528201411804204e+00 2.155767554637340044e-01 9.482083407567560851e-01 1.163785096220490090e+00 1.163785096220490090e+00 -6.488895352071667455e-01 -6.488895352071667455e-01
2.421259607326215146e+00 -1.876705739282032326e+00 -3.054028749660344655e-01 8.345304336864256545e-01 5.291275587203911890e-01 5.291275587203911890e-01 8.553584885499240231e-01 8.553584885499240231e-01
5.232710275463665184e+00 3.300332246589011476e+00 -6.456274577240800339e-01 3.090034221597925956e-02 -6.147271155081007743e-01 -6.147271155081007743e-01 -6.280625190394799606e-01 -6.280625190394799606e-01
-2.988621171379740371e+00 6.630971746749292350e-01 -7.562265833318199126e-01 8.877858558440505643e-01 1.315592725122306517e-01 1.315592725122306517e-01 -6.850903129931809055e-01 -6.850903129931809055e-01
4.879655458672367274e-01 -3.867300345175692655e+00 -8.376462401288500281e-01 -3.092467572894490591e-01 -1.146892997418299087e+00 -1.146892997418299087e+00 -9.718721963950157638e-01 -9.718721963950157638e-01
1.407825291109527477e+00 2.305487930216145287e+00 9.132926341543841087e-01 8.726230918034463269e-01 1.785915725957830436e+00 1.785915725957830436e+00 -8.409712559662002596e-01 -8.409712559662002596e-01
5.953972509087337883e+00 4.492282704373016244e+00 6.894322740582274900e-01 5.711891913692181966e-01 1.260621465427445687e+00 1.260621465427445687e+00 -5.221066017768116740e-01 -5.221066017768116740e-01
2.510237585339609723e+00 4.515320719760888224e+00 -9.237527016794317980e-01 2.276331201790022796e-01 -6.961195815004295184e-01 -6.961195815004295184e-01 7.368663972176693333e-01 7.368663972176693333e-01
-6.033364177485651680e+00 5.595910894741493280e+00 -1.230305788216274898e-01 5.134272774407071527e-01 3.903966986190796629e-01 3.903966986190796629e-01 9.058334754295609414e-01 9.058334754295609414e-01
-3.713962564113822751e+00 1.201444727323887740e+00 -6.453131307389159410e-02 -1.134818809617930579e+00 -1.199350122691822174e+00 -1.199350122691822174e+00 -8.085722292457063753e-01 -8.085722292457063753e-01
5.515210132258378195e+00 3.242371169907309891e-01 -3.764214472227456199e-02 6.473408278972456742e-01 6.096986831749711122e-01 6.096986831749711122e-01 9.031531594576157618e-01 9.031531594576157618e-01
-6.173363218544292153e-01 -3.249427846989302093e+00 9.929750996199160351e-01 1.090081217831013527e+00 2.083056317450929562e+00 2.083056317450929562e+00 -7.483856731133947671e-01 -7.483856731133947671e-01
2.771041454839195950e-01 -2.716826268201973260e+00 -1.587844148334576211e-01 -7.232441653906523937e-01 -8.820285802241100148e-01 -8.820285802241100148e-01 -7.636358208677774817e-01 -7.636358208677774817e-01
-1.897677820688450367e+00 4.369332946657861427e+00 -6.122864669714793706e-01 -6.037818088075224132e-01 -1.216068275779001784e+00 -1.216068275779001784e+00 -7.838604588235946746e-01 -7.838604588235946746e-01
5.231449873699213882e+00 2.417268579742961165e+00 9.117052833523420219e-02 -2.209200262863181274e-01 -1.297494979510839253e-01 -1.297494979510839253e-01 2.038248226429342502e-01 2.038248226429342502e-01
1.022386432902451681e+00 -6.034684077721369277e+00 1.944855778034164651e-01 1.076574644102418210e+00 1.271060221905834675e+00 1.271060221905834675e+00 2.954329492300815097e-01 2.954329492300815097e-01
4.101751303330559040e+00 -3.696036067711938600e-01 2.393768267330367294e-01 6.913189228135370179e-01 9.306957495465737473e-01 9.306957495465737473e-01 -8.306317468466424270e-01 -8.306317468466424270e-01
-3.852418422212153359e+00 5.424453604707766274e-01 4.513020176019399976e-02 1.038633379115659894e+00 1.083763580875853894e+00 1.083763580875853894e+00 -9.858574805107590544e-01 -9.858574805107590544e-01
-1.238044067202790366e+00 -2.257933943958271072e+00 1.114910176834336131e-01 -1.172184985416251601e+00 -1.060693967732817988e+00 -1.060693967732817988e+00 -9.378599554776581027e-01 -9.378599554776581027e-01
-8.765386462230173592e-01 -1.569652555924286652e+00 2.158831159185690129e-01 -4.897558754702128203e-01 -2.738727595516438074e-01 -2.738727595516438074e-01 -7.677965562495063789e-01 -7.677965562495063789e-01
3.345310876358533747e+00 4.850593562054529073e+00 -6.580633861650356797e-01 -8.822844154494301483e-01 -1.540347801614465828e+00 -1.540347801614465828e+00 -3.352992073989869426e-01 -3.352992073989869426e-01
-4.585730544888763305e+00 4.309006475467885622e+00 -4.578086768189288946e-01 -5.257067112231180728e-01 -9.835153880420469674e-01 -9.835153880420469674e-01 9.619556017264596637e-01 9.619556017264596637e-01
-3.143469061222033734e+00 4.982454119625723266e-01 1.048992923517514386e+00 7.115732811148693937e-01 1.760566204632383780e+00 1.760566204632383780e+00 -8.793175650450986147e-01 -8.793175650450986147e-01
-8.970022538979298687e-01 -1.641168937023663510e+00 8.261996629666279457e-01 -5.166090993284846444e-01 3.095905636381433013e-01 3.095905636381433013e-01 -8.233988846828385055e-01 -8.233988846828385055e-01
-5.204511463731877896e-01 -4.908639068544354167e+00 -3.717218045278051219e-01 8.156177044744017390e-01 4.438958999465966171e-01 4.438958999465966171e-01 6.569010580315831627e-01 6.569010580315831627e-01
2.053866435352594166e+00 2.193636218544817496e+00 5.311280260477699855e-01 -2.430826952903798466e-01 2.880453307573901389e-01 2.880453307573901389e-01 -4.483211947115590679e-01 -4.483211947115590679e-01
1.992651520647275021e-01 -3.971558184910337630e+00 -1.415841110187092688e-01 -3.060029606271371660e-01 -4.475870716458464349e-01 -4.475870716458464349e-01 -8.076146853974460749e-01 -8.076146853974460749e-01
5.901114212312364771e+00 3.857553888026581390e-01 -2.613621045437701795e-01 1.054605290174782661e+00 7.932431856310124818e-01 7.932431856310124818e-01 9.999932129967759042e-01 9.999932129967759042e-01
4.524244634676655608e+00 4.213147213359016874e+00 2.846417821476874277e-01 3.624182623403882086e-01 6.470600444880756363e-01 6.470600444880756363e-01 -7.729072148058740988e-01 -7.729072148058740988e-01
6.402342035770711703e-01 3.149438079726698092e+00 3.248903075722882061e-01 -6.012907039166693890e-01 -2.764003963443811829e-01 -2.764003963443811829e-01 -7.972445119185810336e-01 -7.972445119185810336e-01
-3.166303687813013745e+00 1.427397632723854670e+00 1.475790211184981882e-01 7.684859191568396142e-01 9.160649402753378023e-01 9.160649402753378023e-01 -1.673190249230404325e-01 -1.673190249230404325e-01
-5.454293795516789167e+00 -2.209940410094731078e+00 3.228449191004199026e-01 -7.728663948715932541e-01 -4.500214757711733515e-01 -4.500214757711733515e-01 1.886108625380125692e-01 1.886108625380125692e-01
-5.939022660819143873e+00 -5.107260840121723433e+00 6.549254452010826455e-01 7.343638374951981795e-01 1.389289282696280825e+00 1.389289282696280825e+00 5.068748368649272917e-02 5.068748368649272917e-02
-4.398043536264646391e-01 2.619596551661645734e+00 7.212468122291371131e-03 3.443100533779317463e-01 3.515225215002231174e-01 3.515225215002231174e-01 -5.720441392874052733e-01 -5.720441392874052733e-01
-4.301090792157697962e+00 4.203281500655604574e+00 -5.528287172182765330e-01 -5.187179616638336599e-01 -1.071546678882110193e+00 -1.071546678882110193e+00 9.952204834044211523e-01 9.952204834044211523e-01
-3.189205782322670490e+00 -5.577696196112521321e+00 4.731564690066150103e-01 -5.804888417235095632e-01 -1.073323727168945529e-01 -1.073323727168945529e-01 -7.912927195380059509e-01 -7.912927195380059509e-01
4.568401678225241014e+00 -1.796216797799061737e+00 -9.239159710794089264e-01 5.057749677590070991e-01 -4.181410033204018273e-01 -4.181410033204018273e-01 -9.325413404579724341e-01 -9.325413404579724341e-01
-4.559886652865140277e+00 1.808245996212358264e+00 -1.027326671606397346e+00 6.720335193030280152e-02 -9.601233196760945443e-01 -9.601233196760945443e-01 -9.249273090001135511e-01 -9.249273090001135511e-01
2.247313585939107128e+00 -6.124801699545119327e+00 -3.179821243598857095e-02 1.079631333312209618e+00 1.047833120876221047e+00 1.047833120876221047e+00 -7.412299720793432689e-01 -7.412299720793432689e-01
-4.858888699537970979e+00 2.174498018785490316e+00 -8.161949073857202031e-01 8.882456767381625706e-01 7.205076935244236758e-02 7.205076935244236758e-02 -8.972911671913104126e-01 -8.972911671913104126e-01
5.436154914615311640e+00 3.195702824378676254e+00 1.130599967101112879e+00 3.609555179618875176e-01 1.491555485063000397e+00 1.491555485063000397e+00 -7.017679284191596922e-01 -7.017679284191596922e-01
4.877854655251807614e-01 1.185921366909571617e+00 -1.880210735221177210e-01 9.770617325288897259e-01 7.890406590067720050e-01 7.890406590067720050e-01 -1.027289549466224028e-01 -1.027289549466224028e-01
-3.793768576082571009e+00 -4.172244987812664618e+00 1.085937076063822060e+00 -1.108081188239704584e-01 9.751289572398516015e-01 9.751289572398516015e-01 -1.117977219598511457e-01 -1.117977219598511457e-01
-1.039178501482360240e+00 -6.065391419310888210e-01 -1.096101748353219385e+00 4.071518397012794388e-01 -6.889499086519399462e-01 -6.889499086519399462e-01 -7.485124485272484640e-02 -7.485124485272484640e-02
1.532083962354920281e+00 1.712873294513775235e+00 -3.905531714662591192e-02 -6.347473041363136392e-01 -6.738026212829395512e-01 -6.738026212829395512e-01 -9.946626340763059515e-01 -9.946626340763059515e-01
-1.042732241744007915e+00 -5.567349551453900425e+00 -1.102582654580368526e-01 -4.984469711057190056e-01 -6.087052365637558582e-01 -6.087052365637558582e-01 9.470434579420627941e-01 9.470434579420627941e-01
-1.944049432628603746e+00 5.336990146649807087e+00 -2.986279804099645219e-02 1.126891229039751474e+00 1.097028430998755022e+00 1.097028430998755022e+00 -9.685780259374978662e-01 -9.685780259374978662e-01
1.550188934070054536e+00 -3.737211914412500668e+00 -5.660696538946329293e-01 -9.964756280151529921e-01 -1.562545281909785810e+00 -1.562545281909785810e+00 -5.779599860117158316e-01 -5.779599860117158316e-01
-4.267600036579003664e+00 3.710863912472229131e+00 1.144598788670040390e+00 -7.354585014628547412e-01 4.091402872071856489e-01 4.091402872071856489e-01 8.489843209094446452e-01 8.489843209094446452e-01
-2.927059327100417718e+00 3.585624124924606804e-01 6.193479795194605231e-01 -3.965967750872069209e-01 2.227512044322536022e-01 2.227512044322536022e-01 -8.402263836436781874e-01 -8.402263836436781874e-01
-1.617370296147586650e+00 -5.761994085961262613e+00 1.044367477301732849e+00 -5.161628502668526020e-01 5.282046270348802475e-01 5.282046270348802475e-01 4.569980385580025284e-01 4.569980385580025284e-01
5.094432203324036124e+00 -1.223250072338315952e+00 -1.090842850391294139e+00 5.522047616271419379e-02 -1.035622374228579945e+00 -1.035622374228579945e+00 -7.454481046046436132e-01 -7.454481046046436132e-01
-5.041594486955780496e-01 -2.235186453273132479e+00 -5.893485544453869185e-01 -7.243218496315395605e-01 -1.313670404076926479e+00 -1.313670404076926479e+00 -9.201837437394889685e-01 -9.201837437394889685e-01
-2.755490072276067792e-01 -3.874516934256762468e+00 8.959755216881568618e-01 -4.336854310209147245e-01 4.622900906672421373e-01 4.622900906672421373e-01 -5.331529694569236977e-01 -5.331529694569236977e-01
5.069297974049867150e+00 3.107924963274578900e+00 2.375646935362074608e-01 -3.255228483431329423e-01 -8.795815480692548149e-02 -8.795815480692548149e-02 -3.176416627450712737e-01 -3.176416627450712737e-01
-2.872548286108704829e-01 -4.669774066682128577e-01 5.750687100181119948e-01 2.856951233411300084e-01 8.607638333592420032e-01 8.607638333592420032e-01 7.287974689500040792e-01 7.287974689500040792e-01
1.609452974808325720e+00 8.896893990968912647e-02 2.760377399305171675e-01 8.396925154567973504e-01 1.115730255387314518e+00 1.115730255387314518e+00 -1.272794028689124279e-01 -1.272794028689124279e-01
4.459779078209162861e+00 5.544456581519021654e-01 4.534921157526035085e-01 3.738258429680785255e-01 8.273179587206820340e-01 8.273179587206820340e-01 2.972734723942611068e-01 2.972734723942611068e-01
-6.053368036174283873e+00 -2.026854728918989323e+00 -8.867743887857616469e-01 -6.612156507937014815e-01 -1.547990039579463240e+00 -1.547990039579463240e+00 -2.243160372846144945e-01 -2.243160372846144945e-01
-5.378729833899951629e+00 -4.399090700948145916e+00 5.505544758147662421e-01 -1.105412370757333784e+00 -5.548578949425675422e-01 -5.548578949425675422e-01 -9.383250744724676018e-01 -9.383250744724676018e-01
3.395920092773309307e+00 -9.043078290088546467e-01 -1.164614901840127281e+00 -2.071916059167353552e-01 -1.371806507756862636e+00 -1.371806507756862636e+00 -7.960956662071037027e-01 -7.960956662071037027e-01
-2.380230793038252912e+00 5.977102508652851753e-01 -5.408778037827288721e-01 9.009329722816488140e-01 3.600551684989199419e-01 3.600551684989199419e-01 -2.101459250868520923e-01 -2.101459250868520923e-01
4.134095908792811969e+00 6.123921322720672578e+00 9.809886548601316481e-01 1.033546541197076118e+00 2.014535196057207767e+00 2.014535196057207767e+00 -6.724818640595779939e-01 -6.724818640595779939e-01
-1.715923966632182385e-01 4.497467657429220722e+00 -1.018327483780071985e+00 1.165067795867593459e+00 1.467403120875214739e-01 1.467403120875214739e-01 -3.769616189137630080e-01 -3.769616189137630080e-01
-6.165707611735117055e+00 3.449183049961542125e+00 4.474641964136738537e-01 1.158913886210377386e+00 1.606378082624051240e+00 1.606378082624051240e+00 -9.110106551711484313e-01 -9.110106551711484313e-01
1.310804187335166127e+00 1.963235683191131287e+00 -7.476758408005956813e-01 5.630040337208896961e-01 -1.846718070797059852e-01 -1.846718070797059852e-01 -9.912416819955528480e-01 -9.912416819955528480e-01
3.618225462959767214e+00 -1.023178704401140671e+00 -1.038025576637898517e+00 1.044681048016321556e+00 6.655471378423039042e-03 6.655471378423039042e-03 -8.543248493618178507e-01 -8.543248493618178507e-01
3.100162476196439698e-01 -4.544568999006724397e+00 -1.021022228996448344e+00 -2.617950923965006726e-01 -1.282817321392949017e+00 -1.282817321392949017e+00 -4.598588421432501239e-01 -4.598588421432501239e-01
-4.704329147302804159e+00 2.002387523752368281e+00 -1.176304859138595615e+00 -3.812476241962866608e-01 -1.557552483334882165e+00 -1.557552483334882165e+00 -9.049002482049633977e-01 -9.049002482049633977e-01
7.353406659663805911e-01 6.869696878481752478e-01 -8.367853555661408649e-02 8.954003934586454161e-01 8.117218579020313296e-01 8.117218579020313296e-01 1.479409356404544351e-01 1.479409356404544351e-01
-4.932374241964649464e+00 -5.719642212408164283e+00 -9.883831650187654416e-01 -8.904576380585373929e-01 -1.878840803077302724e+00 -1.878840803077302724e+00 -3.368391382378796983e-01 -3.368391382378796983e-01
-9.211022821910681557e-01 3.680132985976992899e+00 -3.216399679928297894e-01 -3.233412931029749915e-01 -6.449812610958047809e-01 -6.449812610958047809e-01 -9.277113093083831918e-01 -9.277113093083831918e-01
-1.226571770201394962e+00 -3.557646490750074886e+00 -1.117364963262970523e+00 -8.770885895713385061e-01 -1.994453552834309029e+00 -1.994453552834309029e+00 7.176752995525388645e-02 7.176752995525388645e-02
6.156958355684571060e+00 -5.399349213255502988e+00 -9.302517000333354602e-03 -9.981927499681692018e-01 -1.007495266968502445e+00 -1.007495266968502445e+00 7.264810505717328448e-01 7.264810505717328448e-01
2.911987478839760612e+00 1.247460540395684880e+00 1.132368175147022482e+00 4.423430923951676697e-01 1.574711267542190152e+00 1.574711267542190152e+00 -5.251922063892451309e-01 -5.251922063892451309e-01
3.819685214843012488e+00 6.043465146701706203e+00 1.088824844337412445e+00 -3.535696145958288072e-01 7.352552297415836380e-01 7.352552297415836380e-01 -9.054437232778166367e-01 -9.054437232778166367e-01
3.807148323364462073e+00 -2.888632316555099777e-01 -1.348675239203553922e-01 4.352634117391351865e-01 3.003958878187797943e-01 3.003958878187797943e-01 -9.298863959700794934e-01 -9.298863959700794934e-01
-3.455249794248045792e+00 2.504573465641401597e+00 6.778520444170821335e-03 7.380294519432768485e-01 7.448079723874476699e-01 7.448079723874476699e-01 5.811328202940010401e-01 5.811328202940010401e-01
3.482725169615914496e-01 -1.517830104444009010e-01 -2.303961382694904581e-01 1.104953155728043201e+00 8.745570174585527434e-01 8.745570174585527434e-01 9.807579648491295821e-01 9.807579648491295821e-01
5.773421951418463038e+00 1.645681846826651196e+00 -3.455604335251523107e-01 1.045008273616948147e+00 6.994478400917958361e-01 6.994478400917958361e-01 4.212996111050614778e-01 4.212996111050614778e-01
3.082963383233998655e+00 1.422654041965785154e+00 8.346913049153796837e-01 -6.737570152198540940e-01 1.609342896955255897e-01 1.609342896955255897e-01 -2.053013001227071699e-01 -2.053013001227071699e-01
1.589597610565641972e+00 -1.028731683532020824e+00 1.014010793424944046e+00 -5.725902854259889985e-01 4.414205079989550473e-01 4.414205079989550473e-01 8.467948249337606814e-01 8.467948249337606814e-01
1.716621517976006928e+00 -5.516175751159339669e+00 9.232365463423064522e-01 -1.419067204265018756e-01 7.813298259158045767e-01 7.813298259158045767e-01 -7.912403792638557087e-01 -7.912403792638557087e-01
5.094310121107298528e+00 -5.306595214247135317e+00 -1.708590376483143380e-02 -3.522182256406584111e-01 -3.693041294054898449e-01 -3.693041294054898449e-01 9.775520113848610304e-01 9.775520113848610304e-01
-2.887648143451774452e+00 3.873935772480303186e+00 3.481881578050234349e-01 6.521243577971000960e-01 1.000312515602123531e+00 1.000312515602123531e+00 5.517897110923454251e-01 5.517897110923454251e-01
4.332060804334224358e+00 6.149228502241307126e+00 -2.712258377848988378e-01 6.629162029523816280e-02 -2.049342174896606750e-01 -2.049342174896606750e-01 -4.919124473425779409e-01 -4.919124473425779409e-01
-2.178444412220478910e+00 2.589323339042756800e+00 -4.958969316334640443e-01 -9.144639907847643689e-01 -1.410360922418228302e+00 -1.410360922418228302e+00 9.167701201881751638e-01 9.167701201881751638e-01
-4.913215114596609645e+00 -4.495980331828381082e+00 9.372163977890146658e-01 -9.065730474479932743e-01 3.064335034102139144e-02 3.064335034102139144e-02 -9.998785950799587985e-01 -9.998785950799587985e-01
-2.946227570103197912e+00 2.347501409982969633e+00 6.544189556500068505e-02 5.521981385766245864e-01 6.176400341416252715e-01 6.176400341416252715e-01 8.260542091928092523e-01 8.260542091928092523e-01
4.760543116692369736e+00 -6.183497844881381766e+00 1.019377952492092065e+00 3.541271659594251719e-01 1.373505118451517237e+00 1.373505118451517237e+00 1.473036211642687332e-01 1.473036211642687332e-01
2.725377665542746186e+00 4.701405163168695722e+00 -8.563445238989690900e-01 -1.810562152746801878e-01 -1.037400739173649278e+00 -1.037400739173649278e+00 4.143229801576896465e-01 4.143229801576896465e-01
9.326645770342922859e-01 -8.500446661791505321e-01 -8.501149650845349903e-01 -4.263420260814944074e-01 -1.276456991166029287e+00 -1.276456991166029287e+00 9.965889161798693330e-01 9.965889161798693330e-01
-3.112366485364775670e+00 2.801234937798991353e+00 -1.717380577174236755e-01 2.530128185449154188e-01 8.127476082749174324e-02 8.127476082749174324e-02 9.519877719180517284e-01 9.519877719180517284e-01
5.991132160510792559e+00 -4.983074181423797100e+00 -2.829584578820650842e-01 5.964487682154087089e-01 3.134903103333436247e-01 3.134903103333436247e-01 5.335042825511966402e-01 5.335042825511966402e-01
2.234311897326993090e+00 1.502771287468275041e+00 -9.594368565524823422e-01 5.378036276737778731e-01 -4.216332288787044691e-01 -4.216332288787044691e-01 -8.278734521806914159e-01 -8.278734521806914159e-01
5.906445379040787813e+00 4.526871618622815063e+00 -7.182540287157815895e-01 -4.528894021051989016e-01 -1.171143430820980491e+00 -1.171143430820980491e+00 -5.330973434108566833e-01 -5.330973434108566833e-01
-2.294821015220135596e+00 6.063160032626912610e+00 7.594617541342505440e-01 -2.885653607184125446e-01 4.708963934158379994e-01 4.708963934158379994e-01 -8.099400906858080784e-01 -8.099400906858080784e-01
-4.986009051484659338e+00 5.678956133188162170e-02 8.944467958067086055e-01 3.002905639331752141e-01 1.194737359739883820e+00 1.194737359739883820e+00 2.151354346962815189e-01 2.151354346962815189e-01
-3.174315022710444190e+00 -3.634640456806815578e+00 -8.668403566903832846e-01 -9.470767854479057446e-01 -1.813917142138289140e+00 -1.813917142138289140e+00 8.649376646295106053e-01 8.649376646295106053e-01
2.473289960918879871e+00 -3.635043967810128951e+00 6.073695740866915660e-01 2.262980486079946285e-01 8.336676226946861945e-01 8.336676226946861945e-01 3.977308369682267530e-01 3.977308369682267530e-01
-5.001826934704507011e+00 4.716570143068992138e+00 1.151016418462620594e+00 -1.094028489523530157e+00 5.698792893909043755e-02 5.698792893909043755e-02 9.595894221354619447e-01 9.595894221354619447e-01
5.821528624131090623e+00 3.352388333714117152e+00 -7.498322577186250504e-01 1.024418922965379730e+00 2.745866652467546798e-01 2.745866652467546798e-01 -9.686990470646139606e-01 -9.686990470646139606e-01
2.398881414656420574e+00 -4.439051811689465055e+00 -6.133248015081338433e-01 4.942256802353259815e-01 -1.190991212728078619e-01 -1.190991212728078619e-01 -4.523281375714852115e-01 -4.523281375714852115e-01
8.652126757599587492e-01 2.097174312946394892e-01 -7.419855281556464455e-01 5.403999811985000790e-01 -2.015855469571463665e-01 -2.015855469571463665e-01 4.757937192261172399e-01 4.757937192261172399e-01
2.839974442012287881e+00 2.931043965021594033e+00 -4.121853512381259410e-01 -1.111259835937541185e+00 -1.523445187175667126e+00 -1.523445187175667126e+00 8.716846281601632329e-01 8.716846281601632329e-01
2.390473892512545717e+00 5.961529811098410292e+00 7.361923458596724146e-01 -8.922457467708329037e-01 -1.560534009111604892e-01 -1.560534009111604892e-01 -4.776888047343046395e-01 -4.776888047343046395e-01
-2.891171380107639521e+00 -4.492247055471560557e+00 7.741875660572903328e-01 8.305310381675263809e-01 1.604718604224816714e+00 1.604718604224816714e+00 4.533883433556704645e-01 4.533883433556704645e-01
-1.297258178273785312e+00 3.981467400716329763e+00 -1.047975735704784528e+00 1.374437521797930994e-01 -9.105319835249914284e-01 -9.105319835249914284e-01 -8.972110496092087217e-01 -8.972110496092087217e-01
5.754009536305995098e+00 -4.553264284668619766e+00 2.518244951382762054e-01 -5.764999360694050834e-01 -3.246754409311288780e-01 -3.246754409311288780e-01 3.616630502593115581e-01 3.616630502593115581e-01
1.472086400145108165e+00 5.321307738136333398e+00 1.968719432243082323e-01 4.617947092009813126e-01 6.586666524252895449e-01 6.586666524252895449e-01 8.726425420237439168e-01 8.726425420237439168e-01
-6.245260545799680152e+00 -4.853178117497751742e+00 -1.175586104971738433e+00 2.193456603928245485e-02 -1.153651538932455978e+00 -1.153651538932455978e+00 1.026830689861856910e-01 1.026830689861856910e-01
4.071628114311685920e+00 -5.378255384541989592e+00 9.373254873079466254e-01 -7.081868501264787508e-01 2.291386371814678746e-01 2.291386371814678746e-01 2.611072405437945276e-01 2.611072405437945276e-01
-4.637030405973911584e+00 2.522397766390952256e+00 -7.080557723469826925e-02 -1.081448676880045534e+00 -1.152254254114743803e+00 -1.152254254114743803e+00 -5.174226390237101070e-01 -5.174226390237101070e-01
-4.149033313339097973e+00 -9.962868073615371856e-02 4.421233223597460515e-01 -5.235717884562168800e-01 -8.144846609647082847e-02 -8.144846609647082847e-02 -4.472845913141801355e-01 -4.472845913141801355e-01
3.797068166838293735e+00 4.465540380862547565e+00 -8.733284298045069782e-01 -1.191468574885377496e+00 -2.064797004689884474e+00 -2.064797004689884474e+00 -3.973496666048836889e-01 -3.973496666048836889e-01
4.553377303887156557e+00 1.812473016257532876e+00 4.327814782658090387e-02 1.408233865527157569e-01 1.841015343792966608e-01 1.841015343792966608e-01 9.965851930718436780e-01 9.965851930718436780e-01
-5.612611788312891647e+00 5.212388364242475092e+00 8.521001312336433653e-01 5.849980712429270202e-01 1.437098202476570385e+00 1.437098202476570385e+00 9.209739655835690320e-01 9.209739655835690320e-01
-2.637720754816607283e+00 -2.186960572007222048e+00 -6.235867026686946479e-01 5.807141656281125108e-01 -4.287253704058213710e-02 -4.287253704058213710e-02 1.120565021292180968e-01 1.120565021292180968e-01
3.139812133662431393e+00 -5.892407931982480029e+00 -4.495652252268566018e-01 -1.708783370061870421e-01 -6.204435622330436439e-01 -6.204435622330436439e-01 -9.252899784308298292e-01 -9.252899784308298292e-01
-8.951179726718114793e-01 -2.904188500810979345e+00 9.777507413783934620e-01 3.517198458027646080e-01 1.329470587181158070e+00 1.329470587181158070e+00 -7.913918613330989116e-01 -7.913918613330989116e-01
-2.666893748830831967e+00 -5.995225274305826524e+00 -7.118860012222774092e-01 4.131465831764367103e-01 -2.987394180458406989e-01 -2.987394180458406989e-01 -7.230016514675388084e-01 -7.230016514675388084e-01
-4.480878122948015019e+00 -5.959557502648080707e+00 -8.252410453420926384e-01 -1.956076379059783488e-01 -1.020848683248070987e+00 -1.020848683248070987e+00 -5.270611440049232099e-01 -5.270611440049232099e-01
-2.510153396250649038e+00 -9.707186827472495949e-01 5.415421091876855275e-01 -1.005080193737440064e+00 -4.635380845497545366e-01 -4.635380845497545366e-01 -9.429947230806946523e-01 -9.429947230806946523e-01
4.167672625017697641e-01 -6.146353442683968105e+00 5.576997580303932889e-01 1.949648214988120021e-01 7.526645795292052910e-01 7.526645795292052910e-01 8.506377867301833096e-01 8.506377867301833096e-01
-2.318298953334005041e+00 -2.262539364779430073e+00 2.411734926589064187e-01 -1.006190621251010775e+00 -7.650171285921043562e-01 -7.650171285921043562e-01 -1.311715637656113154e-01 -1.311715637656113154e-01
-1.078455105519969592e+00 9.864548127025525304e-01 -8.846024147100945978e-01 1.058431840365362975e+00 1.738294256552683770e-01 1.738294256552683770e-01 9.957709572273752974e-01 9.957709572273752974e-01
-3.500579501519700987e+00 -6.480371538895646211e-02 -9.330103858381559867e-01 -8.746298171589161896e-02 -1.020473367554047606e+00 -1.020473367554047606e+00 -9.115367424053074652e-01 -9.115367424053074652e-01
-3.052141535780827031e+00 -9.468871353263974555e-01 1.341605067037812127e-01 4.870361570744912161e-01 6.211966637782724288e-01 6.211966637782724288e-01 -6.543784165280784881e-01 -6.543784165280784881e-01
-1.224778469424565586e-01 4.539119317937016618e+00 5.222279092674104728e-01 3.692164780710118777e-01 8.914443873384223505e-01 8.914443873384223505e-01 -2.914549874145256902e-01 -2.914549874145256902e-01
-3.426726916773940701e+00 4.524960901625600940e-01 3.116472518002144643e-01 -4.703868239464724654e-01 -1.587395721462580012e-01 -1.587395721462580012e-01 -9.860276688890997621e-01 -9.860276688890997621e-01
-6.547892614809809331e-01 2.184651065678657744e+00 -1.880017563606977138e-01 -2.166449732783508608e-01 -4.046467296390485746e-01 -4.046467296390485746e-01 4.092309166754624916e-02 4.092309166754624916e-02
8.732925461856364535e-01 -4.087384040403781782e+00 -6.326781632150986212e-01 5.179846868596320597e-01 -1.146934763554665615e-01 -1.146934763554665615e-01 -9.973731099519846932e-01 -9.973731099519846932e-01
-2.954107962596627779e+00 2.479445695260826810e+00 3.077750331135786777e-01 5.748014155820158066e-03 3.135230472693988357e-01 3.135230472693988357e-01 8.894471290345842274e-01 8.894471290345842274e-01
-6.094451228924153696e+00 -3.839455872830810357e+00 9.511741363296108975e-01 7.664601231744483378e-01 1.717634259504059235e+00 1.717634259504059235e+00 -8.731693102053957878e-01 -8.731693102053957878e-01
1.070182357493267844e-01 5.165020095161576563e+00 1.039685611648035968e+00 -1.167796054664329120e+00 -1.281104430162931518e-01 -1.281104430162931518e-01 5.308890757121184079e-01 5.308890757121184079e-01
-1.534050005615146262e+00 2.292780936894526889e+00 4.812793742868062274e-01 6.483172502395380121e-01 1.129596624526344240e+00 1.129596624526344240e+00 7.257097154762247593e-01 7.257097154762247593e-01
5.884348504953759829e+00 3.361188332159740000e+00 2.734416057232820219e-01 1.471470918776329739e-02 2.881563149110453192e-01 2.881563149110453192e-01 -9.839792707887672352e-01 -9.839792707887672352e-01
2.250245365763300143e+00 -3.901208358785579922e+00 -5.906673097374247616e-01 9.009692694703723692e-01 3.103019597329476076e-01 3.103019597329476076e-01 -8.008082603832165913e-02 -8.008082603832165913e-02
-2.359086794931509079e+00 -3.098916825615806836e+00 -2.667038335326614718e-01 -1.173540909101402629e-01 -3.840579244428017347e-01 -3.840579244428017347e-01 6.784234969121826220e-01 6.784234969121826220e-01
5.642505497656538083e+00 -4.116011157069010551e-01 6.728724558942442702e-01 -3.539218348678516701e-01 3.189506210263926000e-01 3.189506210263926000e-01 4.955912277510550745e-01 4.955912277510550745e-01
-1.409184707145155535e+00 -2.996456704826725659e+00 -9.613426490025858140e-01 3.158897886003844135e-01 -6.454528604022014004e-01 -6.454528604022014004e-01 -3.019596286189002998e-01 -3.019596286189002998e-01
4.729845582976494711e+00 2.120358525205295663e+00 9.548417224024363659e-01 4.875272607195957342e-02 1.003594448474395939e+00 1.003594448474395939e+00 8.435059820874920566e-01 8.435059820874920566e-01
-3.011969301928198117e+00 -2.486925820401736154e+00 -2.874324093185646189e-01 1.166992277847108239e+00 8.795598685285436202e-01 8.795598685285436202e-01 7.078898061428869903e-01 7.078898061428869903e-01
-1.760464693201688746e-01 -5.407849558728665684e-01 7.706925557255150938e-01 -8.426968581162630478e-02 6.864228699138887890e-01 6.864228699138887890e-01 7.538912612931919499e-01 7.538912612931919499e-01
3.777861583689956504e+00 -3.688807088336237161e+00 2.724621592042359985e-01 -6.918687963636330762e-01 -4.194066371593970777e-01 -4.194066371593970777e-01 9.960372684048011127e-01 9.960372684048011127e-01
-4.000970909026695388e+00 -1.046477552145153034e+00 -7.981395419843488881e-01 -9.721054324740203700e-01 -1.770244974458369258e+00 -1.770244974458369258e+00 3.288253435609008180e-01 3.288253435609008180e-01
3.190302274364917423e+00 1.736907543493972028e+00 -1.007853654549078382e+00 -6.045324862555804257e-01 -1.612386140804658918e+00 -1.612386140804658918e+00 2.131723873191432306e-01 2.131723873191432306e-01
-4.097193929204939522e+00 5.906958344586588083e-02 9.346619411147492062e-01 1.247880651700730148e-01 1.059450006284822221e+00 1.059450006284822221e+00 -6.243230429596118292e-01 -6.243230429596118292e-01
-4.438537939457103398e+00 -3.096583063538163039e+00 1.039573830775741170e+00 -1.125604896412186084e+00 -8.603106563644491445e-02 -8.603106563644491445e-02 3.134848272422055548e-01 3.134848272422055548e-01
-5.817462443232633618e+00 -1.273487811422953975e+00 8.717435561132387267e-01 3.724830893393655806e-01 1.244226645452604307e+00 1.244226645452604307e+00 6.911155293010018408e-01 6.911155293010018408e-01
-4.486121069274911832e+00 -4.932188924703516442e+00 -1.137778097317752257e+00 1.196192540618177924e+00 5.841444330042566691e-02 5.841444330042566691e-02 -9.999790827757176759e-01 -9.999790827757176759e-01
5.824112669075294235e-01 5.606516351793848330e+00 9.239196452113518365e-01 -6.705742035663941891e-01 2.533454416449576474e-01 2.533454416449576474e-01 9.955610320471139918e-01 9.955610320471139918e-01
5.629359698354138075e+00 5.563918617058600802e+00 -8.510312779890343293e-01 3.072557562125477482e-01 -5.437755217764865812e-01 -5.437755217764865812e-01 1.964186035613946502e-01 1.964186035613946502e-01
9.313892996614994146e-01 1.814094893347290238e+00 -5.228653238283345051e-01 -5.088314897405963322e-01 -1.031696813568930837e+00 -1.031696813568930837e+00 -9.225694527060300798e-01 -9.225694527060300798e-01
-2.186676515972262536e+00 3.499331604407771579e-01 -1.057542659186502032e+00 -5.462379596894827438e-01 -1.603780618875984665e+00 -1.603780618875984665e+00 -2.628231208962943932e-01 -2.628231208962943932e-01
2.631237800894387746e+00 -6.052435399548956596e-01 -5.322277381888071979e-01 1.153677687253872319e+00 6.214499490650651214e-01 6.214499490650651214e-01 -4.396401017243173892e-01 -4.396401017243173892e-01
-1.677068901079600494e+00 -5.925158733350626150e+00 9.311915854235148782e-01 -1.074021686752478555e+00 -1.428301013289636767e-01 -1.428301013289636767e-01 2.491030497583954229e-01 2.491030497583954229e-01
3.086768000233160336e+00 -1.520412823545642667e-01 5.653273132054281724e-02 -9.264821724979527273e-01 -8.699494411774099101e-01 -8.699494411774099101e-01 -9.786794371009381877e-01 -9.786794371009381877e-01
-3.642060805083712882e+00 -3.275855433682351325e+00 -1.696062657204184809e-01 5.745306896313167044e-01 4.049244239108982235e-01 4.049244239108982235e-01 8.052312726615472593e-01 8.052312726615472593e-01
9.258837361996814508e-01 4.207900064259458617e+00 -1.148697693388630148e+00 2.035683223107831452e-02 -1.128340861157551833e+00 -1.128340861157551833e+00 4.090336507766944574e-01 4.090336507766944574e-01
-5.453802676142430528e+00 1.268628496814572237e+00 7.347915910881799295e-01 -6.444889547178053180e-01 9.030263637037461155e-02 9.030263637037461155e-02 -5.031282941768109307e-01 -5.031282941768109307e-01
-1.968569209127558395e+00 -8.427195531981173104e-01 2.503364248052932783e-01 2.032598712108617534e-01 4.535962960161550317e-01 4.535962960161550317e-01 -9.459438260009175314e-01 -9.459438260009175314e-01
2.658098511038243572e+00 -2.570045395654665388e+00 -1.303849046360254782e-01 1.168025867923398353e+00 1.037640963287372875e+00 1.037640963287372875e+00 9.961258285572729410e-01 9.961258285572729410e-01
-5.924603927788831825e-01 -2.366210921545763401e+00 -5.840136241128569550e-01 1.099652980115750411e+00 5.156393560028934564e-01 5.156393560028934564e-01 -9.833164892417580738e-01 -9.833164892417580738e-01
-2.295091652571357610e+00 2.600688878752139388e+00 8.394453840430335934e-01 1.573301649129146274e-01 9.967755489559482207e-01 9.967755489559482207e-01 9.536674395236067747e-01 9.536674395236067747e-01
1.489285404646920163e+00 -5.391998403491156111e+00 -5.931804430156436547e-01 -1.093652026000548894e+00 -1.686832469016192437e+00 -1.686832469016192437e+00 -7.240637261332304453e-01 -7.240637261332304453e-01
-1.058948035914424324e-01 -6.377841043122076670e-01 2.995711060451977659e-01 -2.249077735480438101e-01 7.466333249715395581e-02 7.466333249715395581e-02 7.359829238525470441e-01 7.359829238525470441e-01
2.126643259273075515e+00 -1.233189169317856937e+00 7.724384994336253030e-01 7.191860100596132455e-01 1.491624509493238548e+00 1.491624509493238548e+00 6.267242015221686779e-01 6.267242015221686779e-01
1.530662251188580569e+00 -3.406509440198135508e-02 6.353439336011665883e-01 1.154591417376713336e+00 1.789935350977879924e+00 1.789935350977879924e+00 7.413110461788251226e-02 7.413110461788251226e-02
5.124765144970119479e+00 4.123470554628619666e+00 1.031893496767962715e+00 -5.020652279215729319e-01 5.298282688463897827e-01 5.298282688463897827e-01 -9.844568476712467486e-01 -9.844568476712467486e-01
1.467480113818774967e+00 -3.499959710401910229e+00 1.462770122926684291e-01 8.708135533886773860e-01 1.017090565681345815e+00 1.017090565681345815e+00 -4.454557754105037404e-01 -4.454557754105037404e-01
5.042990541833942686e+00 1.554088218627241780e+00 -9.234899220692494026e-02 -2.649311618896675879e-01 -3.572801540965925282e-01 -3.572801540965925282e-01 9.511386231444540762e-01 9.511386231444540762e-01
4.913689096876700191e+00 5.669137378387404169e+00 3.175916991995917371e-01 -7.101060000135939188e-01 -3.925143008140021816e-01 -3.925143008140021816e-01 -4.011278958473843415e-01 -4.011278958473843415e-01
3.176219963119510936e+00 -4.765580111097183824e+00 -3.918096031171984794e-01 3.694486354349124646e-02 -3.548647395737072330e-01 -3.548647395737072330e-01 -1.856275497119494813e-02 -1.856275497119494813e-02
4.346097913251549372e+00 -1.142398298375810306e+00 -5.169024744750349010e-01 7.842449721723094846e-01 2.673424976972745837e-01 2.673424976972745837e-01 -9.980719825405278689e-01 -9.980719825405278689e-01
1.662572520336191850e+00 9.972739615308165995e-01 4.444151925784791679e-01 7.376766333055690961e-01 1.182091825884048264e+00 1.182091825884048264e+00 -8.861872251758339258e-01 -8.861872251758339258e-01
-1.793601093685019521e+00 5.982139683753111115e+00 -1.087386538742234343e-01 1.072024030175154019e+00 9.632853763009305847e-01 9.632853763009305847e-01 -5.002178889082224966e-01 -5.002178889082224966e-01
-4.069037858761094029e+00 4.372335356779682769e+00 8.954265078471370654e-01 -1.032513651589899384e+00 -1.370871437427623185e-01 -1.370871437427623185e-01 9.543568196779872448e-01 9.543568196779872448e-01
1.077682788762279742e+00 -1.631690727586001977e+00 -7.759706566263806504e-01 -6.852773260063377281e-01 -1.461247982632718490e+00 -1.461247982632718490e+00 8.504227819445555614e-01 8.504227819445555614e-01
-3.052757224607045128e+00 3.155680062377216544e+00 8.201683828460393233e-01 -7.195534422256270046e-01 1.006149406204123187e-01 1.006149406204123187e-01 9.947081186649642248e-01 9.947081186649642248e-01
4.331748683457927740e+00 4.519507174358263768e+00 -1.020644531964573165e+00 -1.118941763467238282e-01 -1.132538708311296993e+00 -1.132538708311296993e+00 -8.399951174859556779e-01 -8.399951174859556779e-01
-1.813262299152137658e+00 3.103954225126713595e+00 -4.610821348376478168e-01 1.773252645416336648e-01 -2.837568702960141520e-01 -2.837568702960141520e-01 2.764559820339912433e-01 2.764559820339912433e-01
-4.997212947920365522e+00 4.151923447914127152e+00 -6.551972034848209114e-01 9.087863431579463747e-01 2.535891396731254632e-01 2.535891396731254632e-01 6.635147170345321310e-01 6.635147170345321310e-01
-1.154386982321716992e+00 2.655456551097815421e+00 6.919228552031253532e-01 4.369590202387556577e-01 1.128881875441881011e+00 1.128881875441881011e+00 6.967027191825772570e-02 6.967027191825772570e-02
3.420289992326438266e+00 -7.022451442317949599e-01 1.178197518061080418e+00 -5.905587458934354883e-01 5.876387721676449294e-01 5.876387721676449294e-01 -9.116365420866150426e-01 -9.116365420866150426e-01
7.067356237618840353e-01 3.613482987914187206e+00 -7.347653579771827870e-01 -2.633647089610057224e-01 -9.981300669381885093e-01 -9.981300669381885093e-01 -3.821949117905463211e-01 -3.821949117905463211e-01
7.504257284633899516e-01 3.506517342915955737e-01 -7.233803926705769660e-01 -8.965658633047559611e-01 -1.619946255975333038e+00 -1.619946255975333038e+00 4.526356155782000346e-01 4.526356155782000346e-01
5.222663420843993265e+00 4.742051580225520979e+00 -5.712007086735944039e-01 -4.924511716836110775e-01 -1.063651880357205481e+00 -1.063651880357205481e+00 -8.577410495115813660e-01 -8.577410495115813660e-01
8.557756434950460900e-01 -3.561093185872293621e+00 -4.070598087319133862e-01 9.097593632603169223e-01 5.026995545284035360e-01 5.026995545284035360e-01 -9.063319600732804293e-01 -9.063319600732804293e-01
4.686280792231345416e+00 -2.551638174327436559e+00 1.035472835982985673e+00 4.006621036655404478e-01 1.436134939648526121e+00 1.436134939648526121e+00 -5.344410505187915383e-01 -5.344410505187915383e-01
-1.979779918811744643e+00 3.470677287806820388e-01 1.131169126255706425e+00 7.166887398672743270e-01 1.847857866122980752e+00 1.847857866122980752e+00 -6.187631097643036399e-02 -6.187631097643036399e-02
-1.015431679681459087e+00 5.981455041029683173e+00 8.731899492034844723e-01 8.650960016085245119e-01 1.738285950812008984e+00 1.738285950812008984e+00 2.509237144195004543e-01 2.509237144195004543e-01
-1.120777631472209990e+00 5.971820079291170202e+00 6.725389912592729669e-01 9.608160108255885401e-01 1.633355002084861507e+00 1.633355002084861507e+00 1.382096304548827981e-01 1.382096304548827981e-01
5.069016553627797350e+00 -2.456499412230122470e+00 -4.719703878994342405e-01 -7.974319558793481200e-01 -1.269402343778782249e+00 -1.269402343778782249e+00 -8.632740611476509285e-01 -8.632740611476509285e-01
-1.321032008609958730e+00 1.325488218987097788e+00 -9.053468893213920676e-01 1.008108972983312812e+00 1.027620836619207445e-01 1.027620836619207445e-01 9.999900711109678264e-01 9.999900711109678264e-01
-2.321702277232448264e+00 5.376509010819383150e+00 -6.170602200843103846e-01 3.816855831981198488e-01 -2.353746368861905358e-01 -2.353746368861905358e-01 -9.962364651158556184e-01 -9.962364651158556184e-01
-4.439339655196414824e+00 -6.217339565292192560e+00 9.210132196334421817e-01 -4.453986662622090309e-01 4.756145533712331508e-01 4.756145533712331508e-01 -3.324452081099652512e-01 -3.324452081099652512e-01
4.711906996685575777e+00 -1.972566947907594681e+00 -1.028135329339669113e+00 -5.928477294715478463e-01 -1.620983058811217070e+00 -1.620983058811217070e+00 -9.201814522770930260e-01 -9.201814522770930260e-01
5.489849989225252358e+00 -5.816813810661683348e+00 -5.057748108410159427e-01 3.378784906844307656e-01 -1.678963201565851771e-01 -1.678963201565851771e-01 9.470218340275990965e-01 9.470218340275990965e-01
6.163450208902961691e+00 -3.776250338488434277e+00 9.864431368767034858e-01 6.418164425794876671e-01 1.628259579456191153e+00 1.628259579456191153e+00 -7.286875277052009547e-01 -7.286875277052009547e-01
2.343639777168577965e+00 6.086941954593642734e+00 7.550860350279726685e-01 -9.995179030518213104e-01 -2.444318680238486419e-01 -2.444318680238486419e-01 -5.451768836637639337e-01 -5.451768836637639337e-01
-1.245657416642648840e+00 -1.311305656250496554e-01 -8.803029269973552395e-01 5.681062984644478231e-01 -3.121966285329074164e-01 -3.121966285329074164e-01 1.927935785581667283e-01 1.927935785581667283e-01
3.779267710232387500e+00 5.941224102096153814e+00 1.065342306681110740e+00 1.387807289157851898e-01 1.204123035596895930e+00 1.204123035596895930e+00 -9.565943534577753260e-01 -9.565943534577753260e-01
-2.332612236602308542e+00 -5.782290696417322629e+00 -8.207235960868495273e-01 -1.129131012139149570e+00 -1.949854608225999097e+00 -1.949854608225999097e+00 -2.579707768263592715e-01 -2.579707768263592715e-01
-3.492833521854105783e+00 3.774086307869071177e+00 6.431109078751477970e-01 -8.085842589758063248e-02 5.622524819775671645e-01 5.622524819775671645e-01 9.607084697345695812e-01 9.607084697345695812e-01
-4.205283183568408134e+00 -1.840535197797046330e+00 8.322973723101290133e-02 2.628046218563917513e-01 3.460343590874046527e-01 3.460343590874046527e-01 9.719604955985287065e-01 9.719604955985287065e-01
5.657079956192752945e+00 -2.327723023582498385e+00 -3.073461822378309449e-02 1.194922267739765731e+00 1.164187649515982637e+00 1.164187649515982637e+00 -9.824240163115112168e-01 -9.824240163115112168e-01
-1.913030626596299300e+00 3.358796192304723149e+00 6.070221959518613541e-01 -7.938859567351426172e-01 -1.868637607832812630e-01 -1.868637607832812630e-01 1.247052544044762179e-01 1.247052544044762179e-01
2.488860786849022233e+00 -4.023823528021248208e+00 -7.802483784433866809e-01 -1.902883223395397394e-01 -9.705367007829264203e-01 -9.705367007829264203e-01 3.582591745379842818e-02 3.582591745379842818e-02
-1.085905135210834871e+00 -2.065109579920030747e+00 -1.162935283337373837e+00 -1.772861269806906837e-01 -1.340221410318064521e+00 -1.340221410318064521e+00 -9.999556127065339917e-01 -9.999556127065339917e-01
-6.125402207073595839e+00 3.016903383521702509e+00 -1.138857034130831281e+00 6.679221361623062236e-01 -4.709348979685250569e-01 -4.709348979685250569e-01 -9.994524491826582979e-01 -9.994524491826582979e-01
5.218491010675174735e+00 7.277435826838800637e-01 3.359389658613893825e-01 8.776464336152016710e-01 1.213585399476591054e+00 1.213585399476591054e+00 9.437671786016046394e-01 9.437671786016046394e-01
-6.281748030835880847e+00 2.062173529351726486e+00 8.953635562730386521e-01 -9.889471589505519633e-01 -9.358360267751331119e-02 -9.358360267751331119e-02 -4.731073281252776153e-01 -4.731073281252776153e-01
-3.623787969104250273e+00 2.167319987719773522e+00 2.363152634511271888e-01 1.107774101842881054e+00 1.344089365294008243e+00 1.344089365294008243e+00 1.140794443954244869e-01 1.140794443954244869e-01
3.205457317406684936e+00 1.856940542552411699e+00 -6.458197188379699583e-01 6.499963933291927898e-01 4.176674491222831520e-03 4.176674491222831520e-03 3.429061486718324447e-01 3.429061486718324447e-01
5.953739533993136490e+00 -6.106096315550766818e+00 -6.137600082984580041e-01 1.003267965806831752e+00 3.895079575083737478e-01 3.895079575083737478e-01 9.884161392041462824e-01 9.884161392041462824e-01
-2.932504555810409475e+00 2.154242497919664601e+00 -7.553058255154743161e-01 -5.960169980344230956e-01 -1.351322823549897301e+00 -1.351322823549897301e+00 7.121347226776248984e-01 7.121347226776248984e-01
1.091179940367240420e+00 2.460045669568755144e+00 -1.179880609139924097e+00 -8.863372214462685861e-01 -2.066217830586192683e+00 -2.066217830586192683e+00 -9.172670680597646564e-01 -9.172670680597646564e-01
2.431821970475569472e-01 -9.218795257838543478e-01 -1.072577770913939688e+00 -2.157953008096979985e-02 -1.094157300994909487e+00 -1.094157300994909487e+00 7.783911693706075940e-01 7.783911693706075940e-01
-4.581348085649188384e+00 -3.918266488149772186e+00 -4.208680267128080965e-01 3.035939221708217062e-02 -3.905086344957259259e-01 -3.905086344957259259e-01 -6.017041001226027808e-01 -6.017041001226027808e-01
1.466307799034086479e+00 -4.405181444584220785e+00 1.045767039859679448e+00 -8.459939870473549561e-01 1.997730528123244920e-01 1.997730528123244920e-01 -9.795227721829866674e-01 -9.795227721829866674e-01
-5.447063223108378871e+00 -3.515015076154633267e+00 1.180668028577474216e+00 -2.401297824356838362e-01 9.405382461417903794e-01 9.405382461417903794e-01 -8.948507240756595760e-01 -8.948507240756595760e-01
5.871967542101018012e+00 6.419803644738095727e-01 5.398001933258860241e-01 -6.202597983819263527e-01 -8.045960505604032864e-02 -8.045960505604032864e-02 9.734922563790016081e-01 9.734922563790016081e-01
-2.961925186791160680e+00 -2.842391086920752041e+00 1.045807698461119317e+00 1.072147847059085946e+00 2.117955545520205263e+00 2.117955545520205263e+00 8.875166121897899441e-01 8.875166121897899441e-01
2.367670758138556764e+00 3.515370494287152425e+00 1.148814732380032622e+00 3.587203390913911161e-01 1.507535071471423738e+00 1.507535071471423738e+00 9.210048868827985791e-01 9.210048868827985791e-01
-2.974500507674683547e+00 1.430946315949532810e+00 -9.037947364446482501e-01 2.861119150397735122e-01 -6.176828214048747379e-01 -6.176828214048747379e-01 2.723876564268086498e-02 2.723876564268086498e-02
-1.285830788873274066e+00 3.866652246352735744e+00 1.075702795650300692e+00 1.155385117809869966e+00 2.231087913460170657e+00 2.231087913460170657e+00 -8.468452103746263449e-01 -8.468452103746263449e-01
3.765076420693155512e+00 8.251344415487551487e-01 -1.030699092615121826e+00 2.434401832770913821e-01 -7.872589093380304437e-01 -7.872589093380304437e-01 -1.218743761119951835e-01 -1.218743761119951835e-01
-3.970844916705902783e+00 4.482455770309739407e+00 -4.138333341304196722e-01 -4.283058682207818713e-02 -4.566639209524978593e-01 -4.566639209524978593e-01 8.719569935883824119e-01 8.719569935883824119e-01
5.426926845585763104e+00 -2.238965332379029505e+00 9.325010480549471570e-01 6.452468358906189305e-01 1.577747883945566088e+00 1.577747883945566088e+00 -9.989251570320213380e-01 -9.989251570320213380e-01
5.841352308862804321e+00 -4.889318841213829536e+00 -9.049085482747716291e-01 1.876174041804916648e-01 -7.172911440942799643e-01 -7.172911440942799643e-01 5.800278338629737407e-01 5.800278338629737407e-01
3.862406318192364907e+00 -4.595036562994749829e+00 2.172493143530811466e-01 8.343041021745298824e-01 1.051553416527611029e+00 1.051553416527611029e+00 7.434177963492708541e-01 7.434177963492708541e-01
-4.758338470714392088e+00 -4.056912456375005860e+00 4.532286216447960481e-01 2.098080461701845589e-01 6.630366678149806070e-01 6.630366678149806070e-01 -8.199188731733828561e-01 -8.199188731733828561e-01
-5.934049448639170166e+00 -8.498498316953373433e-04 -1.335644221292946465e-01 7.602095145042400137e-01 6.266450923749453672e-01 6.266450923749453672e-01 9.399590565870508119e-01 9.399590565870508119e-01
2.146195241815073373e+00 -1.148098490839648989e+00 1.158215494332204942e+00 -3.993354507650455076e-01 7.588800435671594347e-01 7.588800435671594347e-01 5.419028551487155010e-01 5.419028551487155010e-01
9.109175723150713111e-01 4.880607876201914053e+00 -1.184561551868772433e-01 5.360665065463348089e-01 4.176103513594575656e-01 4.176103513594575656e-01 8.815504710405722699e-01 8.815504710405722699e-01
3.859197705740850637e+00 9.954701740823068690e-02 -1.736037607272860051e-01 -6.237716300130957681e-01 -7.973753907403817731e-01 -7.973753907403817731e-01 -6.843006902913746359e-01 -6.843006902913746359e-01
-5.403261097991915562e+00 5.452580986622004744e+00 9.581302789583248103e-01 2.858871198039851791e-01 1.244017398762309989e+00 1.244017398762309989e+00 9.987840208069310721e-01 9.987840208069310721e-01
-1.898799435150588799e+00 -3.783131968437916548e+00 2.512129256380506437e-01 3.619950160216729440e-01 6.132079416597235877e-01 6.132079416597235877e-01 8.246269590432732111e-01 8.246269590432732111e-01
1.539328907041141115e+00 5.255992443672418801e+00 -2.867182146968638712e-01 -6.228376204725892817e-01 -9.095558351694531529e-01 -9.095558351694531529e-01 8.716997495600219414e-01 8.716997495600219414e-01
-5.298146472291652920e+00 -2.624436984366676828e+00 9.113331444033139217e-01 1.003177746785550717e-01 1.011650919081868993e+00 1.011650919081868993e+00 -6.854802624608848094e-02 -6.854802624608848094e-02
3.064006047670275734e+00 -4.064604710846559499e+00 8.752467474324825414e-01 1.142971834944932263e+00 2.018218582377414805e+00 2.018218582377414805e+00 5.397984513841933563e-01 5.397984513841933563e-01
3.727043247862411590e+00 -5.469638681685607295e+00 -3.679322847394123075e-01 -1.165035043768003709e+00 -1.532967328507416127e+00 -1.532967328507416127e+00 -1.709552467881003401e-01 -1.709552467881003401e-01
1.025131934446909199e+00 -3.796421188903451593e-01 1.176974872535872185e+00 2.448188123328032262e-01 1.421793684868675411e+00 1.421793684868675411e+00 7.988051947472417647e-01 7.988051947472417647e-01
3.740239519757940556e+00 -1.790567479733081946e+00 1.101126037528801005e+00 8.089861112226315321e-02 1.182024648651064158e+00 1.182024648651064158e+00 -3.698761498438007389e-01 -3.698761498438007389e-01
6.637805607491147342e-01 -1.318251624135307942e+00 6.259258951338144694e-01 -4.924298891112871557e-01 1.334960060225273137e-01 1.334960060225273137e-01 7.933700237770013874e-01 7.933700237770013874e-01
5.428321116579063244e+00 -9.255363902991451397e-01 -8.418335224565999253e-01 9.981978960238968579e-01 1.563643735672969326e-01 1.563643735672969326e-01 -2.080728318123402087e-01 -2.080728318123402087e-01
-2.228256310718170319e+00 -4.114171681003597314e+00 8.262240121802364445e-01 -5.981444239847945044e-01 2.280795881954419402e-01 2.280795881954419402e-01 9.982456653525645374e-01 9.982456653525645374e-01
5.161923634840032804e+00 4.651966681193567155e+00 1.073702203089502261e+00 1.108987710833024165e+00 2.182689913922526426e+00 2.182689913922526426e+00 -9.252461676842911320e-01 -9.252461676842911320e-01
5.133804115451354733e+00 -4.274656420309812077e+00 2.108916151108475301e-01 1.282408949958377953e-01 3.391325101066853254e-01 3.391325101066853254e-01 6.530831440111886099e-01 6.530831440111886099e-01
-3.728527177037691764e+00 3.257153617496957310e+00 8.243859025527731088e-01 1.136445266007104715e+00 1.960831168559877824e+00 1.960831168559877824e+00 8.909453810672119944e-01 8.909453810672119944e-01
2.044797468606533997e+00 -2.907228284580430255e+00 6.975287846150370896e-01 -2.504441465578828296e-01 4.470846380571542600e-01 4.470846380571542600e-01 6.505933665887273509e-01 6.505933665887273509e-01
3.752371606677618487e+00 5.664334632707440420e+00 8.641602501029186367e-01 -7.870144036106496710e-01 7.714584649226896573e-02 7.714584649226896573e-02 -9.999674238338162047e-01 -9.999674238338162047e-01
1.030620580847751988e+00 4.247156330577585237e+00 -5.385525533739389248e-01 -9.340909447297052193e-01 -1.472643498103644255e+00 -1.472643498103644255e+00 5.357434178501523370e-01 5.357434178501523370e-01
5.789427993618838642e-01 2.116882634204030111e+00 -4.086358098137737871e-01 2.286474736158148335e-01 -1.799883361979589536e-01 -1.799883361979589536e-01 -9.022801438730334578e-01 -9.022801438730334578e-01
4.958773580485065224e+00 -2.905051647118321867e-01 -1.569720638195772899e-01 7.883235554051311045e-01 6.313514915855538145e-01 6.313514915855538145e-01 -4.410625164466876885e-02 -4.410625164466876885e-02
-6.107864670514956629e+00 -1.939005799341147807e+00 -2.522825699116788556e-01 9.670004003385817004e-01 7.147178304269028448e-01 7.147178304269028448e-01 -1.916949520526627093e-01 -1.916949520526627093e-01
-5.655451628593879398e+00 -2.838494619708112232e+00 -8.115654861027956635e-01 -1.197520961621436841e+00 -2.009086447724232727e+00 -2.009086447724232727e+00 -5.971670582907148139e-01 -5.971670582907148139e-01
2.142157910608846194e+00 -5.461700108262690812e+00 8.194131763100240828e-01 8.843714791266530373e-01 1.703784655436677120e+00 1.703784655436677120e+00 -9.842087165619258782e-01 -9.842087165619258782e-01
-5.282574504255586945e+00 -3.415467485575777840e+00 1.033343566199628194e+00 -9.467830080063965870e-01 8.656055819323160705e-02 8.656055819323160705e-02 -7.473471108511233751e-01 -7.473471108511233751e-01
-5.953713073555842783e+00 -2.005852989968001765e+00 1.027461788401742959e+00 -1.432339017945762905e-01 8.842278866071666688e-01 8.842278866071666688e-01 -1.053883617372290832e-01 -1.053883617372290832e-01
6.249543253762825046e+00 2.881706529576220532e+00 2.029134386799114065e-01 9.478548483670181657e-01 1.150768287046929572e+00 1.150768287046929572e+00 -9.572290232981108815e-01 -9.572290232981108815e-01
-2.207126424875175630e+00 1.208042179627177859e-01 3.589993317083493007e-01 -7.787987264318507741e-02 2.811194590651642233e-01 2.811194590651642233e-01 -4.929924505488991193e-01 -4.929924505488991193e-01
1.162538429137960350e+00 2.368727157158810215e+00 -9.481111960081727297e-01 2.872367809292706298e-01 -6.608744150789020999e-01 -6.608744150789020999e-01 -9.250333575807144770e-01 -9.250333575807144770e-01
-5.214488228501059197e+00 -6.118108977561757200e+00 -6.340448708459670568e-01 1.387052829567947398e-02 -6.201743425502875828e-01 -6.201743425502875828e-01 3.306789609622244885e-01 3.306789609622244885e-01
5.372231262075125358e+00 -3.597836885343946189e+00 -7.378655497078357994e-01 -1.976823676459602552e-01 -9.355479173537960547e-01 -9.355479173537960547e-01 -2.021943656928509303e-01 -2.021943656928509303e-01
3.635191252394340822e+00 -2.356177167550361773e+00 -4.918114194012098705e-01 -9.977206765522637077e-01 -1.489532095953473689e+00 -1.489532095953473689e+00 2.876595924876117483e-01 2.876595924876117483e-01
4.775199326910286146e+00 -2.132802917430239198e+00 -2.572249320072901302e-01 1.213909416188689860e-01 -1.358339903884211441e-01 -1.358339903884211441e-01 -8.779676194799965749e-01 -8.779676194799965749e-01
-2.483962150695224746e+00 -3.455634598645129785e-02 3.748837145858372466e-01 8.879428326518581382e-01 1.262826547237695385e+00 1.262826547237695385e+00 -8.120884204712779386e-01 -8.120884204712779386e-01
-2.331476298628368138e+00 -5.100686382904185301e+00 -7.552376497495574270e-01 7.901414167596776394e-02 -6.762235080735896631e-01 -6.762235080735896631e-01 4.094206429459155139e-01 4.094206429459155139e-01
-4.649198079485379331e+00 2.397955330984773425e-01 7.829460851817391376e-01 -7.449902395401942767e-01 3.795584564154486085e-02 3.795584564154486085e-02 -2.983719339507759361e-01 -2.983719339507759361e-01
5.624065865634937822e+00 3.486775146443049422e+00 3.440590191579253609e-01 -1.090804281502550932e+00 -7.467452623446255711e-01 -7.467452623446255711e-01 -9.511251924201630237e-01 -9.511251924201630237e-01
2.653043061866005914e+00 -3.266465936522839897e-01 3.197022379355460853e-01 8.739458274336644461e-01 1.193648065369210531e+00 1.193648065369210531e+00 -6.857256111383231989e-01 -6.857256111383231989e-01
-5.406639810045357208e-01 -1.822716229010599598e+00 -1.989541965435408510e-01 -7.128258052277924861e-02 -2.702367770663200996e-01 -2.702367770663200996e-01 -7.121695531760530162e-01 -7.121695531760530162e-01
5.280470793332948887e+00 2.140681635477813316e+00 8.398332845554052906e-01 4.108927672902384920e-02 8.809225612844291398e-01 8.809225612844291398e-01 4.194407811914836470e-01 4.194407811914836470e-01
-5.047322544484680762e+00 -3.942278718390408443e-01 8.890196563753585135e-01 1.127689368827313521e+00 2.016709025202672034e+00 2.016709025202672034e+00 6.662445241360620551e-01 6.662445241360620551e-01
5.143330098241817083e+00 5.494671464598891220e+00 -5.110945292267792261e-01 1.482870254639365726e-01 -3.628075037628426536e-01 -3.628075037628426536e-01 -3.500015185439239729e-01 -3.500015185439239729e-01
-5.953808331906060403e+00 -9.354231579910470273e-01 4.903521561213830537e-01 -4.077226747222216785e-01 8.262948139916137524e-02 8.262948139916137524e-02 8.219066185728357565e-01 8.219066185728357565e-01
-6.272284357567103896e-01 3.731737716854141240e+00 1.771268859968471165e-01 2.494745785912353409e-01 4.266014645880824574e-01 4.266014645880824574e-01 -9.993124905349531906e-01 -9.993124905349531906e-01
3.210243397278125244e+00 3.128126219769452376e+00 6.039369697950971450e-01 -1.756287613242346612e-01 4.283082084708624837e-01 4.283082084708624837e-01 9.984777323455221731e-01 9.984777323455221731e-01
-5.894268624230179832e+00 -5.327841062568710484e+00 1.122468590306873848e+00 7.268795674378174532e-01 1.849348157744691301e+00 1.849348157744691301e+00 2.246027966884955318e-01 2.246027966884955318e-01
-6.012696626702101810e+00 9.207665200493027058e-01 -6.537654280265926543e-01 -2.484895438737025897e-01 -9.022549719002952440e-01 -9.022549719002952440e-01 3.704942905694832422e-01 3.704942905694832422e-01
4.580183599376502102e+00 -2.239076376147685288e+00 -7.560408826780083968e-01 1.146912944063917861e+00 3.908720613859094639e-01 3.908720613859094639e-01 -6.963584008477866627e-01 -6.963584008477866627e-01
5.261959540795805523e+00 5.143566146338311995e+00 1.138110306948219241e+00 -1.077333830817320814e+00 6.077647613089842693e-02 6.077647613089842693e-02 -5.564014063301457869e-01 -5.564014063301457869e-01
2.872492220899628634e+00 1.654320303327650343e+00 4.283578895950177490e-01 -8.383440186041490882e-01 -4.099861290091313393e-01 -4.099861290091313393e-01 -1.845131225878057502e-01 -1.845131225878057502e-01
-3.170081850263202661e+00 3.448339435836388134e+00 -9.864042700262928287e-01 1.060526990848092543e+00 7.412272082179971466e-02 7.412272082179971466e-02 9.615355052504607203e-01 9.615355052504607203e-01
2.768679240015105236e+00 -3.407827916259470236e+00 -1.163031552499389720e+00 -7.297633284024187539e-01 -1.892794880901808474e+00 -1.892794880901808474e+00 8.026038738285801166e-01 8.026038738285801166e-01
-4.889684124121751907e+00 -1.609474086624644862e+00 8.824397266191374989e-02 -7.561559463038360906e-01 -6.679119736419223408e-01 -6.679119736419223408e-01 9.767683653914025488e-01 9.767683653914025488e-01
-2.344580924929603238e+00 4.074492859920590959e+00 1.136369753580470876e+00 4.607613708581250744e-01 1.597131124438595950e+00 1.597131124438595950e+00 -1.584450487047754375e-01 -1.584450487047754375e-01
-3.666936834286338431e+00 2.605217263808084383e+00 4.495275584985356510e-01 8.292424212736955180e-01 1.278769979772231169e+00 1.278769979772231169e+00 4.873712830875295832e-01 4.873712830875295832e-01
4.419239115096955217e+00 1.863753060782904925e+00 -3.406082063689540584e-01 -1.581356885197227058e-03 -3.421895632541512855e-01 -3.421895632541512855e-01 9.999999813501505574e-01 9.999999813501505574e-01
-1.940741141389239921e+00 6.242387645118716577e+00 -6.358275261815650170e-01 -1.174322392453982067e+00 -1.810149918635547195e+00 -1.810149918635547195e+00 -3.992901588518175671e-01 -3.992901588518175671e-01
3.975390342033602309e+00 -5.625801434317133420e+00 4.187972259894179317e-01 5.790041647964616622e-01 9.978013907858795939e-01 9.978013907858795939e-01 -7.953068563051977902e-02 -7.953068563051977902e-02
-4.568438369261404119e+00 -4.943812809936317443e+00 7.697915966950517053e-01 6.235809521186337356e-01 1.393372548813685441e+00 1.393372548813685441e+00 -9.961766568414107681e-01 -9.961766568414107681e-01
-9.036327585148926644e-01 -5.948569439468249342e+00 -4.296327011413122454e-01 3.850985462666391967e-01 -4.453415487467304867e-02 -4.453415487467304867e-02 8.424310854564497353e-01 8.424310854564497353e-01
-3.019719049038871006e+00 4.397851322957583520e+00 -9.725594005026501065e-01 1.070532071634151761e+00 9.797267113150165407e-02 9.797267113150165407e-02 1.914743329068146482e-01 1.914743329068146482e-01
-5.940283943422215884e+00 3.927082603953198969e+00 3.885320828083143052e-01 -1.038985295210747228e+00 -6.504532124024329232e-01 -6.504532124024329232e-01 -4.281141703506923801e-01 -4.281141703506923801e-01
4.937185121523988585e+00 4.975905357561117626e+00 2.957931484502016595e-01 -2.908051952118435590e-01 4.987953238358100450e-03 4.987953238358100450e-03 -8.831257745368710221e-01 -8.831257745368710221e-01
-1.676898669389313312e+00 -3.306605391339565880e+00 -1.482082202139456406e-02 -7.572105492235736701e-01 -7.720313712449682342e-01 -7.720313712449682342e-01 2.678059526214865427e-01 2.678059526214865427e-01
7.115287237578815649e-02 -5.431098240027643520e+00 -1.198165474852348700e+00 2.451519051277084582e-01 -9.530135697246402415e-01 -9.530135697246402415e-01 6.032392803087959221e-01 6.032392803087959221e-01
5.586942476981143102e+00 4.471471138015161273e+00 -3.703698880895388568e-01 -7.590254114975958366e-01 -1.129395299587134804e+00 -1.129395299587134804e+00 -8.058802461608136625e-01 -8.058802461608136625e-01
-6.039812936908752761e+00 3.895433024451275372e+00 9.162494953987374569e-01 9.497498604688898727e-01 1.865999355867627330e+00 1.865999355867627330e+00 -5.426456015434615310e-01 -5.426456015434615310e-01
1.400079454735525530e-01 8.944207173651763654e-01 -1.066323809490948848e+00 8.384906417535715750e-01 -2.278331677373772735e-01 -2.278331677373772735e-01 5.110171206288285362e-01 5.110171206288285362e-01
2.473067971335916937e+00 -6.424074841799587432e-01 -9.562044577292011516e-01 8.811343199978123319e-01 -7.507013773138881962e-02 -7.507013773138881962e-02 -2.569492754549777547e-01 -2.569492754549777547e-01
-3.827346018587981735e+00 4.548605913648255950e+00 3.769570190949349531e-01 -1.095716299884055722e+00 -7.187592807891207691e-01 -7.187592807891207691e-01 7.509743771857326777e-01 7.509743771857326777e-01
-1.550937506012157741e+00 -4.469664502541792928e+00 -8.958878787673854038e-01 -3.561002247349376315e-01 -1.251988103502323035e+00 -1.251988103502323035e+00 9.657226384697803478e-01 9.657226384697803478e-01
4.320826262149545016e+00 -5.549778665653745335e+00 -1.061799586540383089e+00 -5.545534613158441539e-01 -1.616353047856227132e+00 -1.616353047856227132e+00 3.352248915041542987e-01 3.352248915041542987e-01
4.229004053211236069e-01 -4.488791994236082772e+00 -1.389573344957619749e-01 -4.892881836098293968e-01 -6.282455181055913718e-01 -6.282455181055913718e-01 -6.023943292435762764e-01 -6.023943292435762764e-01
-5.877001672595132398e+00 4.711164402803548867e+00 -5.531778603173287401e-02 2.865411976722231913e-01 2.312234116404903173e-01 2.312234116404903173e-01 3.939811292341363069e-01 3.939811292341363069e-01
-6.767464076242708515e-01 6.174442328795377577e+00 -3.512453110391878797e-01 -6.834969921733737852e-01 -1.034742303212561776e+00 -1.034742303212561776e+00 7.070422741176616288e-01 7.070422741176616288e-01
1.315901334130607836e+00 2.713653692021471997e+00 -1.009580200900034530e+00 8.082049196491947196e-01 -2.013752812508398105e-01 -2.013752812508398105e-01 -6.309941015563553801e-01 -6.309941015563553801e-01
-3.787882496352560580e+00 -3.116044215176975829e+00 8.881708041729763359e-02 -9.168141552225250734e-02 -2.864335104954873756e-03 -2.864335104954873756e-03 8.134474510199917185e-01 8.134474510199917185e-01
-5.449597193109637416e+00 -6.244067982078414403e+00 1.095123623412556979e+00 -1.000344267127205367e+00 9.477935628535161250e-02 9.477935628535161250e-02 6.427563444460822062e-01 6.427563444460822062e-01
5.074827686541855343e+00 2.480210438694065544e+00 -2.568648049401205391e-01 2.771449706751787367e-01 2.028016573505819764e-02 2.028016573505819764e-02 2.945107372706670668e-01 2.945107372706670668e-01
-3.619615322786564615e+00 -5.736117614376242457e+00 -7.731246049167634915e-01 1.157947484404905358e+00 3.848228794881418668e-01 3.848228794881418668e-01 -9.976173391380214195e-01 -9.976173391380214195e-01
1.174722020951135981e+00 3.803708684794377959e+00 8.087946773124292665e-01 -9.360576661312309810e-01 -1.272629888188017144e-01 -1.272629888188017144e-01 2.629144871905260139e-01 2.629144871905260139e-01
-4.555627224778586282e+00 -2.643929867659092103e+00 2.776902892894770325e-01 9.414574302628138103e-01 1.219147719552290843e+00 1.219147719552290843e+00 6.087027763503740641e-01 6.087027763503740641e-01
-4.782043740187789993e+00 -6.706037919977996253e-01 1.051268503575245594e+00 -7.580938651780839699e-01 2.931746383971616243e-01 2.931746383971616243e-01 6.744788214640375923e-01 6.744788214640375923e-01
-2.774859727245319263e+00 5.084743144956682670e+00 -6.389551377501457852e-01 2.725200637443250251e-01 -3.664350740058207601e-01 -3.664350740058207601e-01 -6.736134760898546681e-01 -6.736134760898546681e-01
-5.723329889820194083e+00 9.098694772281490373e-01 -2.133609286968907170e-02 -9.830166823324832936e-01 -1.004352775202172365e+00 -1.004352775202172365e+00 1.008994386492617495e-01 1.008994386492617495e-01
-4.454046628472605462e+00 6.201007062846022322e+00 -4.927391002538298315e-01 -2.590419145670714851e-01 -7.517810148209013166e-01 -7.517810148209013166e-01 -1.752543469903988793e-01 -1.752543469903988793e-01
-6.002572873057289371e+00 -4.455210536930335863e+00 7.223869339160542413e-01 3.222738066572961024e-01 1.044660740573350344e+00 1.044660740573350344e+00 -5.122399551652234706e-01 -5.122399551652234706e-01
-6.048856557965983427e+00 -4.622399416707696496e+00 7.571446296135027065e-01 6.026155375747344056e-01 1.359760167188237112e+00 1.359760167188237112e+00 -3.186627104316538395e-01 -3.186627104316538395e-01
1.778973448089486098e+00 -6.573594113777208037e-01 9.859347338082200540e-01 -1.100221838521998619e+00 -1.142871047137785645e-01 -1.142871047137785645e-01 4.342290842483385593e-01 4.342290842483385593e-01
-5.936277929774863793e+00 -1.553665640677276194e+00 1.102729456439477174e+00 7.370637639986545864e-01 1.839793220438131760e+00 1.839793220438131760e+00 3.560505617485116292e-01 3.560505617485116292e-01
4.132398298063778341e+00 8.105097961504474924e-01 -4.731400686778114428e-01 1.249341149394307404e-01 -3.482059537383807024e-01 -3.482059537383807024e-01 2.284829364858930456e-01 2.284829364858930456e-01
-4.532987109812370186e+00 3.440663317457774539e+00 -1.057974702754266305e+00 -1.133491823706324064e+00 -2.191466526460590369e+00 -2.191466526460590369e+00 4.604237831719799612e-01 4.604237831719799612e-01
-1.495195482167148704e+00 2.099383084566337487e-01 -1.186086256997546329e+00 -6.740308661825805681e-01 -1.860117123180126786e+00 -1.860117123180126786e+00 2.816748149459467609e-01 2.816748149459467609e-01
1.245456857581262788e+00 -7.561082882193117527e-01 -7.419121363864621399e-01 -1.349524974606661765e-01 -8.768646338471283164e-01 -8.768646338471283164e-01 8.826392514968446346e-01 8.826392514968446346e-01
4.205030210141341485e+00 -3.515640399297036200e+00 -1.070127215222400174e+00 2.859235954077772313e-01 -7.842036198146229431e-01 -7.842036198146229431e-01 7.716342794794716076e-01 7.716342794794716076e-01
