-4.663049668911513734e+00 4.862692590000024850e+00 1.060002708935415372e+00 1.149626205601974815e+00 2.209628914537390187e+00 2.209628914537390187e+00 9.801374559862556790e-01 9.801374559862556790e-01
-5.316122073181275276e+00 -2.071173191651958234e-01 3.839293164558297278e-01 -4.153386005419424931e-01 -3.140928408611276534e-02 -3.140928408611276534e-02 7.248732701120691457e-01 7.248732701120691457e-01
-1.919720231115583431e+00 -1.359719771604684269e+00 9.224648717806809284e-01 7.634425200576695492e-01 1.685907391838350478e+00 1.685907391838350478e+00 -9.905140893047964523e-01 -9.905140893047964523e-01
4.682866246035832347e+00 -3.004562673003345896e+00 2.066590601787474668e-01 1.100477626188155478e+00 1.307136686366902945e+00 1.307136686366902945e+00 -1.073002745291103122e-01 -1.073002745291103122e-01
3.149069932239491720e+00 -1.110672212489289379e+00 1.398802180061964329e-01 -2.491570560112307264e-01 -1.092768380050342936e-01 -1.092768380050342936e-01 -4.507464626544992470e-01 -4.507464626544992470e-01
2.890146645225621924e+00 -1.189110627833997569e+00 -5.367908334310814711e-01 -4.555308042139124547e-01 -9.923216376449939258e-01 -9.923216376449939258e-01 -1.298718069555728216e-01 -1.298718069555728216e-01
3.745366975381628549e+00 2.283811505174870859e+00 2.899371821708296437e-02 6.923241288586592379e-01 7.213178470757422023e-01 7.213178470757422023e-01 9.679133418234100450e-01 9.679133418234100450e-01
-2.363168882688312600e+00 -3.482595973472248474e+00 -1.077582458810985910e+00 -7.295981897262262539e-01 -1.807180648537212164e+00 -1.807180648537212164e+00 9.058473835744117464e-01 9.058473835744117464e-01
-5.260430110020104522e-01 -7.373761528186841829e-01 -7.169597621739229876e-01 -3.457738770816379814e-01 -1.062733639255561080e+00 -1.062733639255561080e+00 3.025597742689143943e-01 3.025597742689143943e-01
-3.943414989485725108e+00 -3.501035510362544567e+00 -7.924331923878846773e-01 -7.855279532278816035e-01 -1.577961145615766281e+00 -1.577961145615766281e+00 3.981792775300392329e-01 3.981792775300392329e-01
1.021305038435809998e+00 -4.427313597038175175e+00 -2.584345438428974351e-01 6.795630493764148738e-02 -1.904782389052559477e-01 -1.904782389052559477e-01 -9.652453161344888288e-01 -9.652453161344888288e-01
2.287169166986444679e-01 1.418325449707504404e+00 -1.979059176075441684e-01 1.600064144712829428e-01 -3.789950313626122558e-02 -3.789950313626122558e-02 -7.617218555000240809e-02 -7.617218555000240809e-02
-6.644420883848143333e-01 1.728915129596110489e+00 3.321362538646766005e-01 7.174875936196318804e-01 1.049623847484308481e+00 1.049623847484308481e+00 4.849651221572631732e-01 4.849651221572631732e-01
5.271373990595645154e+00 6.031384473747463559e+00 -2.678301187941473094e-01 -1.121337836895927920e+00 -1.389167955690075118e+00 -1.389167955690075118e+00 3.023758276238624476e-01 3.023758276238624476e-01
-2.886144662546531681e+00 2.863727056695058337e+00 4.658097001991516883e-01 -2.366682081006707961e-01 2.291414920984808923e-01 2.291414920984808923e-01 9.997487359969156051e-01 9.997487359969156051e-01
-5.062974688436875148e+00 5.125515883208485945e+00 -9.113343720492728117e-01 1.063349425446669771e+00 1.520150533973969598e-01 1.520150533973969598e-01 9.980449368559184409e-01 9.980449368559184409e-01
-2.279929784448087915e+00 2.266328176949791384e+00 -1.407020560020333377e-01 1.173812249351497750e+00 1.033110193349464412e+00 1.033110193349464412e+00 9.999074995628214335e-01 9.999074995628214335e-01
2.595894318578640281e+00 -3.547953347314400929e+00 -9.906506732759368106e-02 -1.188510275421186702e+00 -1.287575342748780383e+00 -1.287575342748780383e+00 5.800070116976706602e-01 5.800070116976706602e-01
-2.720382404872440762e+00 -1.029069995076631550e+00 -3.458660288619165302e-01 -6.969534506947306918e-01 -1.042819479556647222e+00 -1.042819479556647222e+00 -8.208722213023225134e-01 -8.208722213023225134e-01
5.942881569818020182e+00 -1.791654668532219219e+00 -1.165796363639289845e+00 8.263848335587733462e-01 -3.394115300805164992e-01 -3.394115300805164992e-01 -5.321704164909463186e-01 -5.321704164909463186e-01
4.033719890969331701e+00 -6.736276420374256446e-01 -3.498604276145692582e-01 -4.673591762465062471e-01 -8.172196038610755053e-01 -8.172196038610755053e-01 -9.762237834738501929e-01 -9.762237834738501929e-01
-5.671325002628253564e+00 3.182309197219932884e+00 1.158177332834190443e+00 5.340002100238128158e-01 1.692177542858003259e+00 1.692177542858003259e+00 -7.945216837307560453e-01 -7.945216837307560453e-01
-3.256841604158142722e+00 -3.563103143985592691e+00 -4.987743235979471557e-01 5.969335353807316835e-01 9.815921178278452786e-02 9.815921178278452786e-02 8.593702629901729395e-01 8.593702629901729395e-01
-4.436599300541655744e+00 -5.484545018646885595e+00 -2.378890472832353442e-01 2.632475163530911821e-01 2.535846906985583793e-02 2.535846906985583793e-02 -8.793188251198724714e-01 -8.793188251198724714e-01
-5.023697095689596992e+00 -5.396155197496890210e-01 -4.820312530948412943e-01 8.464536137814462347e-01 3.644223606866049403e-01 3.644223606866049403e-01 7.518896681633240320e-01 7.518896681633240320e-01
-6.372199358330092878e-01 -2.460827653938264969e+00 -2.921572389476815301e-01 5.557437598098191600e-02 -2.365828629666996141e-01 -2.365828629666996141e-01 -9.990520635103212754e-01 -9.990520635103212754e-01
2.955535248274317794e+00 -5.066710954605063932e+00 1.170934006400462524e+00 4.152243212036159647e-01 1.586158327604078488e+00 1.586158327604078488e+00 -5.144613517672413927e-01 -5.144613517672413927e-01
-4.235439596227760006e+00 4.021520534049290774e+00 5.017219435573070374e-01 -6.551573476894611003e-01 -1.534354041321540629e-01 -1.534354041321540629e-01 9.772064387037945332e-01 9.772064387037945332e-01
-2.427695888066221386e+00 -1.771917590758741667e+00 6.597114704337645463e-01 -9.995265874672391027e-01 -3.398151170334745563e-01 -3.398151170334745563e-01 -4.905976672018539930e-01 -4.905976672018539930e-01
1.438405923852242196e+00 1.976927810860471979e+00 -2.189428092723904040e-01 2.618253550645042171e-01 4.288254579211381312e-02 4.288254579211381312e-02 -9.627662904403314625e-01 -9.627662904403314625e-01
3.446122176373439316e+00 1.115134827060323630e+00 -6.413455867653309328e-01 -6.506217606614543847e-01 -1.291967347426785206e+00 -1.291967347426785206e+00 -1.505573025616378513e-01 -1.505573025616378513e-01
4.985847759630333442e+00 -5.730573730438305091e+00 5.041399320376527271e-01 7.711283464754496997e-01 1.275268278513102427e+00 1.275268278513102427e+00 7.352736588468438139e-01 7.352736588468438139e-01
-6.047065711126499821e+00 2.469071043404564847e+00 5.163438048608639530e-01 2.182241412805661085e-01 7.345679461414300615e-01 7.345679461414300615e-01 -9.062783278632335904e-01 -9.062783278632335904e-01
-4.580768007526780039e+00 -1.503752433291788648e+00 -4.402794959349921600e-01 -9.771570886368768916e-01 -1.417436584571869052e+00 -1.417436584571869052e+00 9.803309543447060737e-01 9.803309543447060737e-01
-3.769954853747511603e+00 -4.903593119469630501e+00 4.037237509026503357e-01 -4.611021648959440222e-01 -5.737841399329368652e-02 -5.737841399329368652e-02 -7.308499084204967966e-01 -7.308499084204967966e-01
-2.556549372374851359e+00 -4.882084529124099959e+00 -4.284649659499073504e-01 -2.985874500924978747e-01 -7.270524160424052251e-01 -7.270524160424052251e-01 4.035081216663042869e-01 4.035081216663042869e-01
-8.059451184917563182e-01 4.518626056270223401e+00 2.174049097150410059e-01 -1.093795268843352986e+00 -8.763903591283119798e-01 -8.763903591283119798e-01 -8.413132036939416913e-01 -8.413132036939416913e-01
1.141940796594720808e+00 1.969928868000328848e+00 3.215559672177197292e-01 6.505856323564511712e-01 9.721415995741709004e-01 9.721415995741709004e-01 -9.995583044822613505e-01 -9.995583044822613505e-01
2.084247141019320182e+00 -2.377054952637743135e+00 9.106986996456578609e-02 -4.680859609014667022e-01 -3.770160909369009161e-01 -3.770160909369009161e-01 9.574371992857516611e-01 9.574371992857516611e-01
-9.593820861349424689e-01 -3.708038309183052217e+00 1.189956703103123958e+00 -3.756513930114335764e-03 1.186200189173009623e+00 1.186200189173009623e+00 -4.495343088441521029e-02 -4.495343088441521029e-02
2.816973601405642569e+00 5.214676493912179467e+00 -7.964589167452311713e-01 2.963794957343535152e-02 -7.668209671717958198e-01 -7.668209671717958198e-01 -1.767352192935988942e-01 -1.767352192935988942e-01
4.130024593279175704e+00 -2.628370684314717654e+00 4.269479270844509511e-01 5.328588742408313372e-01 9.598068013252822883e-01 9.598068013252822883e-01 6.908733977171441221e-02 6.908733977171441221e-02
3.625969846753848813e+00 3.987800885058168987e+00 -1.019334528401437234e+00 8.765075109855102742e-01 -1.428270174159269601e-01 -1.428270174159269601e-01 2.379074784185234992e-01 2.379074784185234992e-01
1.964495559211245634e+00 5.681792704790270321e+00 -1.097025143033860450e+00 9.969783572443213782e-01 -1.000467857895390722e-01 -1.000467857895390722e-01 2.062033918117253950e-01 2.062033918117253950e-01
-3.950415231684452522e+00 -2.798024671670973795e+00 1.132231382673482445e+00 -5.439630323043103122e-01 5.882683503691721327e-01 5.882683503691721327e-01 8.937073699091415691e-01 8.937073699091415691e-01
-4.213577498607545380e+00 4.387781397015499962e-01 3.671994262685833732e-01 -5.873651589791385463e-01 -2.201657327105551731e-01 -2.201657327105551731e-01 -8.061341434693251040e-01 -8.061341434693251040e-01
4.800873950981221938e+00 -8.409735770517761111e-01 -9.573420226476208050e-01 7.816339704466788163e-01 -1.757080522009419887e-01 -1.757080522009419887e-01 -6.834575330375635138e-01 -6.834575330375635138e-01
5.077371585847187063e+00 2.859439825254375123e+00 -4.367312856950724687e-01 1.186045999195579626e-01 -3.181266857755145061e-01 -3.181266857755145061e-01 -8.273509690956268314e-02 -8.273509690956268314e-02
-1.649648157811076210e+00 4.854447604099979330e+00 5.898496194870239684e-02 -2.120964971797519860e-01 -1.531115352310495892e-01 -1.531115352310495892e-01 -9.980031156236717216e-01 -9.980031156236717216e-01
-5.973063259923010015e+00 -8.421453008861261580e-01 -7.113097630146432149e-01 2.429466184188484590e-01 -4.683631445957947559e-01 -4.683631445957947559e-01 8.617824830715355988e-01 8.617824830715355988e-01
-2.948202606878399301e+00 -3.688361820988905748e-01 -1.481857272679114601e-01 -3.681412545379877388e-01 -5.163269818058991989e-01 -5.163269818058991989e-01 -9.846487651076785141e-01 -9.846487651076785141e-01
-3.199810011557497447e+00 4.503003572152453060e+00 -5.488653569796810849e-01 -4.285873793384046282e-01 -9.774527363180857131e-01 -9.774527363180857131e-01 2.644202883170148066e-01 2.644202883170148066e-01
-1.235104140795064254e+00 5.701056940033119247e+00 9.143953458867148942e-01 -8.509196623227216483e-01 6.347568356399324596e-02 6.347568356399324596e-02 -2.439493670951032311e-01 -2.439493670951032311e-01
2.012800034746033973e+00 4.374986708970320493e+00 -6.466289047348319219e-01 1.324653175760865942e-01 -5.141635871587453277e-01 -5.141635871587453277e-01 9.945342560665914045e-01 9.945342560665914045e-01
1.833359495248821247e+00 -1.989280157561491791e+00 -8.895461735071208409e-01 4.842858310460496085e-01 -4.052603424610712324e-01 -4.052603424610712324e-01 9.878689801263854653e-01 9.878689801263854653e-01
5.773409633506014771e+00 5.319411377808023644e+00 -1.111940597113408868e+00 -9.167512530194898979e-01 -2.028691850132898544e+00 -2.028691850132898544e+00 9.709352037597830665e-02 9.709352037597830665e-02
3.502189633911475752e+00 2.931597722126996430e+00 6.398185214547797983e-01 8.882394967066125080e-01 1.528058018161392306e+00 1.528058018161392306e+00 9.886809296879721654e-01 9.886809296879721654e-01
-1.165641817767911093e+00 -3.983121124137045665e+00 -1.093029333629606192e+00 4.745481642839024516e-01 -6.184811693457037407e-01 -6.184811693457037407e-01 4.226560077536734572e-01 4.226560077536734572e-01
-2.854804169599198360e+00 2.981730571536999719e+00 1.158150766610110960e-01 5.477827901723464343e-02 1.705933556782457394e-01 1.705933556782457394e-01 9.919556526955692899e-01 9.919556526955692899e-01
-3.364845007351741302e+00 -1.218611193743684318e+00 9.918806312808807757e-01 1.128900786809319934e+00 2.120781418090200710e+00 2.120781418090200710e+00 -1.285758536075760905e-01 -1.285758536075760905e-01
-5.022854458296198921e+00 -4.196566804537535944e+00 1.159176263898815007e+00 1.466902258314595198e-01 1.305866489730274527e+00 1.305866489730274527e+00 -9.789883102507047630e-01 -9.789883102507047630e-01
4.179824252846294996e+00 -1.181963641272615995e+00 -4.398464002717049626e-01 -2.053043164663688191e-01 -6.451507167380737817e-01 -6.451507167380737817e-01 -9.896883207303167618e-01 -9.896883207303167618e-01
-2.974178730046641128e+00 4.754769007224910027e+00 -2.359483559904270722e-01 -5.508543817281041921e-01 -7.868027377185312643e-01 -7.868027377185312643e-01 -2.082583725272635355e-01 -2.082583725272635355e-01
2.183923014452595623e-01 -2.925362714034810185e+00 8.678183134213524053e-01 -1.022101157008742156e+00 -1.542828435873897508e-01 -1.542828435873897508e-01 -9.070291691612371032e-01 -9.070291691612371032e-01
1.683864731330286801e+00 5.306759506974463747e+00 -7.353041030340083939e-01 -8.172741783812188521e-01 -1.552578281415227135e+00 -1.552578281415227135e+00 7.600287782737061848e-01 7.600287782737061848e-01
-5.414670448451612828e-01 -6.675637592120260422e-01 -3.723441921054045922e-01 5.253093966514186253e-01 1.529652045460140330e-01 1.529652045460140330e-01 3.539260305073554380e-01 3.539260305073554380e-01
4.495275324084746060e+00 -6.488120330914419753e-01 1.176884453134990904e+00 1.886639522810404923e-01 1.365548405416031397e+00 1.365548405416031397e+00 -7.616953767279660559e-01 -7.616953767279660559e-01
-5.960698081134536253e+00 -5.260664771247216542e+00 6.757961464358581694e-01 -5.567672657073563514e-02 6.201194198651225342e-01 6.201194198651225342e-01 2.238749810215865943e-01 2.238749810215865943e-01
2.419423315889083881e+00 -3.243358839938642380e+00 4.409434734625110597e-01 -7.122892239350164800e-02 3.697145510690094117e-01 3.697145510690094117e-01 6.793384894853442546e-01 6.793384894853442546e-01
1.752663331583647732e+00 1.755586139658406708e+00 -7.981540332971057694e-01 1.120912300750375179e+00 3.227582674532694096e-01 3.227582674532694096e-01 -9.335310794377295052e-01 -9.335310794377295052e-01
4.471156666333282459e+00 4.639881157957033153e-01 8.804661927824997125e-01 6.476916352057326964e-01 1.528157827988232409e+00 1.528157827988232409e+00 2.209181709042127018e-01 2.209181709042127018e-01
-2.092206889390706870e+00 -1.324666939086567297e-01 -1.718915685459450060e-01 2.446648754714695340e-01 7.277330692552452795e-02 7.277330692552452795e-02 -6.082684701748541922e-01 -6.082684701748541922e-01
1.129842084799808966e+00 4.307461094525031342e+00 7.594104749144536814e-01 -6.785304663892047783e-01 8.088000852524890316e-02 8.088000852524890316e-02 6.630712181787844495e-01 6.630712181787844495e-01
3.964989244303732008e+00 -1.238692921244236800e+00 -7.195442682997050809e-01 -7.532876008007942659e-01 -1.472831869100499347e+00 -1.472831869100499347e+00 -9.149968028315006441e-01 -9.149968028315006441e-01
-1.072389689589503980e+00 1.849727706026012441e+00 -5.853268919519568625e-01 -3.837582093021333352e-01 -9.690851012540901976e-01 -9.690851012540901976e-01 7.127831352349069949e-01 7.127831352349069949e-01
-2.829650474662135373e+00 -3.037769820170703738e-01 6.526340817815037276e-01 -5.568271619893917501e-01 9.580691979211197751e-02 9.580691979211197751e-02 -9.999666649649113781e-01 -9.999666649649113781e-01
4.615494791768968597e+00 -9.598939449471455276e-02 -9.306000177902735704e-01 -1.991286211392155892e-01 -1.129728638929489160e+00 -1.129728638929489160e+00 -1.916897966938068687e-01 -1.916897966938068687e-01
4.596679235730869451e-01 3.154431071757032967e+00 -9.202593301689634409e-01 9.378344314802238291e-01 1.757510131126038821e-02 1.757510131126038821e-02 -8.904304012804513668e-01 -8.904304012804513668e-01
-3.359908300376878820e+00 -2.505622733656673873e-01 4.116664722378196029e-01 1.060181143837239715e+00 1.471847616075059317e+00 1.471847616075059317e+00 -8.920759013922652247e-01 -8.920759013922652247e-01
2.480963133272828358e+00 1.439197521426563320e+00 -7.224217441788383098e-01 -9.370327390999455552e-01 -1.659454483278783865e+00 -1.659454483278783865e+00 -7.119199041090922275e-01 -7.119199041090922275e-01
9.079442257618781653e-01 6.274112311219768756e+00 -7.226127967995368273e-01 -1.156631565972463527e-01 -8.382759533967831800e-01 -8.382759533967831800e-01 6.224937681502581421e-01 6.224937681502581421e-01
-2.382824816326356121e+00 -2.669794523400604191e+00 6.493057478792767512e-01 6.461930856786131105e-01 1.295498833557889862e+00 1.295498833557889862e+00 3.337042556352498024e-01 3.337042556352498024e-01
3.767346194174027829e+00 -4.058865055118127785e+00 7.038760146169156240e-01 8.095833025951140183e-01 1.513459317212029642e+00 1.513459317212029642e+00 9.578084487084349563e-01 9.578084487084349563e-01
-2.603826994425694430e+00 8.624247986254207632e-02 4.013152962880197627e-01 5.429838751347049186e-01 9.442991714227246813e-01 9.442991714227246813e-01 -8.115430556527747363e-01 -8.115430556527747363e-01
5.108927078519146292e+00 -2.656908271158448187e+00 7.763321257620889870e-01 2.389952312975878179e-01 1.015327357059676805e+00 1.015327357059676805e+00 -7.715172076775705934e-01 -7.715172076775705934e-01
-3.032465450617610525e+00 4.725292731919209288e+00 -6.963348627116593414e-01 1.159686571896283214e+00 4.633517091846238722e-01 4.633517091846238722e-01 -1.217283081830876496e-01 -1.217283081830876496e-01
-5.722570595660948278e+00 2.644665071859884975e+00 -5.328241324908817855e-01 -6.599961727748110407e-01 -1.192820305265692937e+00 -1.192820305265692937e+00 -9.979726601380346507e-01 -9.979726601380346507e-01
-3.148880632615539188e+00 -2.232622606648139829e+00 3.544104968444727888e-02 2.798842645249777217e-01 3.153253142094250006e-01 3.153253142094250006e-01 6.202914804530000881e-01 6.202914804530000881e-01
-1.651414543807210755e+00 -1.152299638061630382e+00 7.725693801788855453e-01 8.996216686544131758e-01 1.672191048833298721e+00 1.672191048833298721e+00 -9.434600456812207714e-01 -9.434600456812207714e-01
1.109825580505052756e+00 1.336022386861390743e-02 1.116227935723126619e+00 -8.293789808289593335e-01 2.868489548941672851e-01 2.868489548941672851e-01 4.328126962570613134e-01 4.328126962570613134e-01
-3.897486085847319703e+00 2.626817064206342422e+00 1.119780256617993297e+00 -3.959841987849577194e-02 1.080181836739497525e+00 1.080181836739497525e+00 2.956418235251147553e-01 2.956418235251147553e-01
-4.006775184846064874e+00 -4.935935346282763092e+00 1.862162161040368247e-01 -1.100033559638444736e-01 7.621286014019235111e-02 7.621286014019235111e-02 -8.860383318793411123e-01 -8.860383318793411123e-01
5.804863733079393739e+00 2.207774942218724945e+00 -1.148739160947964022e+00 3.066137187911506246e-01 -8.421254421568133974e-01 -8.421254421568133974e-01 -1.579922578988176007e-01 -1.579922578988176007e-01
2.175052419489720279e-01 2.747340247106469846e+00 1.050391425514948684e+00 1.059454300041463570e+00 2.109845725556412255e+00 2.109845725556412255e+00 -9.844208405167397258e-01 -9.844208405167397258e-01
-7.843022343487078274e-01 2.214728350293226455e+00 -6.850243354976304211e-02 -8.677515807255565816e-01 -9.362540142753196237e-01 -9.362540142753196237e-01 1.399096937792627948e-01 1.399096937792627948e-01
-3.249429454090185576e+00 -5.417966003829151056e+00 -5.482773709805246476e-01 -8.364335812651372271e-01 -1.384710952245661986e+00 -1.384710952245661986e+00 -7.266367755710084753e-01 -7.266367755710084753e-01
3.631042704871649818e-01 2.643170546739046500e+00 -3.600171752875945819e-01 2.070655716494831378e-01 -1.529516036381114441e-01 -1.529516036381114441e-01 -9.908585034598412777e-01 -9.908585034598412777e-01
3.559228922601226586e+00 -4.519068465162435544e+00 9.148518033826558149e-01 1.264475306597132587e-01 1.041299334042369074e+00 1.041299334042369074e+00 5.736514240697295763e-01 5.736514240697295763e-01
-4.626964522025678761e+00 1.347735381987044789e+00 5.294980963743456392e-02 8.288748448026310722e-01 8.818246544400656362e-01 8.818246544400656362e-01 -9.905430421788212758e-01 -9.905430421788212758e-01
5.689947772599243336e+00 3.063657415044049870e-01 -3.267725397800692599e-01 9.291157042353781481e-01 6.023431644553088882e-01 6.023431644553088882e-01 9.591337032548608033e-01 9.591337032548608033e-01
-8.947793404148196572e-01 5.041152512838163346e+00 3.769048245994155444e-01 -1.177717318785775014e+00 -8.008124941863594692e-01 -8.008124941863594692e-01 -5.362734794493944079e-01 -5.362734794493944079e-01
-1.508882372953379125e+00 -4.109814491152904203e+00 7.447249957037573864e-01 -3.660967965219660281e-01 3.786281991817913584e-01 3.786281991817913584e-01 7.872323430238726827e-01 7.872323430238726827e-01
3.957985510866441459e+00 4.443544578971719616e+00 -1.160993307174312816e+00 -4.848713660233681111e-01 -1.645864673197680927e+00 -1.645864673197680927e+00 -5.205956588387634643e-01 -5.205956588387634643e-01
