4.894853485276140503e+00 4.224634449510300982e+00 1.720125499013129833e-01 -6.431170200710778495e-01
6.205927404166454053e+00 -6.823263149527658555e-01 1.978827525116045649e+00 -8.460983080160742187e-01
1.580706419615429681e+00 6.139581370189647558e+00 1.283275576286360353e+00 -9.801811120262694521e-01
3.737300686424465113e+00 -2.013897258064958784e+00 2.253244450740664595e-01 -1.928894331056998812e+00
1.938261314849956563e+00 2.266866241154710693e+00 1.984083331374713488e+00 -3.294647918810998943e-01
5.739659534715469746e+00 4.169315467291021093e+00 1.151616063095273201e-01 -1.147405547931442671e-01
4.541496350178197972e+00 5.186528325870284561e+00 1.812413043893967846e+00 -1.335169622392965438e+00
-4.599867081941097169e+00 -4.622795553404133173e-01 1.798355343144415031e+00 -7.768509451347096473e-01
1.448331685151981851e+00 4.061625537503624983e+00 3.603449779868439506e-02 -1.242487719258218659e+00
-3.188671443094269975e+00 5.035319030503456972e+00 1.601885521953662739e+00 -9.059814873494937970e-01
6.632525400228344026e-01 6.162469339296235304e+00 1.239093275842107822e+00 -1.970308993876833004e+00
-3.794703228406454354e+00 1.191304784358475644e-01 7.639869307903506268e-01 -3.479632117057607221e-02
-1.995414503136898610e+00 1.808220316134365291e+00 1.457203250440467723e+00 -1.750776191774032986e+00
-1.653693783070305123e+00 6.113270644816793720e+00 1.333326182373103297e+00 -1.165036395344554832e+00
-3.624171652869593530e+00 -1.098762315193653194e-01 1.217988045708257916e+00 -1.778611268049603567e-01
4.355020065664753304e+00 7.860057900585992741e-02 8.434455069614776868e-01 -1.655419430950003878e+00
5.837721041702430114e+00 -5.007847519053552077e+00 4.428771742866098871e-01 -2.223441589913116578e-01
1.921485412023008266e+00 2.658425817077908704e+00 1.822807601029452051e+00 -3.547288419883609656e-01
8.830917643587490318e-01 5.043137264983029056e+00 1.614298442966665803e+00 -1.980972569234632275e+00
5.534198833275693730e+00 2.382577495021402925e+00 1.998608197084818405e+00 -2.650450620579447580e-03
1.050695637134779759e-04 -5.186698908315783285e+00 1.873880761576767195e-01 -1.000210139125880415e+00
7.648940578772123189e-02 -3.534331887384090987e+00 1.707163562544622426e+00 -1.152382827844587787e+00
4.082694195920627322e+00 4.935796422848421017e+00 1.432095304971160221e+00 -1.951903484072083694e+00
-3.097003812602627359e+00 2.772736042690670644e+00 1.672597436252665215e+00 -1.089059529016995320e+00
-3.006880912801920491e+00 4.625558506185436514e-01 2.013120161150966370e-01 -1.266175760713867060e+00
-4.171367510939951728e+00 1.436829023902459923e+00 7.352596976483689595e-01 -1.170811392085636671e-01
-4.217034134291601788e+00 -8.703725236890873518e-01 1.985593441185900421e+00 -1.635848310631454749e-01
1.039048953462823555e+00 3.970716113919777968e+00 3.821366893012378974e-03 -1.874058635800345041e+00
-7.948573351778227547e-01 5.516245684144562844e+00 1.999318641964234811e+00 -1.789465243101640013e-04
6.037953577368295299e+00 -1.750416338989044363e+00 6.484371271477751275e-01 -5.289652367338386618e-01
1.979359039676159782e+00 -1.500848402493511813e+00 1.139439981508009625e+00 -2.708182838706580942e-01
-3.157498048455712247e+00 -4.653702169424380308e+00 1.117104306569482564e+00 -9.681945750260733119e-01
-5.962102702350406958e+00 6.181714847863403861e+00 1.201550763554823487e+00 -1.598930745622067162e+00
2.877708946674097490e+00 4.924956399351973602e+00 1.412443620575857484e+00 -4.963942082267480682e-01
-1.421252206063478241e+00 5.537609442771445956e+00 1.996830045192487857e+00 -7.053509522513035090e-01
4.462318040821566356e+00 5.604314083810001179e+00 1.977389743538821243e+00 -1.479550044425532951e+00
-2.217606085637717328e+00 4.452952304941382167e+00 5.040979050132234907e-01 -1.961831812025119470e+00
-2.169028658491585659e+00 6.394129104200487745e-01 4.232145506397100299e-02 -1.930752207413612975e+00
5.823797009898498800e+00 -4.994505682600784979e-01 1.840876758416934322e+00 -2.051401388494278333e-01
-3.366301333275742103e+00 2.197199755768183493e+00 1.949865945009841450e+00 -5.655591767532692771e-01
-3.508054220814884605e+00 -3.558676910154530137e+00 1.740738180105663169e+00 -3.309549722349550693e-01
-2.368391367501458067e+00 -1.369709738699411261e+00 1.391419049004117170e+00 -1.999702487121302052e+00
3.347483067170893278e-01 1.813004504977943299e+00 1.465691945171282651e+00 -1.620591343078306767e+00
2.231596917795670265e+00 3.923900533333428697e+00 1.909964532231800405e-05 -3.088876777289584208e-02
5.569047546469525045e+00 -3.074120009614552451e+00 8.654639034367672679e-01 -1.013891059040261666e-02
-2.932665525009251262e+00 -5.461355543383472622e-01 1.887674981495252480e+00 -1.405800261800578710e+00
-1.046107122875809203e+00 4.974446198103290584e+00 1.500446508024144032e+00 -1.328862282254934524e-01
-3.194231120413292047e+00 -4.855219295091984577e+00 7.182086293879648142e-01 -8.949174267412722816e-01
1.503458973823819100e+00 -2.688420657950810977e+00 2.127453915300023812e-01 -1.134267969577162249e+00
-5.070142045244880435e+00 -3.228914383188774551e-01 1.601823850752913447e+00 -1.655999507837991658e+00
1.706277040720811655e-01 -5.479878858279853659e+00 6.413448136741717320e-04 -1.334670370918912941e+00
1.279471682468305893e+00 -2.232016178483675617e+00 3.068230896336388014e-02 -1.550238041991818694e+00
-2.003886946334745289e-01 -4.300045059038977158e+00 1.734335929945944654e+00 -6.098657525019062220e-01
2.522728389167815166e+00 -9.126016342466165554e-01 1.967812721741086790e+00 -5.495620523135569258e-02
5.798000215541762259e+00 3.977958400976568498e+00 5.190892115070178114e-03 -1.749050787535393336e-01
5.488752831031964874e+00 -6.315588953909152536e-01 1.953039185733506766e+00 -1.632331726978408781e-04
-1.566003044898153007e+00 -6.071228817382783305e-01 1.937106400998704681e+00 -9.904135830435637500e-01
3.069410053011630168e+00 -1.495329175227917418e+00 1.150361879032141710e+00 -8.561357365651685036e-01
-4.140906466548944564e+00 5.010203411631778181e+00 1.561029435163302281e+00 -9.013232051101383036e-02
-4.074969968806234633e+00 -2.070735652861925402e+00 1.585945859191817409e-01 -4.347691403003339783e-02
-4.774720790207548582e+00 -5.183546890057721512e+00 1.910782237711304843e-01 -1.124340970535119277e+00
5.502978551055806022e+00 -4.560704171577132371e+00 1.298737641517310637e+00 -5.390093473678359004e-05
5.835405766035494324e+00 -6.119797887269357695e+00 6.790097897011089234e-01 -2.194413242928433538e-01
3.935557515157581676e+00 -2.699440876122243260e+00 2.265262518704309613e-01 -1.999853226955444985e+00
3.778423058579427618e-02 1.088052734146569556e+00 1.776737696278490874e-01 -1.075496558259355195e+00
-6.241270871670645093e+00 -4.334297442464318806e-02 1.086577423374214257e+00 -1.083730724023457936e+00
1.625582219647308868e+00 -2.575844556578720468e+00 9.495045731204865280e-02 -8.906473354246245977e-01
2.038290688523209937e+00 -2.502194185725553410e+00 4.232976975095503747e-02 -1.954076181584283312e-01
2.626260526170492327e+00 8.240902259282849585e-01 2.992657546890487019e-03 -1.423592290627045953e-01
4.381698833770993673e+00 1.311262286532858035e+00 5.039288153980253648e-01 -1.614206688496115483e+00
-4.939266202534083661e+00 5.701256148246377720e+00 1.918337059750218287e+00 -1.438343139057471909e+00
-4.865997590013240170e+00 -4.587393401999014131e+00 1.247395390930763570e+00 -1.302407323178485843e+00
1.154586426922763920e+00 1.531119195693142920e+00 9.207289951847685838e-01 -1.739562273255892855e+00
-1.421383621291967714e+00 5.857363476507673639e+00 1.752364178598474931e+00 -7.056021246650421297e-01
3.296601904127950178e+00 5.625021240282039869e+00 1.967797304719704155e+00 -1.305076255587286127e+00
3.233735542363858073e-01 1.646337995499915330e+00 1.150509217270987650e+00 -1.602593634231989084e+00
-8.496236842121129840e-01 4.274398882525760612e-01 2.455079822010149959e-01 -8.238497988294235519e-03
-7.369558180959776550e-01 3.085713249756508958e+00 1.111526307746894204e+00 -4.689651573768882642e-03
-1.344439784907844881e-01 3.368965217978583837e+00 5.607666413515619563e-01 -7.343404827122654854e-01
-5.757939794808962120e+00 -2.084220784686252159e+00 1.443275018634354590e-01 -1.867667440709078086e+00
-2.405091166402251623e+00 -5.776618062716700308e+00 1.515052066375318640e-01 -1.995222039783813628e+00
-5.164147537220570072e+00 3.938763609336849214e+00 2.771844732618600204e-04 -1.785508333131359926e+00
-4.245127996571332218e+00 5.150026610359621060e+00 1.767719913919205688e+00 -1.956848782403368681e-01
-2.839255169517281630e+00 4.106798117616847321e+00 6.396747978491090780e-02 -1.568494706837455954e+00
2.417760229666766847e+00 1.854534017456366257e-02 9.629178234555235694e-01 -7.571107606886617880e-03
1.368856622586906546e+00 -3.227266782636228459e+00 1.170511017532798625e+00 -1.392988574785541056e+00
5.913486621718844205e+00 2.236103259153123801e+00 1.971294586967910156e+00 -3.261572334097831982e-01
6.020269199268906135e-01 -2.206716707275957923e+00 4.435538059045063264e-02 -1.933500363873863037e+00
-4.592003836714949827e+00 1.856926024710656264e+00 1.541532857294386272e+00 -7.615492348220134211e-01
8.793525432904214512e-01 -3.843927597078721003e+00 1.986232709203189506e+00 -1.982397036853632111e+00
6.071295702881316814e+00 5.393851740948765183e-01 1.186224295244572291e-01 -5.887917134810478625e-01
6.264376722792331265e+00 5.429307970332134303e+00 1.990635856741260978e+00 -9.623917023022873218e-01
4.323988717965228545e+00 2.827838606191708237e-01 4.641047794126910153e-01 -1.701001273267984448e+00
5.067968894389338175e+00 -8.353748814791925881e-01 1.995008812826235989e+00 -3.472870982543811991e-01
-1.317574427731807774e+00 -3.065925302890367909e+00 8.492422868839695216e-01 -5.149294891098280536e-01
-2.761230131607400384e+00 -1.958028200359498427e+00 3.006671355731779238e-01 -1.689446801960434286e+00
-6.965420887654909521e-01 -4.869022905164035464e+00 6.918309150942294483e-01 -1.574928947406251112e-02
-5.180014357166348837e+00 2.318260766126780226e+00 1.997123445310372336e+00 -1.804747954901257279e+00
1.809816294917707680e-01 1.261783612177147518e+00 4.205730317320311995e-01 -1.354110961041307792e+00
-2.288355061639672172e+00 -1.266913621831513126e+00 1.571034454025026950e+00 -1.990809735295698601e+00
-3.663065686953475897e+00 3.796816970677774350e-02 9.241366185171522307e-01 -1.361081587911845414e-01
-1.618107469414572286e+00 2.767843028337823696e+00 1.679806859962958310e+00 -1.094481150272651027e+00
3.849521836511737405e+00 -4.971772803095215743e+00 5.041897001306805404e-01 -1.988021106467426025e+00
9.639620229534360263e-01 -4.348424282438687172e+00 1.665325245359195572e+00 -1.936904792263674846e+00
5.942770996459323385e+00 -2.339001130363305148e+00 5.911649892305081977e-04 -3.705628784978131085e-01
-1.790478698013163061e+00 8.377178943025755942e-01 5.469714901342070945e-03 -1.425364628823141411e+00
-2.717404666594451346e+00 3.753733537894520467e+00 5.943784510340388572e-02 -1.750207585080845840e+00
-4.893556488270570881e+00 4.299540562585582038e-01 2.422173911406767521e-01 -1.354458604781544118e+00
-6.254637074500184468e-01 -3.222636466299292124e+00 1.161378818719767114e+00 -5.072335413917961056e-02
2.429504542345163998e+00 -5.400301343434541046e+00 1.894682801115354920e-02 -1.072948542927898430e-02
-4.999681995916177790e+00 -4.243542719095016125e+00 1.806195029160841514e+00 -1.543487344549613116e+00
-3.965445599397836141e+00 3.927213234487119564e+00 9.893908681224417023e-08 -2.956083026856015650e-03
-2.503810766111129293e+00 -2.474994091666121943e+00 2.809414924172715100e-02 -1.956734504363121907e+00
2.043734206118580587e+00 1.573566858873094887e+00 1.005541035801529315e+00 -1.889904076929185273e-01
-3.937959429039910475e+00 1.774086392639745213e+00 1.395470570694162138e+00 -2.406112511423863509e-04
-5.669090824407095219e+00 -7.286567884496273351e-01 1.993567740251399378e+00 -1.941881940614053281e+00
5.201415289076368964e+00 -4.862540099519140568e+00 7.041910675939502262e-01 -1.705889395937717490e-01
-5.251550088314614229e+00 -2.794093894829618119e+00 3.596164671485109210e-01 -1.881165778664223298e+00
-5.934540176251190680e+00 5.222271110148945183e+00 1.851984619737053972e+00 -1.642142802584605876e+00
-1.008633940409063179e+00 -7.212959016149858016e-01 1.991793050371712948e+00 -9.802375368938232025e-02
-2.930134878217391936e+00 -3.351898923094542848e+00 1.408319679122996382e+00 -1.410420873358368299e+00
-5.282330725326302989e+00 4.409942186039156553e+00 4.313254504858951011e-01 -1.908584835964401538e+00
4.448184715634059927e+00 -3.260165855340607433e+00 1.234929855738040594e+00 -1.504159569583842782e+00
-4.006784387554349181e+00 -1.498952229467493957e+00 1.143194266622714172e+00 -1.270702482981012071e-02
-8.043117808919069134e-01 -3.807355713297990274e+00 1.971511189793542451e+00 -7.153645461067670297e-04
5.708759372858729364e+00 5.172671062004562614e+00 1.795943274868408324e+00 -8.770565848199485259e-02
5.446922318821778575e-01 9.895728394066436451e-01 8.222246321067894215e-02 -1.886342070000946114e+00
5.074880579005423442e+00 -4.994252170468640450e+00 4.656603027404081496e-01 -3.368771342853114081e-01
3.927060956086977583e+00 4.946041703540601020e+00 1.450482265550454120e+00 -1.999999990161013486e+00
2.470813811892307754e+00 1.023374172443241470e+00 1.111430757868165919e-01 -2.616031501878479659e-02
-3.669694172783040553e+00 5.067451424011876426e+00 1.651928475670535246e+00 -1.295070300545261288e-01
2.676728594272960393e+00 -7.488017372382183012e-01 1.997322598784707193e+00 -1.985426286618291458e-01
-3.468301726927041528e+00 -4.687903956041436615e+00 1.048950478801058628e+00 -3.920960037869897219e-01
5.027100385870841848e-02 -5.239818418544190060e+00 1.301693870753531934e-01 -1.100372701892716298e+00
-6.164428403318388483e+00 -2.808651337660049041e+00 3.822465498933231842e-01 -1.235286961305299025e+00
-5.287449087349481935e+00 5.546033787868257292e+00 1.995348133792789413e+00 -1.912813039545504079e+00
1.771087181344872974e+00 -3.466930608894974064e+00 1.605724348939986168e+00 -6.100459340464976510e-01
-4.243680968208431992e+00 -4.562065675881987303e+00 1.296137874016383806e+00 -1.939685917958193784e-01
-5.182842367148316143e+00 -3.861924298513210729e-01 1.697845373577380634e+00 -1.808092572497065120e+00
2.911543396024756092e-01 -6.315990532796575962e-01 1.953063506052564957e+00 -1.549953598518917230e+00
5.338046409673209425e+00 -5.123364992668993700e+00 2.675238515395415018e-01 -5.060159677852271720e-02
-2.633575219137302970e+00 -2.683582636935195609e-01 1.511316962251366025e+00 -1.850026114254703424e+00
-3.681320304045318625e+00 -3.569902406692825991e+00 1.755632676074863951e+00 -1.182990560700761806e-01
5.212108174303082819e-01 3.679967739793383430e+00 1.195785836834170057e-01 -1.863627577963286708e+00
4.732015997843081578e+00 -4.269896932814093660e+00 1.773904914652089992e+00 -9.607560452612627921e-01
-3.022458378271644097e+00 5.547505824035324551e+00 1.995060178007204366e+00 -1.236020448442693542e+00
-6.177020039363283921e+00 -6.131745487256460514e+00 7.017299973941075741e-01 -1.210738667565412818e+00
-5.720627070742322573e+00 5.408407684250491343e-01 1.172508843724373584e-01 -1.902317808347272265e+00
1.716106525271169581e+00 -2.090142186260889545e+00 1.382587889916719881e-01 -7.134533383835508502e-01
1.922912480861468154e+00 -3.680097049485535621e-01 1.671343036683026639e+00 -3.525510443605736066e-01
6.143222243966871332e+00 -6.756029533947955912e-01 1.975986749959756317e+00 -7.237153487904879334e-01
5.443580587753915623e-01 5.206714345530162547e+00 1.835284887212055960e+00 -1.886032407029588409e+00
5.954796153375706780e+00 1.563851275315314204e+00 9.861103436842700853e-01 -3.894314374456572247e-01
-2.198401042295729191e+00 -1.551359481501108917e+00 1.038863900574860111e+00 -1.950614385191534961e+00
7.898893706295577744e-01 5.137493876890696143e+00 1.751418848458237143e+00 -1.999959658386440520e+00
3.118785038619567018e+00 -4.124220066273567298e+00 1.923204803214153991e+00 -9.544005873894165770e-01
-4.697810625399489126e+00 -1.278501257341990716e+00 1.551857629811120631e+00 -9.708474209406159350e-01
-5.359577365301224638e+00 -4.342759929571533561e-01 1.763394418127348207e+00 -1.962038751701343564e+00
-3.514793061989315515e+00 5.750141004279464951e+00 1.875315843799853166e+00 -3.209991315863889305e-01
2.613442807099483289e+00 -1.417120691371011709e+00 1.302535095594355319e+00 -1.294594625804115218e-01
4.225432008393553929e+00 3.804748410988249674e+00 2.973784167082815788e-02 -1.827091940201100329e+00
3.465778767076113098e+00 -5.428946542032842437e+00 9.463094095309432241e-03 -1.603889760809098508e+00
2.760675018400963410e+00 5.274236280119771081e+00 1.901703967441765508e+00 -3.097494457953074987e-01
5.673843860256761573e+00 -5.164449183512870079e+00 2.141184615716268391e-01 -6.135407603738740612e-02
4.783037947441082238e+00 -3.535274910494035083e+00 1.708495832974618711e+00 -8.591717681355609537e-01
3.493553569969204631e+00 6.178521605393882510e+00 1.207802032643237933e+00 -1.647212308417408178e+00
-5.852466927419873954e+00 5.931747623495356336e+00 1.646414223365095575e+00 -1.758779176117284848e+00
4.408917463555274807e+00 -6.951487234147659677e-01 1.983754256094329538e+00 -1.570359150867365994e+00
-3.507510011524982652e+00 -1.082780679931969026e+00 1.828280176999383055e+00 -3.317643048632255010e-01
9.569838369656880062e-01 4.550979225700180208e-01 2.103760763293965885e-01 -1.941692323119907027e+00
-9.524514923811890910e-01 2.305613497843644666e+00 1.994887488670264108e+00 -5.529636393599257627e-02
-5.626935160377585454e+00 3.828829169502983021e-01 3.069107455129908013e-01 -1.966826631692514704e+00
4.258775605396305508e+00 -5.334427960462923224e+00 5.289936198369304954e-02 -1.787798635456264051e+00
4.187271644214140665e+00 -4.776720667196081571e+00 8.716913205676719567e-01 -1.867539967870637696e+00
2.116516681719508242e+00 5.104125203561460822e+00 1.705743783335679442e+00 -1.127076987189807866e-01
7.407975341769788002e-01 1.890388411541394476e+00 1.596540868505675448e+00 -1.996024205033905208e+00
8.437579923476272725e-01 -3.409455890302934833e-01 1.630262427152199489e+00 -1.993195990517499183e+00
-6.330308561408388712e-01 1.678554844507975652e+00 1.213852531167984194e+00 -4.607338757218959469e-02
5.050614814259892782e-01 -4.531218443345994551e+00 1.354464269725225600e+00 -1.846897237327015162e+00
7.145259222067954497e-01 2.933644012504464271e+00 1.404010885526723484e+00 -1.989971059109601370e+00
3.971213784317411566e+00 1.251349279866522224e+00 4.036919662763694960e-01 -1.996091207421877067e+00
1.157168930822426667e+00 3.745265857669437537e-01 3.190543292616889737e-01 -1.736075918478884761e+00
-6.965003305519665844e-01 -4.788441395363877362e+00 8.484810051047496637e-01 -1.576405679187475872e-02
-2.897945837227875909e+00 5.872934802850682701e+00 1.731487536681651118e+00 -1.468236250780264207e+00
-3.955340864344541352e+00 1.237846212868007001e+00 3.822327129945045643e-01 -1.607019767020712031e-03
-3.677172959432084554e-02 2.287932220247483883e+00 1.990694991449078799e+00 -9.265228179059949998e-01
-2.517613621460671691e+00 -6.750030065377652377e-01 1.975724674712770579e+00 -1.948338773405326130e+00
1.764402945799108835e+00 3.961803637513588328e+00 2.422885917334083317e-03 -6.223905592330700731e-01
4.795983440215039195e+00 2.206946495046389956e+00 1.955779873710837613e+00 -8.335888736987029368e-01
2.253477147457227048e+00 -5.266694246567883653e+00 1.049200215334703534e-01 -2.102759566183487472e-02
-1.420361476448387172e+00 -2.838523358526553686e+00 4.303017998440467062e-01 -7.036490483994179979e-01
2.898812893205860775e+00 -2.385411945268712142e+00 1.706833594338652560e-03 -5.332967195467246402e-01
-3.514735860487177899e+00 -1.289179823542593084e+00 1.533922598369469537e+00 -3.210831235613981205e-01
1.550498047988329020e+00 1.180686724674582244e+00 2.965647624350485900e-01 -1.040585407466231072e+00
-5.493948895972731172e+00 2.178291327882924122e+00 1.937365913371139170e+00 -1.999970535852197751e+00
-5.941350295757501954e+00 -1.773597483222065563e+00 6.054277239456389292e-01 -1.631642492630012153e+00
1.177976233405338746e+00 4.438439739289830044e+00 4.791055194089542946e-01 -1.707277896849757504e+00
-6.047463482819610547e+00 4.799232820250770359e+00 1.172815711446089981e+00 -1.454172924415019441e+00
5.146304626617865807e+00 3.279052055129110244e-01 3.901982619935345786e-01 -2.370712994997017375e-01
4.474152395894943623e-01 -4.007146061436504425e+00 1.987177769255923820e+00 -1.780103031496991006e+00
1.278800621799891957e+00 4.876888859667509735e-01 1.720861773585194987e-01 -1.551358227928318456e+00
-3.204498165521520114e+00 -4.423498775493931667e+00 1.546165984058915033e+00 -8.745206117206081320e-01
-2.127507210187360442e-01 3.184152806309995754e+00 9.149824467136461470e-01 -5.872224369950678202e-01
-1.421348865251807148e+00 -3.793842226769519321e+00 1.964751945428702129e+00 -7.055356938667294298e-01
-4.156635628022364415e+00 -3.288947073791709030e+00 1.290461255678630570e+00 -1.036323576543792813e-01
3.596853621898333131e+00 -4.123574821802245438e+00 1.923699979990082021e+00 -1.789823968518195141e+00
5.869916729417411716e+00 2.751929910846751426e+00 1.702799737751790055e+00 -2.644100383877671101e-01
1.587685016205571564e+00 3.790039756540902971e+00 3.727725674694093438e-02 -9.662290436445757358e-01
-3.721202918053426956e+00 -1.607548325205710782e+00 9.265621736594259472e-01 -8.350844332146412086e-02
-9.104842777274635424e-01 1.569695489618584183e+00 9.977983274260964208e-01 -3.113020271181798915e-02
-3.808058659855635852e+00 -5.600900632505506849e+00 2.118952470709045688e-02 -2.815658263502240910e-02
3.482178989686127935e+00 4.072008504369319937e-01 2.726848860854119705e-01 -1.629704429369058571e+00
3.834396020983401598e+00 -4.759653692784270973e+00 9.056112951775778797e-01 -1.982901358171957895e+00
3.809820374639880214e+00 5.339904003430481438e+00 1.950558693406613475e+00 -1.972667600450861869e+00
-1.223487941692595449e+00 -1.008212981606664727e+00 1.902339454539609953e+00 -3.599089485497680707e-01
-5.462770896938089926e+00 -4.610629722716472756e-01 1.796887761206573453e+00 -1.997548727025586945e+00
3.647311191917674833e+00 -6.067788137034364482e+00 5.824073010469517087e-01 -1.847595294547852873e+00
4.790744034900731307e+00 -7.103450455083466508e-01 1.988755196680120463e+00 -8.439305198299660304e-01
2.541727412172658518e+00 4.152846839329033202e+00 1.002988973623288871e-01 -6.805860951798581304e-02
6.138793948763515473e+00 -3.418646003267368005e+00 1.526183873446238293e+00 -7.152144406063343229e-01
-4.685245975469909396e+00 -2.633179024995092821e+00 1.495567696065177588e-01 -9.457406494568034727e-01
-1.074926649531684930e+00 -3.996714347551779234e+00 1.990293003645955849e+00 -1.630209203251110628e-01
7.964076906168351400e-01 5.744710302911014921e+00 1.880516159446694813e+00 -1.999757590415178754e+00
-3.592743269533658079e-01 -5.012599594761347532e+00 4.350099216164008409e-01 -3.417071524189739806e-01
4.937400943329214087e+00 -4.958382492719952239e+00 5.276218249028995499e-01 -5.650129220158045529e-01
1.552740771498199557e+00 1.503352483181696009e+00 8.655209807181598602e-01 -1.036103262882973830e+00
-4.632031997997386519e+00 3.266233372322334461e+00 7.532923287227230036e-01 -8.399769885466588093e-01
1.930343455613707349e+00 3.787192324033071600e+00 3.883326451904600685e-02 -3.412965407020129849e-01
7.158902081195801514e-01 -1.249563592987290583e+00 1.599171165439879916e+00 -1.990352839618206637e+00
6.360996999280565944e-02 -2.749855370498374363e+00 2.942547148364722531e-01 -1.126877043644465726e+00
3.391156463634136031e+00 5.677812316133303838e+00 1.935879087350472316e+00 -1.478659770871194823e+00
-1.897501345326796596e+00 -5.519378323573050693e+00 9.322132165976437790e-04 -1.607897557076684247e+00
-3.177064514504811310e+00 -2.090458769210281176e+00 1.379377262388342684e-01 -9.291157732926207391e-01
-6.727015903683168929e-01 -3.356192277171378358e+00 1.416142811954525405e+00 -2.529368164959355791e-02
-5.828279166920147247e-02 2.055718263477080754e+00 1.824797444971372640e+00 -8.836982105438619950e-01
-3.835327581725393564e+00 -1.699708763069751605e+00 7.450220759663331860e-01 -1.675728602244364041e-02
4.050297934279605272e+00 -5.446382378043873373e+00 5.280246493200246860e-03 -1.969744518365470487e+00
-2.330036038310261404e-01 -4.051623151354267094e+00 1.969094083609500334e+00 -5.506771622323030080e-01
2.029234198804655165e+00 -2.211264080697242562e+00 4.171633464922852585e-02 -2.062949970527404586e-01
1.362724345199075593e+00 6.141718684727248245e+00 1.279173466618348298e+00 -1.404236525726432205e+00
6.219728402428708947e+00 -1.953266363443398212e+00 3.075062327463768952e-01 -8.734266187717028007e-01
1.146773714729730109e+00 3.539624363913166150e+00 2.853921015676114115e-01 -1.749988851457337624e+00
9.952811836011310476e-01 -1.772861886752062688e+00 6.067799780310587643e-01 -1.913184314791012142e+00
9.572416066980782290e-02 6.135596321908062478e+00 1.290910128115225763e+00 -1.190280954090132903e+00
5.829409889896588481e-01 1.404723381230856383e+00 6.739276153756970089e-01 -1.919136141967918263e+00
-1.177782544874309778e+00 -3.374388113708835846e+00 1.448950900375606476e+00 -2.924483055793712927e-01
3.488272533832086353e+00 -2.655420488121029710e+00 1.737913054341049257e-01 -1.639124786622684127e+00
-3.088478498686086482e+00 -2.720032845182228431e+00 2.532782785854093000e-01 -1.106028634426304613e+00
-3.759325980240806331e+00 5.066075153109146356e+00 1.649838809965708863e+00 -5.569812816740760120e-02
5.236590254281619394e+00 1.686894208072557078e+00 1.230114912446607756e+00 -1.333727268043783942e-01
2.242110817995301986e+00 -1.250929339766220671e+00 1.596982041953121989e+00 -2.591743603242524507e-02
-3.956142357057572223e+00 -1.664840426174065691e+00 8.130188459338848483e-01 -1.699143177543271932e-03
3.121159726690063252e+00 2.803882629803801763e+00 1.625225195648881016e+00 -9.591455197027519697e-01
-1.603211089585286686e+00 1.670535377174199532e+00 1.198157807758132076e+00 -1.064784123472985566e+00
4.286677389880942712e+00 -4.295945793969030646e+00 1.739876237557937966e+00 -1.752218919463573776e+00
3.126235019080887412e+00 -4.755133363945251546e+00 9.146153248449941930e-01 -9.692895603605685695e-01
4.186627675668363580e+00 5.059621932653486809e+00 1.639975134216117514e+00 -1.868179826181657788e+00
-5.085760327349901466e+00 5.441053383179013991e+00 1.993569464622750420e+00 -1.679251813539232252e+00
4.375627953889612343e+00 2.904030215205583687e+00 1.457449495614006496e+00 -1.623742791153740317e+00
-1.072310306367209698e+00 5.722659836094994290e-01 8.948331683130961167e-02 -1.601688835258520127e-01
2.582427173350728467e+00 -4.952876001556850483e+00 5.373570730395876849e-01 -1.006279824091294017e-01
3.773157720388477188e+00 -2.502506389314639534e+00 4.250970299822587339e-02 -1.953042923645671003e+00
-3.585992970828161042e+00 -5.620311380185444960e+00 2.987443355290808622e-02 -2.236837062769001516e-01
-2.723650952565560779e+00 -9.410346449144224579e-02 1.187097788986972491e+00 -1.741889142136553881e+00
1.800904508074095745e+00 -7.207628611177003819e-01 1.991656184494732695e+00 -5.558580312163863280e-01
-3.398272978546598821e+00 4.467884854721303256e+00 5.302493955729259412e-01 -5.088925266101810285e-01
-3.533402208039189141e+00 3.010080875735127393e+00 1.260001306275931432e+00 -2.941523186584887872e-01
-1.795295370976314864e+00 -2.895138404231452522e+00 5.268098420566769136e-01 -1.434063147516629888e+00
-4.497208738316071930e-01 -5.199129267910816310e+00 1.731517196828011862e-01 -2.170202276320658541e-01
9.048894312432160802e-01 -3.595490469690990842e+00 1.788148901227286647e+00 -1.971579325967898200e+00
1.522212636516766082e+00 -3.282769605625101672e+00 1.278617113159091989e+00 -1.097014551752697020e+00
-2.797732393491498826e-01 4.668392897040913425e+00 9.121213377012405976e-01 -4.691981049343683097e-01
1.807571054392465015e+00 2.858531052078149060e+00 1.536364122544893629e+00 -5.439519924443432242e-01
5.543225551956924235e+00 -2.270882249445307366e-01 1.438722401890761615e+00 -4.126456806967992996e-03
-1.498004573002324591e+00 -7.483928791838501127e-01 1.997262467806886876e+00 -8.549302107190870359e-01
-5.439424259831080910e+00 1.569383487017557144e+00 9.971743242055760570e-01 -1.993195278959823291e+00
-1.597275127230987302e+00 3.111820880378717291e+00 1.059508368040656734e+00 -1.052932851011610493e+00
-5.641582253414802572e+00 -2.806404618178808708e+00 3.787192844250183432e-01 -1.958930174728430673e+00
-4.593928822754573815e+00 -1.993364523171917035e+00 2.519383666449663828e-01 -7.652899108219275437e-01
3.689957078769865007e+00 -1.883631380363171459e+00 4.143594262934300332e-01 -1.889718813776108730e+00
-8.156526256537022235e-01 -2.959184292848876741e+00 6.432219163360055614e-01 -1.830106485287030793e-03
6.592431274566035171e-02 5.400235466025561593e+00 1.981027637470006653e+00 -1.131466946661755735e+00
-2.560964079762192203e+00 -4.459105857586400212e+00 1.485177584510329440e+00 -1.917304412925560086e+00
-5.052178666943515140e+00 1.662668054960349195e+00 1.182711286313450572e+00 -1.628465900414401979e+00
2.975051251162412314e+00 1.046332307586354204e+00 1.331106497306190350e-01 -6.730420520955557873e-01
1.528638273439675288e-02 5.143534477718521458e+00 1.759335303521467608e+00 -1.030568002994689536e+00
-6.119604629863966139e+00 -4.732796513462425025e-01 1.811409298535034740e+00 -1.321356247730813838e+00
-5.004622304525812915e+00 2.459577363981425790e+00 1.978700010197343317e+00 -1.551754642037753484e+00
6.014058731735037355e+00 4.802740572685921805e-01 1.804942001276822472e-01 -4.873630796704558898e-01
2.571424991837146123e+00 -3.767443855447472956e+00 1.949520049894535090e+00 -9.122652571809863886e-02
-3.017343810286989836e-01 -3.083454211381053689e+00 8.839849551739554778e-01 -4.324980364538386635e-01
6.240771026512730302e-01 -5.374318492131921587e+00 3.033440043399016073e-02 -1.948400982766632428e+00
-1.679590915976845622e+00 -4.396622521967024078e+00 1.590382704232010003e+00 -1.215876276492796615e+00
2.710950518783489471e+00 6.032940904591734821e+00 1.479854448210789153e+00 -2.413201566937041020e-01
-4.702569837630997007e+00 -2.768872709777365770e-01 1.525901387464587255e+00 -9.803629767591945932e-01
-4.336208183083692269e+00 8.722499198816491273e-01 1.504855981859631875e-02 -3.166351898925484631e-01
-8.848155084059312614e-01 -1.659598922258042286e+00 8.233270555016249936e-01 -1.970257629599092564e-02
-4.112341875546210446e-02 -6.151085265669476776e+00 7.388628094402277524e-01 -9.178458581662931604e-01
1.621180651537425632e+00 -5.922797475972219949e+00 3.400323789998298540e-01 -8.994018034811008810e-01
-3.172369258197610620e+00 3.462301910193350096e+00 4.016673764254268253e-01 -9.384856521965965204e-01
4.496744009174744150e+00 -1.042675483700504557e+00 1.870511991003550367e+00 -1.418042968756437983e+00
-5.898786524458058622e+00 1.416970464662899332e+00 6.971785444230793605e-01 -1.695271494984325500e+00
4.766260450963887507e+00 -3.787176569520952274e+00 1.961158039511741169e+00 -8.924653942795891526e-01
-5.078405702723124193e+00 -8.074302030246123252e-01 1.999029335531978369e+00 -1.668383526163000674e+00
5.534864139127295246e+00 -2.637900563295954015e-01 1.503443967170898343e+00 -2.748147525258426427e-03
4.172247411037631082e+00 5.294522955216317328e+00 1.918499114655158433e+00 -1.882091222828512267e+00
-1.427844749249579159e+00 -3.964636338673362737e+00 1.997166968083769811e+00 -7.179759401841796507e-01
-3.492371904296049934e-01 -4.696899065922444549e+00 1.030974873681516302e+00 -3.569499199028888237e-01
-1.411969350752793062e+00 -4.415931987185523155e+00 1.558780007205604168e+00 -6.876612547927070107e-01
6.406072514503664550e-01 -3.813677109846334012e+00 1.974429729889396690e+00 -1.958363370112508051e+00
4.462565270110976812e+00 -8.519624135196011139e-01 1.991151481470612383e+00 -1.479116091232115737e+00
-3.551225845769722778e+00 3.707056473382836614e+00 9.519241328050009887e-02 -2.693548551242884725e-01
3.001739620235966299e+00 -6.382194604377300351e-02 1.127297558142475564e+00 -7.239268495590475139e-01
4.841366116892011462e+00 5.332155292923943080e+00 1.945632094518920940e+00 -7.448969547262827007e-01
-1.844568636862605082e+00 2.169236952684427067e+00 1.930904452419545780e+00 -1.520592383877295894e+00
4.336819314187870589e+00 2.876523602522498280e+00 1.505652491881829258e+00 -1.682471954263157876e+00
-6.532663386508117398e-01 5.539198506803556299e+00 1.996572158167440048e+00 -3.471490375616848034e-02
-1.413422315909786953e+00 1.003433808654968118e+00 9.358193097094735791e-02 -6.904231185938953796e-01
-1.598801418405353836e+00 -1.528866409494996859e+00 1.083761578834053552e+00 -1.055980902510649688e+00
5.177580657415099097e+00 -2.017712475067949818e+00 2.205218710657459447e-01 -1.981509359401982806e-01
-5.458031341732674235e+00 -6.934516426459493843e-01 1.983139269543027439e+00 -1.996840617426207443e+00
-6.251990218671865662e+00 -6.259008333108175393e+00 9.516648924168371604e-01 -1.062349708909580803e+00
-3.514940949470550358e+00 -6.183484510183602900e+00 8.019171824691136985e-01 -3.207820218082150232e-01
4.098532073257425523e+00 2.538122118130612392e+00 1.934531764626568728e+00 -1.941722210043742347e+00
-6.154379513272543178e+00 -7.252673828389424315e-01 1.992777289834451793e+00 -1.254771683227203116e+00
-1.403234052501473705e+00 -6.138660801988396365e+00 7.149591840394734499e-01 -6.711132077069248414e-01
2.680677810104079128e+00 4.569059227435808168e+00 7.172503724113137302e-01 -2.032912510735165323e-01
1.075121491239882765e+00 -4.020234234611531399e+00 1.982661666063005867e+00 -1.836765767771474156e+00
3.752137989539901852e+00 3.097253561033001645e+00 1.088562005915055586e+00 -1.939473602443995803e+00
1.128233779329418596e+00 -2.555542635639493909e-01 1.489144407703239636e+00 -1.773994202380940965e+00
4.715766944014854190e+00 -2.628183792254463746e+00 1.443436452675113113e-01 -9.932441241325155046e-01
1.219145908842276249e+00 -3.736603946062750481e+00 1.928377360930508377e+00 -1.646738791667408996e+00
-8.157629148054796886e-01 -2.187920109367080812e+00 5.610000790661484604e-02 -1.843469580859347090e-03
3.591441861239717426e+00 1.676160766269976676e+00 1.209172710555655561e+00 -1.783139405951337242e+00
1.215737407825725036e+00 -2.395184412861235401e+00 3.038887751165564310e-03 -1.651923130295704478e+00
5.352037306973061348e+00 -3.417070204197782513e+00 1.523501237612116421e+00 -4.218603688968081133e-02
-2.600946777519222319e+00 3.303214762757672673e+00 6.823555732351834768e-01 -1.882565910311528645e+00
3.585627216767276693e+00 -4.521578907226985855e+00 1.372424554532685637e+00 -1.775854984620646171e+00
-7.958297624020822525e-01 -5.059335172613410592e+00 3.604656613288260703e-01 -2.176286214260469976e-04
-5.045792015982060619e+00 2.114461560406793339e+00 1.885389136841027824e+00 -1.618479353303508228e+00
-1.932231416225282494e+00 4.495950004697109037e+00 5.805149683394159599e-01 -1.661539769940574729e+00
-3.693286040883046351e+00 -2.449775900747091839e+00 1.746389149164706556e-02 -1.072615262360033794e-01
-3.125470983947794323e+00 -4.505851831604475777e+00 1.401426942163517042e+00 -1.032237752701533173e+00
-3.443034744293989036e+00 -3.230071336806093818e+00 1.176035273506661261e+00 -4.329794607572651222e-01
-1.517884782109711672e+00 -5.500044478017702687e-01 1.891211395037437626e+00 -8.943743105084073219e-01
-1.990341540789453134e+00 -4.160127673708666762e+00 1.893249678567082039e+00 -1.744035706520363771e+00
2.439792841534059065e+00 -1.476199204143721744e+00 1.188067579229130644e+00 -1.394483788096556598e-02
-8.127627848087453089e-01 4.349317778365572096e+00 3.360099014850446153e-01 -1.497271223859564238e-03
-2.296085047178873406e+00 -5.346011662029514611e+00 4.571891321381904572e-02 -1.992782408741372135e+00
5.701892987173863503e+00 4.717683735521555732e+00 1.010589312360904657e+00 -8.216780573909732155e-02
1.438689256618657097e-01 -5.341924073657780880e+00 4.819442261060535859e-02 -1.283783805185367388e+00
2.490646545057838779e+00 5.721030296247439750e+00 1.901969876982298802e+00 -3.593737403926200447e-02
-4.526865379785728116e+00 1.738707386470260019e+00 1.329545476672732818e+00 -6.374084321795194796e-01
-1.688159139029284717e+00 -3.874085909984269271e+00 1.994407362351073854e+00 -1.232576142612304082e+00
-4.047944071595743765e-01 -5.953742245237148012e-02 1.118793654220319400e+00 -2.759963987334098645e-01
-4.323528768318927185e+00 -2.526668404153061598e+00 5.756184627657934261e-02 -2.983429880249187649e-01
2.507250053494672670e+00 -3.798485091027963279e-01 1.688701801377932021e+00 -4.528951987903762078e-02
3.024749420427847113e+00 5.005737892536753719e+00 1.553614082405425423e+00 -7.684346453282869804e-01
4.099776256974724475e+00 -3.791869977589655161e+00 1.963706404887990864e+00 -1.940882229556261773e+00
5.455523281405248781e+00 -8.909072984983694710e-01 1.977818139209069237e+00 -3.570341544472332984e-03
3.673529877579332137e+00 5.199511599436798193e+00 1.827278104186919272e+00 -1.874243039448428183e+00
-4.076542302602193857e+00 -1.654918575850850893e+00 8.325481066554103471e-01 -4.439880514322280813e-02
5.355300672990802369e+00 1.249098218052405507e+00 4.000839163471437976e-01 -4.033074001825964761e-02
-2.043690287516095161e+00 4.031513480490556134e+00 2.177051995840795229e-02 -1.810958201527745004e+00
-5.075673956161747213e+00 -2.506193745316675159e+00 4.466307062383045867e-02 -1.664309732780724360e+00
-5.957386669396509404e+00 4.007610887814504252e+00 1.297105287173172528e-02 -1.606457198392768237e+00
2.112398551493699372e+00 1.978423927060433130e+00 1.727900608878501387e+00 -1.165363759934394672e-01
-9.032414703087008334e-01 -4.991999831051863623e+00 4.694733804176083325e-01 -2.764576110748373505e-02
5.680134041730795502e+00 -3.592135966708368322e+00 1.784001904736199684e+00 -6.576698329078178862e-02
4.285346017012754416e-01 -1.649011405991265278e+00 8.442070460885584549e-01 -1.755927149352925376e+00
1.498803166695202194e+00 2.630919648696545821e+00 1.852811705528973896e+00 -1.143489313496580895e+00
-1.076549065577088626e+00 -4.041919261721810486e+00 1.973699011019033556e+00 -1.648010087730266138e-01
-4.254136636056042420e+00 6.351727421451807132e-01 4.479684103034320408e-02 -2.065207657247347672e-01
-1.873998957258319109e+00 1.057811947133338037e+00 1.447833297906311323e-01 -1.569917344354821553e+00
5.400905742739057658e+00 4.244590924900435880e+00 1.950470831881794265e-01 -1.871335378322092069e-02
6.057979721161887099e+00 1.827073769603767772e+00 1.490405413574578120e+00 -5.646642639995260726e-01
-4.042477927142198446e+00 5.694429691880577238e+00 1.923655115848440289e+00 -2.655616734901300457e-02
3.032434252569879973e-01 -1.532479438408120842e-01 1.301719686603677317e+00 -1.569984384786916376e+00
4.616652552781838281e+00 -5.357533917472004248e+00 3.908464597818428476e-02 -1.190305039657291841e+00
6.071485257963267657e+00 -6.213161503228384674e+00 8.604097434074132744e-01 -5.891373176370880982e-01
5.555361245999952402e-01 -2.468213659409028260e+00 2.499179089172609558e-02 -1.896174958643721764e+00
-5.131648190806236798e+00 -4.260571789994338054e+00 1.785580898607162847e+00 -1.743653404047599720e+00
-1.446767540374055194e+00 -2.563007516569708599e-01 1.490446040103964531e+00 -7.544785480942413081e-01
-5.736533280989004169e+00 -1.719599074485552492e+00 7.067681959929253965e-01 -1.888150148003731044e+00
-4.808031029407180412e-01 5.557594178976792421e+00 1.992854762402989088e+00 -1.798882976351916518e-01
-2.643015733624350272e+00 3.544537434421890509e-01 3.489951381189895230e-01 -1.839929791816809157e+00
-5.457440598502323326e+00 -4.004455972153142085e+00 1.988022287072914285e+00 -1.996746078768025123e+00
4.958827392692670699e-01 5.032725563132180113e+00 1.597735249199406127e+00 -1.836993375360066238e+00
-9.903430727655848642e-02 -3.227264180905599744e+00 1.170505890269917915e+00 -8.032239248965299394e-01
4.567055523381888804e-01 -4.024936761731156665e+00 1.980874461041434831e+00 -1.791592693441911077e+00
-2.214815503934274510e+00 -3.034370790071723167e+00 7.871960702346876282e-01 -1.960289602903910078e+00
3.491883387645700054e-02 3.973749286703549544e+00 4.369523145291598354e-03 -1.069780911721231575e+00
2.936381284269087288e+00 6.109273132089487746e-02 8.781183341416017862e-01 -6.010030052338057871e-01
-2.505586220171720946e+00 -7.452533304162090033e-01 1.996778515917192243e+00 -1.955695294266901474e+00
1.790109890844432172e+00 -3.768706174743190473e-01 1.684371403216821994e+00 -5.753030440800160905e-01
-2.217445201980496883e+00 -3.233086885750930062e+00 1.181968951375281573e+00 -1.961743713406637779e+00
-5.929111330294061233e-01 -2.873226009145833704e+00 4.886686331172405140e-01 -7.319182591104833602e-02
-3.929673175372792482e+00 -3.321919693429142839e+00 1.352886308970150164e+00 -1.439005850456531732e-05
3.037983416498232003e+00 -4.905751916822675085e+00 6.228418870971950128e-01 -7.942613212996906258e-01
-2.039275389645210268e+00 -4.634707489530359048e+00 1.154738719226655386e+00 -1.805760305972064828e+00
5.468300951233825202e+00 -5.811300217320877870e+00 1.902240374247791133e-01 -1.738367214956904050e-03
-2.694182938010366790e+00 -6.304061166799694860e-01 1.952338422200276202e+00 -1.780096119243772534e+00
-6.224581752122459122e+00 -3.003156121370827769e+00 7.266508560295987795e-01 -1.116938938804809878e+00
-2.947524266159914585e+00 2.814156476064118451e+00 1.609058009805043099e+00 -1.378464442375142429e+00
-2.557096188811155635e+00 6.060316507086781712e+00 1.431123528938701650e+00 -1.920357220664715481e+00
-3.019136479023974307e+00 6.147815735509976065e+00 1.267443728600476938e+00 -1.242471290477975998e+00
4.724202278869405802e+00 -2.434681364586998242e+00 1.229510105185960267e-02 -9.763756010936253116e-01
-1.074685445682092677e+00 6.149167283908576920e+00 1.264838122314497770e+00 -1.627570274029070951e-01
1.005362162476004073e+00 -5.092890804569076835e-01 1.851363018712338881e+00 -1.904782329301144106e+00
