4.894853485276140503e+00 8.068457464750469210e-01 8.068457464750469210e-01 -3.568829799289221505e-01
6.205927404166454053e+00 -1.303147269916922202e-01 -1.303147269916922202e-01 -1.539016919839257258e-01
1.580706419615429681e+00 1.172573668296712723e+00 1.172573668296712723e+00 -1.981888797373056177e-02
3.737300686424465113e+00 -3.846260442003029967e-01 -3.846260442003029967e-01 9.288943310569987011e-01
1.938261314849956563e+00 4.329395611294999391e-01 4.329395611294999391e-01 -6.705352081189001057e-01
5.739659534715469746e+00 7.962805991146337803e-01 7.962805991146337803e-01 -8.852594452068557329e-01
4.541496350178197972e+00 9.905539446580660101e-01 9.905539446580660101e-01 3.351696223929654384e-01
-4.599867081941097169e+00 -8.828889158730013342e-02 -8.828889158730013342e-02 -2.231490548652904082e-01
1.448331685151981851e+00 7.757133375383740148e-01 7.757133375383740148e-01 2.424877192582187146e-01
-3.188671443094269975e+00 9.616750964991782613e-01 9.616750964991782613e-01 -9.401851265050620299e-02
6.632525400228344026e-01 1.176944948401490665e+00 1.176944948401490665e+00 9.703089938768330036e-01
-3.794703228406454354e+00 2.275224541916109899e-02 2.275224541916109899e-02 -9.652036788294239278e-01
-1.995414503136898610e+00 3.453446418143686358e-01 3.453446418143686358e-01 7.507761917740329860e-01
-1.653693783070305123e+00 1.167548689897405234e+00 1.167548689897405234e+00 1.650363953445549148e-01
-3.624171652869593530e+00 -2.098481444953970154e-02 -2.098481444953970154e-02 -8.221388731950396433e-01
4.355020065664753304e+00 1.501160481440111383e-02 1.501160481440111383e-02 6.554194309500037674e-01
5.837721041702430114e+00 -9.564284242894287580e-01 -9.564284242894287580e-01 -7.776558410086883422e-01
1.921485412023008266e+00 5.077219315572720770e-01 5.077219315572720770e-01 -6.452711580116390344e-01
8.830917643587490318e-01 9.631682692955887415e-01 9.631682692955887415e-01 9.809725692346323855e-01
5.534198833275693730e+00 4.550387827585944400e-01 4.550387827585944400e-01 -9.973495493794205524e-01
1.050695637134779759e-04 -9.905865235053529227e-01 -9.905865235053529227e-01 2.101391258803861405e-04
7.648940578772123189e-02 -6.750076684853831832e-01 -6.750076684853831832e-01 1.523828278445877038e-01
4.082694195920627322e+00 9.426676785499450428e-01 9.426676785499450428e-01 9.519034840720836943e-01
-3.097003812602627359e+00 5.295535764999370620e-01 5.295535764999370620e-01 8.905952901699538959e-02
-3.006880912801920491e+00 8.834166009842103762e-02 8.834166009842103762e-02 2.661757607138669490e-01
-4.171367510939951728e+00 2.744141298383755423e-01 2.744141298383755423e-01 -8.829188607914363329e-01
-4.217034134291601788e+00 -1.662289073717833077e-01 -1.662289073717833077e-01 -8.364151689368545251e-01
1.039048953462823555e+00 7.583509165739690250e-01 7.583509165739690250e-01 8.740586358003450407e-01
-7.948573351778227547e-01 1.053525321529129366e+00 1.053525321529129366e+00 -9.998210534756898360e-01
6.037953577368295299e+00 -3.343048953827102432e-01 -3.343048953827102432e-01 -4.710347632661613382e-01
1.979359039676159782e+00 -2.866409305061002888e-01 -2.866409305061002888e-01 -7.291817161293419058e-01
-3.157498048455712247e+00 -8.887916447296405620e-01 -8.887916447296405620e-01 -3.180542497392673668e-02
-5.962102702350406958e+00 1.180620569786429153e+00 1.180620569786429153e+00 5.989307456220671622e-01
2.877708946674097490e+00 9.405973865627148545e-01 9.405973865627148545e-01 -5.036057917732519318e-01
-1.421252206063478241e+00 1.057605498875317851e+00 1.057605498875317851e+00 -2.946490477486965465e-01
4.462318040821566356e+00 1.070345146893466159e+00 1.070345146893466159e+00 4.795500444255330064e-01
-2.217606085637717328e+00 8.504512448206436037e-01 8.504512448206436037e-01 9.618318120251194703e-01
-2.169028658491585659e+00 1.221188704441513728e-01 1.221188704441513728e-01 9.307522074136129753e-01
5.823797009898498800e+00 -9.538803212237700890e-02 -9.538803212237700890e-02 -7.948598611505721667e-01
-3.366301333275742103e+00 4.196342425089738537e-01 4.196342425089738537e-01 -4.344408232467307229e-01
-3.508054220814884605e+00 -6.796572253417033638e-01 -6.796572253417033638e-01 -6.690450277650449307e-01
-2.368391367501458067e+00 -2.615952906181434612e-01 -2.615952906181434612e-01 9.997024871213020525e-01
3.347483067170893278e-01 3.462583545781372507e-01 3.462583545781372507e-01 6.205913430783066564e-01
2.231596917795670265e+00 7.494097992971275879e-01 7.494097992971275879e-01 -9.691112322271041579e-01
5.569047546469525045e+00 -5.871136742254329244e-01 -5.871136742254329244e-01 -9.898610894095973833e-01
-2.932665525009251262e+00 -1.043042076854163724e-01 -1.043042076854163724e-01 4.058002618005787099e-01
-1.046107122875809203e+00 9.500492418873893730e-01 9.500492418873893730e-01 -8.671137717745065476e-01
-3.194231120413292047e+00 -9.272785807308443484e-01 -9.272785807308443484e-01 -1.050825732587276629e-01
1.503458973823819100e+00 -5.134505241878845050e-01 -5.134505241878845050e-01 1.342679695771623050e-01
-5.070142045244880435e+00 -6.166772218860128163e-02 -6.166772218860128163e-02 6.559995078379916578e-01
1.706277040720811655e-01 -1.046579769408012561e+00 -1.046579769408012561e+00 3.346703709189129405e-01
1.279471682468305893e+00 -4.262836894401109689e-01 -4.262836894401109689e-01 5.502380419918186938e-01
-2.003886946334745289e-01 -8.212481119967208754e-01 -8.212481119967208754e-01 -3.901342474980938335e-01
2.522728389167815166e+00 -1.742940733969091660e-01 -1.742940733969091660e-01 -9.450437947686443074e-01
5.798000215541762259e+00 7.597340915152230867e-01 7.597340915152230867e-01 -8.250949212464606664e-01
5.488752831031964874e+00 -1.206188640661456368e-01 -1.206188640661456368e-01 -9.998367668273021591e-01
-1.566003044898153007e+00 -1.159519292314119543e-01 -1.159519292314119543e-01 -9.586416956436206657e-03
3.069410053011630168e+00 -2.855868357444599770e-01 -2.855868357444599770e-01 -1.438642634348315519e-01
-4.140906466548944564e+00 9.568783666284905731e-01 9.568783666284905731e-01 -9.098676794889861696e-01
-4.074969968806234633e+00 -3.954813779875180346e-01 -3.954813779875180346e-01 -9.565230859699666022e-01
-4.774720790207548582e+00 -9.899845323615692472e-01 -9.899845323615692472e-01 1.243409705351193190e-01
5.502978551055806022e+00 -8.710303354635938744e-01 -8.710303354635938744e-01 -9.999460990652632164e-01
5.835405766035494324e+00 -1.168795301378707130e+00 -1.168795301378707130e+00 -7.805586757071566462e-01
3.935557515157581676e+00 -5.155552308230061387e-01 -5.155552308230061387e-01 9.998532269554448737e-01
3.778423058579427618e-02 2.078027651808942444e-01 2.078027651808942444e-01 7.549655825935520925e-02
-6.241270871670645093e+00 -8.277898353585166902e-03 -8.277898353585166902e-03 8.373072402345790866e-02
1.625582219647308868e+00 -4.919500725790255657e-01 -4.919500725790255657e-01 -1.093526645753753745e-01
2.038290688523209937e+00 -4.778838878808261414e-01 -4.778838878808261414e-01 -8.045923818415716688e-01
2.626260526170492327e+00 1.573896396122440589e-01 1.573896396122440589e-01 -8.576407709372954047e-01
4.381698833770993673e+00 2.504326495100226424e-01 2.504326495100226424e-01 6.142066884961153717e-01
-4.939266202534083661e+00 1.088859717391764681e+00 1.088859717391764681e+00 4.383431390574720199e-01
-4.865997590013240170e+00 -8.761276030023470440e-01 -8.761276030023470440e-01 3.024073231784857874e-01
1.154586426922763920e+00 2.924222261489408670e-01 2.924222261489408670e-01 7.395622732558927437e-01
-1.421383621291967714e+00 1.118674020926549995e+00 1.118674020926549995e+00 -2.943978753349578148e-01
3.296601904127950178e+00 1.074299922465348667e+00 1.074299922465348667e+00 3.050762555872860160e-01
3.233735542363858073e-01 3.144273959805770069e-01 3.144273959805770069e-01 6.025936342319890837e-01
-8.496236842121129840e-01 8.163500530805389843e-02 8.163500530805389843e-02 -9.917615020117057645e-01
-7.369558180959776550e-01 5.893278199954854468e-01 5.893278199954854468e-01 -9.953103484262311174e-01
-1.344439784907844881e-01 6.434249610551476817e-01 6.434249610551476817e-01 -2.656595172877345701e-01
-5.757939794808962120e+00 -3.980568484532230888e-01 -3.980568484532230888e-01 8.676674407090781971e-01
-2.405091166402251623e+00 -1.103252782842349289e+00 -1.103252782842349289e+00 9.952220397838136279e-01
-5.164147537220570072e+00 7.522484377157214741e-01 7.522484377157214741e-01 7.855083331313599260e-01
-4.245127996571332218e+00 9.835826305122383761e-01 9.835826305122383761e-01 -8.043151217596631319e-01
-2.839255169517281630e+00 7.843406648390547353e-01 7.843406648390547353e-01 5.684947068374560653e-01
2.417760229666766847e+00 3.541899072122989267e-03 3.541899072122989267e-03 -9.924288923931133821e-01
1.368856622586906546e+00 -6.163625533593997119e-01 -6.163625533593997119e-01 3.929885747855410560e-01
5.913486621718844205e+00 4.270642643497404300e-01 4.270642643497404300e-01 -6.738427665902168018e-01
6.020269199268906135e-01 -4.214518463597277664e-01 -4.214518463597277664e-01 9.335003638738630372e-01
-4.592003836714949827e+00 3.546467469464209543e-01 3.546467469464209543e-01 -2.384507651779865789e-01
8.793525432904214512e-01 -7.341360935549157141e-01 -7.341360935549157141e-01 9.823970368536321107e-01
6.071295702881316814e+00 1.030149800252184722e-01 1.030149800252184722e-01 -4.112082865189521375e-01
6.264376722792331265e+00 1.036921441255901355e+00 1.036921441255901355e+00 -3.760829769771271286e-02
4.323988717965228545e+00 5.400773909298073328e-02 5.400773909298073328e-02 7.010012732679844483e-01
5.067968894389338175e+00 -1.595448500666636349e-01 -1.595448500666636349e-01 -6.527129017456188009e-01
-1.317574427731807774e+00 -5.855486005266221650e-01 -5.855486005266221650e-01 -4.850705108901719464e-01
-2.761230131607400384e+00 -3.739558401606505322e-01 -3.739558401606505322e-01 6.894468019604343967e-01
-6.965420887654909521e-01 -9.299148760614203146e-01 -9.299148760614203146e-01 -9.842507105259374889e-01
-5.180014357166348837e+00 4.427551923660975053e-01 4.427551923660975053e-01 8.047479549012572786e-01
1.809816294917707680e-01 2.409829187884080515e-01 2.409829187884080515e-01 3.541109610413078479e-01
-2.288355061639672172e+00 -2.419626784619298698e-01 -2.419626784619298698e-01 9.908097352956987125e-01
-3.663065686953475897e+00 7.251386266782677836e-03 7.251386266782677836e-03 -8.638918412088154586e-01
-1.618107469414572286e+00 5.286190795948868537e-01 5.286190795948868537e-01 9.448115027265108212e-02
3.849521836511737405e+00 -9.495386610509424230e-01 -9.495386610509424230e-01 9.880211064674260246e-01
9.639620229534360263e-01 -8.304878630531340455e-01 -8.304878630531340455e-01 9.369047922636748460e-01
5.942770996459323385e+00 -4.467163101538208503e-01 -4.467163101538208503e-01 -6.294371215021868915e-01
-1.790478698013163061e+00 1.599923325537466745e-01 1.599923325537466745e-01 4.253646288231414108e-01
-2.717404666594451346e+00 7.169102971268894731e-01 7.169102971268894731e-01 7.502075850808458402e-01
-4.893556488270570881e+00 8.211517602715234787e-02 8.211517602715234787e-02 3.544586047815440066e-01
-6.254637074500184468e-01 -6.154782280796765592e-01 -6.154782280796765592e-01 -9.492766458608203894e-01
2.429504542345163998e+00 -1.031381583592092310e+00 -1.031381583592092310e+00 -9.892705145707210157e-01
-4.999681995916177790e+00 -8.104569599587128081e-01 -8.104569599587128081e-01 5.434873445496132272e-01
-3.965445599397836141e+00 7.500424786134427535e-01 7.500424786134427535e-01 -9.970439169731439844e-01
-2.503810766111129293e+00 -4.726890525742786231e-01 -4.726890525742786231e-01 9.567345043631220181e-01
2.043734206118580587e+00 3.005291326502879112e-01 3.005291326502879112e-01 -8.110095923070814727e-01
-3.937959429039910475e+00 3.388255426328212749e-01 3.388255426328212749e-01 -9.997593887488576136e-01
-5.669090824407095219e+00 -1.391631956390684266e-01 -1.391631956390684266e-01 9.418819406140532813e-01
5.201415289076368964e+00 -9.286767513852334233e-01 -9.286767513852334233e-01 -8.294110604062282510e-01
-5.251550088314614229e+00 -5.336326257900241288e-01 -5.336326257900241288e-01 8.811657786642232981e-01
-5.934540176251190680e+00 9.973803136154455462e-01 9.973803136154455462e-01 6.421428025846058762e-01
-1.008633940409063179e+00 -1.377573698087406484e-01 -1.377573698087406484e-01 -9.019762463106176797e-01
-2.930134878217391936e+00 -6.401655388258766788e-01 -6.401655388258766788e-01 4.104208733583682989e-01
-5.282330725326302989e+00 8.422369171891326278e-01 8.422369171891326278e-01 9.085848359644016492e-01
4.448184715634059927e+00 -6.226458134122495602e-01 -6.226458134122495602e-01 5.041595695838426705e-01
-4.006784387554349181e+00 -2.862787881340425056e-01 -2.862787881340425056e-01 -9.872929751701898793e-01
-8.043117808919069134e-01 -7.271513782566531026e-01 -7.271513782566531026e-01 -9.992846354538932330e-01
5.708759372858729364e+00 9.879074022077156680e-01 9.879074022077156680e-01 -9.122943415180051474e-01
5.446922318821778575e-01 1.889944907292595566e-01 1.889944907292595566e-01 8.863420700009461140e-01
5.074880579005423442e+00 -9.538319039730134286e-01 -9.538319039730134286e-01 -6.631228657146885919e-01
3.927060956086977583e+00 9.446243830285745435e-01 9.446243830285745435e-01 9.999999901610133746e-01
2.470813811892307754e+00 1.954500698123036173e-01 1.954500698123036173e-01 -9.738396849812152034e-01
-3.669694172783040553e+00 9.678119316114648374e-01 9.678119316114648374e-01 -8.704929699454738712e-01
2.676728594272960393e+00 -1.430105974527131618e-01 -1.430105974527131618e-01 -8.014573713381708542e-01
-3.468301726927041528e+00 -8.953237048128550590e-01 -8.953237048128550590e-01 -6.079039962130102781e-01
5.027100385870841848e-02 -1.000731602658318620e+00 -1.000731602658318620e+00 1.003727018927163817e-01
-6.164428403318388483e+00 -5.364128925723129493e-01 -5.364128925723129493e-01 2.352869613052989695e-01
-5.287449087349481935e+00 1.059214430272681584e+00 1.059214430272681584e+00 9.128130395455039681e-01
1.771087181344872974e+00 -6.621349725146755683e-01 -6.621349725146755683e-01 -3.899540659535022935e-01
-4.243680968208431992e+00 -8.712903636317841372e-01 -8.712903636317841372e-01 -8.060314082041806216e-01
-5.182842367148316143e+00 -7.375732103460919120e-02 -7.375732103460919120e-02 8.080925724970650093e-01
2.911543396024756092e-01 -1.206265336579426251e-01 -1.206265336579426251e-01 5.499535985189172305e-01
5.338046409673209425e+00 -9.784906366166910008e-01 -9.784906366166910008e-01 -9.493984032214772828e-01
-2.633575219137302970e+00 -5.125265302365833442e-02 -5.125265302365833442e-02 8.500261142547034243e-01
-3.681320304045318625e+00 -6.818011372569803275e-01 -6.818011372569803275e-01 -8.817009439299238194e-01
5.212108174303082819e-01 7.028220674481917563e-01 7.028220674481917563e-01 8.636275779632867078e-01
4.732015997843081578e+00 -8.154902440203426472e-01 -8.154902440203426472e-01 -3.924395473873722173e-02
-3.022458378271644097e+00 1.059495568471559901e+00 1.059495568471559901e+00 2.360204484426936256e-01
-6.177020039363283921e+00 -1.171077124893945554e+00 -1.171077124893945554e+00 2.107386675654129293e-01
-5.720627070742322573e+00 1.032929780645588380e-01 1.032929780645588380e-01 9.023178083472723765e-01
1.716106525271169581e+00 -3.991877528499858663e-01 -3.991877528499858663e-01 -2.865466616164492053e-01
1.922912480861468154e+00 -7.028467637802271462e-02 -7.028467637802271462e-02 -6.474489556394263934e-01
6.143222243966871332e+00 -1.290306595203181139e-01 -1.290306595203181139e-01 -2.762846512095120666e-01
5.443580587753915623e-01 9.944091904303296037e-01 9.944091904303296037e-01 8.860324070295885202e-01
5.954796153375706780e+00 2.986735928723962541e-01 2.986735928723962541e-01 -6.105685625543427753e-01
-2.198401042295729191e+00 -2.962878359920575466e-01 -2.962878359920575466e-01 9.506143851915348497e-01
7.898893706295577744e-01 9.811890547337991375e-01 9.811890547337991375e-01 9.999596583864404087e-01
3.118785038619567018e+00 -7.876680119354670939e-01 -7.876680119354670939e-01 -4.559941261058338136e-02
-4.697810625399489126e+00 -2.441757538262174787e-01 -2.441757538262174787e-01 -2.915257905938406502e-02
-5.359577365301224638e+00 -8.294060513432643944e-02 -8.294060513432643944e-02 9.620387517013435641e-01
-3.514793061989315515e+00 1.098196037167766592e+00 1.098196037167766592e+00 -6.790008684136110695e-01
2.613442807099483289e+00 -2.706501155874008191e-01 -2.706501155874008191e-01 -8.705405374195884782e-01
4.225432008393553929e+00 7.266534201957768335e-01 7.266534201957768335e-01 8.270919402011002175e-01
3.465778767076113098e+00 -1.036852413535414907e+00 -1.036852413535414907e+00 6.038897608090983971e-01
2.760675018400963410e+00 1.007304930018806166e+00 1.007304930018806166e+00 -6.902505542046925013e-01
5.673843860256761573e+00 -9.863371390835713459e-01 -9.863371390835713459e-01 -9.386459239626125939e-01
4.783037947441082238e+00 -6.751877726326602769e-01 -6.751877726326602769e-01 -1.408282318644390740e-01
3.493553569969204631e+00 1.180010705398210957e+00 1.180010705398210957e+00 6.472123084174080665e-01
-5.852466927419873954e+00 1.132880346543466699e+00 1.132880346543466699e+00 7.587791761172848481e-01
4.408917463555274807e+00 -1.327636266185769909e-01 -1.327636266185769909e-01 5.703591508673659938e-01
-3.507510011524982652e+00 -2.067958769946914854e-01 -2.067958769946914854e-01 -6.682356951367744990e-01
9.569838369656880062e-01 8.691730076144521533e-02 8.691730076144521533e-02 9.416923231199070266e-01
-9.524514923811890910e-01 4.403397420494530312e-01 4.403397420494530312e-01 -9.447036360640074237e-01
-5.626935160377585454e+00 7.312525062970021139e-02 7.312525062970021139e-02 9.668266316925147041e-01
4.258775605396305508e+00 -1.018800694170350241e+00 -1.018800694170350241e+00 7.877986354562641624e-01
4.187271644214140665e+00 -9.122864471441672896e-01 -9.122864471441672896e-01 8.675399678706378070e-01
2.116516681719508242e+00 9.748161075680796817e-01 9.748161075680796817e-01 -8.872923012810192134e-01
7.407975341769788002e-01 3.610375920725388266e-01 3.610375920725388266e-01 9.960242050339052078e-01
8.437579923476272725e-01 -6.511581098345886609e-02 -6.511581098345886609e-02 9.931959905174990721e-01
-6.330308561408388712e-01 3.205803609051505187e-01 3.205803609051505187e-01 -9.539266124278104053e-01
5.050614814259892782e-01 -8.653989761852141083e-01 -8.653989761852141083e-01 8.468972373270152731e-01
7.145259222067954497e-01 5.602847350344328792e-01 5.602847350344328792e-01 9.899710591096012591e-01
3.971213784317411566e+00 2.389901081102887570e-01 2.389901081102887570e-01 9.960912074218770673e-01
1.157168930822426667e+00 7.152930893296782777e-02 7.152930893296782777e-02 7.360759184788847609e-01
-6.965003305519665844e-01 -9.145249413336167255e-01 -9.145249413336167255e-01 -9.842359432081252413e-01
-2.897945837227875909e+00 1.121647925196134432e+00 1.121647925196134432e+00 4.682362507802642071e-01
-3.955340864344541352e+00 2.364112122786310444e-01 2.364112122786310444e-01 -9.983929802329792880e-01
-3.677172959432084554e-02 4.369628667739222649e-01 4.369628667739222649e-01 -7.347718209400505573e-02
-2.517613621460671691e+00 -1.289160781108515952e-01 -1.289160781108515952e-01 9.483387734053262408e-01
1.764402945799108835e+00 7.566487589636869959e-01 7.566487589636869959e-01 -3.776094407669299824e-01
4.795983440215039195e+00 4.214957325911594666e-01 4.214957325911594666e-01 -1.664111263012971187e-01
2.253477147457227048e+00 -1.005864507713909006e+00 -1.005864507713909006e+00 -9.789724043381651253e-01
-1.420361476448387172e+00 -5.421180283095711205e-01 -5.421180283095711205e-01 -2.963509516005820577e-01
2.898812893205860775e+00 -4.555801228799630787e-01 -4.555801228799630787e-01 -4.667032804532753043e-01
-3.514735860487177899e+00 -2.462152097413693452e-01 -2.462152097413693452e-01 -6.789168764386018795e-01
1.550498047988329020e+00 2.254945541699273637e-01 2.254945541699273637e-01 4.058540746623102990e-02
-5.493948895972731172e+00 4.160229987921311157e-01 4.160229987921311157e-01 9.999705358521977505e-01
-5.941350295757501954e+00 -3.387321678121639756e-01 -3.387321678121639756e-01 6.316424926300121534e-01
1.177976233405338746e+00 8.476795489481754320e-01 8.476795489481754320e-01 7.072778968497576146e-01
-6.047463482819610547e+00 9.165859516701211351e-01 9.165859516701211351e-01 4.541729244150194966e-01
5.146304626617865807e+00 6.262528118753230011e-02 6.262528118753230011e-02 -7.629287005002982625e-01
4.474152395894943623e-01 -7.653085240426071856e-01 -7.653085240426071856e-01 7.801030314969910062e-01
1.278800621799891957e+00 9.314171627110567897e-02 9.314171627110567897e-02 5.513582279283185672e-01
-3.204498165521520114e+00 -8.448260350569665178e-01 -8.448260350569665178e-01 -1.254793882793919235e-01
-2.127507210187360442e-01 6.081283904209995317e-01 6.081283904209995317e-01 -4.127775630049322353e-01
-1.421348865251807148e+00 -7.245704924413587378e-01 -7.245704924413587378e-01 -2.944643061332705147e-01
-4.156635628022364415e+00 -6.281426212338901971e-01 -6.281426212338901971e-01 -8.963676423456207187e-01
3.596853621898333131e+00 -7.875447793189307433e-01 -7.875447793189307433e-01 7.898239685181952519e-01
5.869916729417411716e+00 5.255798980244392737e-01 5.255798980244392737e-01 -7.355899616122328899e-01
1.587685016205571564e+00 7.238442741219459631e-01 7.238442741219459631e-01 -3.377095635542427809e-02
-3.721202918053426956e+00 -3.070191146587039066e-01 -3.070191146587039066e-01 -9.164915566785358791e-01
-9.104842777274635424e-01 2.997897555862205632e-01 2.997897555862205632e-01 -9.688697972881820109e-01
-3.808058659855635852e+00 -1.069693225715729445e+00 -1.069693225715729445e+00 -9.718434173649775909e-01
3.482178989686127935e+00 7.776963381391355234e-02 7.776963381391355234e-02 6.297044293690585715e-01
3.834396020983401598e+00 -9.090268951346522908e-01 -9.090268951346522908e-01 9.829013581719578951e-01
3.809820374639880214e+00 1.019846541338594870e+00 1.019846541338594870e+00 9.726676004508617579e-01
-1.223487941692595449e+00 -1.925544956545426345e-01 -1.925544956545426345e-01 -6.400910514502319293e-01
-5.462770896938089926e+00 -8.805654133640894443e-02 -8.805654133640894443e-02 9.975487270255870564e-01
3.647311191917674833e+00 -1.158862170772058109e+00 -1.158862170772058109e+00 8.475952945478527623e-01
4.790744034900731307e+00 -1.356659103521888898e-01 -1.356659103521888898e-01 -1.560694801700339696e-01
2.541727412172658518e+00 7.931353228593238658e-01 7.931353228593238658e-01 -9.319413904820141870e-01
6.138793948763515473e+00 -6.529132921216240781e-01 -6.529132921216240781e-01 -2.847855593936656216e-01
-4.685245975469909396e+00 -5.029001494486396995e-01 -5.029001494486396995e-01 -5.425935054319647871e-02
-1.074926649531684930e+00 -7.633162134469979598e-01 -7.633162134469979598e-01 -8.369790796748889372e-01
7.964076906168351400e-01 1.097158849607073217e+00 1.097158849607073217e+00 9.997575904151787540e-01
-3.592743269533658079e-01 -9.573360038960398999e-01 -9.573360038960398999e-01 -6.582928475810260194e-01
4.937400943329214087e+00 -9.469813001480329451e-01 -9.469813001480329451e-01 -4.349870779841954471e-01
1.552740771498199557e+00 2.871191746894108388e-01 2.871191746894108388e-01 3.610326288297385777e-02
-4.632031997997386519e+00 6.238046237961725193e-01 6.238046237961725193e-01 -1.600230114533411907e-01
1.930343455613707349e+00 7.233004545714554201e-01 7.233004545714554201e-01 -6.587034592979870151e-01
7.158902081195801514e-01 -2.386490670379157741e-01 -2.386490670379157741e-01 9.903528396182066373e-01
6.360996999280565944e-02 -5.251836900031338073e-01 -5.251836900031338073e-01 1.268770436444657257e-01
3.391156463634136031e+00 1.084382275272790297e+00 1.084382275272790297e+00 4.786597708711948784e-01
-1.897501345326796596e+00 -1.054123611589091514e+00 -1.054123611589091514e+00 6.078975570766842473e-01
-3.177064514504811310e+00 -3.992482157395390585e-01 -3.992482157395390585e-01 -7.088422670737921927e-02
-6.727015903683168929e-01 -6.409855090544032130e-01 -6.409855090544032130e-01 -9.747063183504064421e-01
-5.828279166920147247e-02 3.926132678839977519e-01 3.926132678839977519e-01 -1.163017894561380328e-01
-3.835327581725393564e+00 -3.246204617509945711e-01 -3.246204617509945711e-01 -9.832427139775563596e-01
4.050297934279605272e+00 -1.040182412921129229e+00 -1.040182412921129229e+00 9.697445183654703760e-01
-2.330036038310261404e-01 -7.738030225003127427e-01 -7.738030225003127427e-01 -4.493228377676969920e-01
2.029234198804655165e+00 -4.223203307094263170e-01 -4.223203307094263170e-01 -7.937050029472595414e-01
1.362724345199075593e+00 1.172981865305034566e+00 1.172981865305034566e+00 4.042365257264323164e-01
6.219728402428708947e+00 -3.730463963005768990e-01 -3.730463963005768990e-01 -1.265733812282971715e-01
1.146773714729730109e+00 6.760184570463434461e-01 6.760184570463434461e-01 7.499888514573376241e-01
9.952811836011310476e-01 -3.385916792349776827e-01 -3.385916792349776827e-01 9.131843147910121417e-01
9.572416066980782290e-02 1.171812580137743920e+00 1.171812580137743920e+00 1.902809540901329866e-01
5.829409889896588481e-01 2.682824037595821220e-01 2.682824037595821220e-01 9.191361419679181521e-01
-1.177782544874309778e+00 -6.444606578487573900e-01 -6.444606578487573900e-01 -7.075516944206287073e-01
3.488272533832086353e+00 -5.071479560063464342e-01 -5.071479560063464342e-01 6.391247866226842378e-01
-3.088478498686086482e+00 -5.194880072196764731e-01 -5.194880072196764731e-01 1.060286344263045022e-01
-3.759325980240806331e+00 9.675490832308211164e-01 9.675490832308211164e-01 -9.443018718325923988e-01
5.236590254281619394e+00 3.221730620254028565e-01 3.221730620254028565e-01 -8.666272731956216058e-01
2.242110817995301986e+00 -2.389099054589700621e-01 -2.389099054589700621e-01 -9.740825639675747549e-01
-3.956142357057572223e+00 -3.179610999417842310e-01 -3.179610999417842310e-01 -9.983008568224567281e-01
3.121159726690063252e+00 5.355021364593335331e-01 5.355021364593335331e-01 -4.085448029724807195e-02
-1.603211089585286686e+00 3.190487554645891066e-01 3.190487554645891066e-01 6.478412347298567742e-02
4.286677389880942712e+00 -8.204652100380098734e-01 -8.204652100380098734e-01 7.522189194635738874e-01
3.126235019080887412e+00 -9.081635759196950985e-01 -9.081635759196950985e-01 -3.071043963943146174e-02
4.186627675668363580e+00 9.663166089095656108e-01 9.663166089095656108e-01 8.681798261816577877e-01
-5.085760327349901466e+00 1.039164649871784585e+00 1.039164649871784585e+00 6.792518135392322520e-01
4.375627953889612343e+00 5.546289163658271182e-01 5.546289163658271182e-01 6.237427911537404279e-01
-1.072310306367209698e+00 1.092947520657570060e-01 1.092947520657570060e-01 -8.398311164741479873e-01
2.582427173350728467e+00 -9.459296378027937102e-01 -9.459296378027937102e-01 -8.993720175908705983e-01
3.773157720388477188e+00 -4.779435143741711522e-01 -4.779435143741711522e-01 9.530429236456710029e-01
-3.585992970828161042e+00 -1.073400405446575556e+00 -1.073400405446575556e+00 -7.763162937230998484e-01
-2.723650952565560779e+00 -1.797243784306279402e-02 -1.797243784306279402e-02 7.418891421365538807e-01
1.800904508074095745e+00 -1.376555665727270394e-01 -1.376555665727270394e-01 -4.441419687836136165e-01
-3.398272978546598821e+00 8.533031517531723953e-01 8.533031517531723953e-01 -4.911074733898189715e-01
-3.533402208039189141e+00 5.748831005755521417e-01 5.748831005755521417e-01 -7.058476813415112128e-01
-1.795295370976314864e+00 -5.529307055623410294e-01 -5.529307055623410294e-01 4.340631475166298880e-01
-4.497208738316071930e-01 -9.929605473141039917e-01 -9.929605473141039917e-01 -7.829797723679341459e-01
9.048894312432160802e-01 -6.866880973093459906e-01 -6.866880973093459906e-01 9.715793259678981997e-01
1.522212636516766082e+00 -6.269628117204800732e-01 -6.269628117204800732e-01 9.701455175269713127e-02
-2.797732393491498826e-01 8.915973670309862431e-01 8.915973670309862431e-01 -5.308018950656316903e-01
1.807571054392465015e+00 5.459392163038963020e-01 5.459392163038963020e-01 -4.560480075556567203e-01
5.543225551956924235e+00 -4.337065622146374366e-02 -4.337065622146374366e-02 -9.958735431930320070e-01
-1.498004573002324591e+00 -1.429325113162625005e-01 -1.429325113162625005e-01 -1.450697892809129086e-01
-5.439424259831080910e+00 2.997301674787675729e-01 2.997301674787675729e-01 9.931952789598232911e-01
-1.597275127230987302e+00 5.943140101546156018e-01 5.943140101546156018e-01 5.293285101161047251e-02
-5.641582253414802572e+00 -5.359838007588966224e-01 -5.359838007588966224e-01 9.589301747284306732e-01
-4.593928822754573815e+00 -3.807045806961953938e-01 -3.807045806961953938e-01 -2.347100891780724841e-01
3.689957078769865007e+00 -3.597470941773704967e-01 -3.597470941773704967e-01 8.897188137761087301e-01
-8.156526256537022235e-01 -5.651625692721521377e-01 -5.651625692721521377e-01 -9.981698935147129692e-01
6.592431274566035171e-02 1.031369001933759799e+00 1.031369001933759799e+00 1.314669466617557070e-01
-2.560964079762192203e+00 -8.516264868058808224e-01 -8.516264868058808224e-01 9.173044129255601975e-01
-5.052178666943515140e+00 3.175462076015120871e-01 3.175462076015120871e-01 6.284659004144020900e-01
2.975051251162412314e+00 1.998347506429412057e-01 1.998347506429412057e-01 -3.269579479044441572e-01
1.528638273439675288e-02 9.823427245109914718e-01 9.823427245109914718e-01 3.056800299468962617e-02
-6.119604629863966139e+00 -9.038975517187597397e-02 -9.038975517187597397e-02 3.213562477308137821e-01
-5.004622304525812915e+00 4.697446744734934398e-01 4.697446744734934398e-01 5.517546420377533734e-01
6.014058731735037355e+00 9.172558830371579930e-02 9.172558830371579930e-02 -5.126369203295441102e-01
2.571424991837146123e+00 -7.195287748987839738e-01 -7.195287748987839738e-01 -9.087734742819013611e-01
-3.017343810286989836e-01 -5.888963754465799116e-01 -5.888963754465799116e-01 -5.675019635461613365e-01
6.240771026512730302e-01 -1.026419224527572061e+00 -1.026419224527572061e+00 9.484009827666325387e-01
-1.679590915976845622e+00 -8.396930487362486151e-01 -8.396930487362486151e-01 2.158762764927965871e-01
2.710950518783489471e+00 1.152206839616477962e+00 1.152206839616477962e+00 -7.586798433062958980e-01
-4.702569837630997007e+00 -5.288157342639832059e-02 -5.288157342639832059e-02 -1.963702324080545195e-02
-4.336208183083692269e+00 1.665874636328090741e-01 1.665874636328090741e-01 -6.833648101074515369e-01
-8.848155084059312614e-01 -3.169600464328193867e-01 -3.169600464328193867e-01 -9.802974237040090744e-01
-4.112341875546210446e-02 -1.174770750493225879e+00 -1.174770750493225879e+00 -8.215414183370678414e-02
1.621180651537425632e+00 -1.131170994279816044e+00 -1.131170994279816044e+00 -1.005981965188991328e-01
-3.172369258197610620e+00 6.612509561805397507e-01 6.612509561805397507e-01 -6.151434780340347269e-02
4.496744009174744150e+00 -1.991363487260020548e-01 -1.991363487260020548e-01 4.180429687564379826e-01
-5.898786524458058622e+00 2.706214243995843649e-01 2.706214243995843649e-01 6.952714949843254999e-01
4.766260450963887507e+00 -7.232974456812798492e-01 -7.232974456812798492e-01 -1.075346057204108197e-01
-5.078405702723124193e+00 -1.542078096156715983e-01 -1.542078096156715983e-01 6.683835261630005631e-01
5.534864139127295246e+00 -5.038018968401347664e-02 -5.038018968401347664e-02 -9.972518524747415736e-01
4.172247411037631082e+00 1.011179399563423731e+00 1.011179399563423731e+00 8.820912228285122669e-01
-1.427844749249579159e+00 -7.571897650339431962e-01 -7.571897650339431962e-01 -2.820240598158202938e-01
-3.492371904296049934e-01 -8.970416442543156510e-01 -8.970416442543156510e-01 -6.430500800971111763e-01
-1.411969350752793062e+00 -8.433808849418307219e-01 -8.433808849418307219e-01 -3.123387452072929893e-01
6.406072514503664550e-01 -7.283586760661486803e-01 -7.283586760661486803e-01 9.583633701125079396e-01
4.462565270110976812e+00 -1.627128353281750428e-01 -1.627128353281750428e-01 4.791160912321157372e-01
-3.551225845769722778e+00 7.079956344716249461e-01 7.079956344716249461e-01 -7.306451448757115275e-01
3.001739620235966299e+00 -1.218909382873278879e-02 -1.218909382873278879e-02 -2.760731504409524861e-01
4.841366116892011462e+00 1.018366646642950402e+00 1.018366646642950402e+00 -2.551030452737172993e-01
-1.844568636862605082e+00 4.142937405087918634e-01 4.142937405087918634e-01 5.205923838772957835e-01
4.336819314187870589e+00 5.493755403143543159e-01 5.493755403143543159e-01 6.824719542631579872e-01
-6.532663386508117398e-01 1.057908987750038277e+00 1.057908987750038277e+00 -9.652850962438315197e-01
-1.413422315909786953e+00 1.916417408555584068e-01 1.916417408555584068e-01 -3.095768814061045648e-01
-1.598801418405353836e+00 -2.919919756779438824e-01 -2.919919756779438824e-01 5.598090251064966050e-02
5.177580657415099097e+00 -3.853546969742962514e-01 -3.853546969742962514e-01 -8.018490640598017194e-01
-5.458031341732674235e+00 -1.324395080667568614e-01 -1.324395080667568614e-01 9.968406174262074426e-01
-6.251990218671865662e+00 -1.195382538081036339e+00 -1.195382538081036339e+00 6.234970890958072692e-02
-3.514940949470550358e+00 -1.180958550393465201e+00 -1.180958550393465201e+00 -6.792179781917849768e-01
4.098532073257425523e+00 4.847456175256303901e-01 4.847456175256303901e-01 9.417222100437424581e-01
-6.154379513272543178e+00 -1.385158668505677149e-01 -1.385158668505677149e-01 2.547716832272031162e-01
-1.403234052501473705e+00 -1.172397852721094091e+00 -1.172397852721094091e+00 -3.288867922930751031e-01
2.680677810104079128e+00 8.726260335912543464e-01 8.726260335912543464e-01 -7.967087489264834677e-01
1.075121491239882765e+00 -7.678081809908252620e-01 -7.678081809908252620e-01 8.367657677714741560e-01
3.752137989539901852e+00 5.915318570968530754e-01 5.915318570968530754e-01 9.394736024439958033e-01
1.128233779329418596e+00 -4.880726912929400640e-02 -4.880726912929400640e-02 7.739942023809410765e-01
4.715766944014854190e+00 -5.019461302695610305e-01 -5.019461302695610305e-01 -6.755875867484442514e-03
1.219145908842276249e+00 -7.136387860710823317e-01 -7.136387860710823317e-01 6.467387916674088855e-01
-8.157629148054796886e-01 -4.178619605951173765e-01 -4.178619605951173765e-01 -9.981565304191406529e-01
3.591441861239717426e+00 3.201231256422789606e-01 3.201231256422789606e-01 7.831394059513373529e-01
1.215737407825725036e+00 -4.574465267082296061e-01 -4.574465267082296061e-01 6.519231302957044782e-01
5.352037306973061348e+00 -6.526123366681311211e-01 -6.526123366681311211e-01 -9.578139631103191887e-01
-2.600946777519222319e+00 6.308675491044071215e-01 6.308675491044071215e-01 8.825659103115286452e-01
3.585627216767276693e+00 -8.635579603982703745e-01 -8.635579603982703745e-01 7.758549846206462819e-01
-7.958297624020822525e-01 -9.662618417761342782e-01 -9.662618417761342782e-01 -9.997823713785739530e-01
-5.045792015982060619e+00 4.038324111798523575e-01 4.038324111798523575e-01 6.184793533035082280e-01
-1.932231416225282494e+00 8.586632005698902059e-01 8.586632005698902059e-01 6.615397699405748400e-01
-3.693286040883046351e+00 -4.678727328855600831e-01 -4.678727328855600831e-01 -8.927384737639966206e-01
-3.125470983947794323e+00 -8.605543102074272310e-01 -8.605543102074272310e-01 3.223775270153312472e-02
-3.443034744293989036e+00 -6.168981837505633781e-01 -6.168981837505633781e-01 -5.670205392427348778e-01
-1.517884782109711672e+00 -1.050431119082160247e-01 -1.050431119082160247e-01 -1.056256894915927197e-01
-1.990341540789453134e+00 -7.945258597969462322e-01 -7.945258597969462322e-01 7.440357065203638820e-01
2.439792841534059065e+00 -2.819332803933541909e-01 -2.819332803933541909e-01 -9.860551621190344340e-01
-8.127627848087453089e-01 8.306585082052093671e-01 8.306585082052093671e-01 -9.985027287761404358e-01
-2.296085047178873406e+00 -1.021013018206699430e+00 -1.021013018206699430e+00 9.927824087413721355e-01
5.701892987173863503e+00 9.010112237429923621e-01 9.010112237429923621e-01 -9.178321942609026785e-01
1.438689256618657097e-01 -1.020232346333075801e+00 -1.020232346333075801e+00 2.837838051853673327e-01
2.490646545057838779e+00 1.092636301471524130e+00 1.092636301471524130e+00 -9.640626259607379955e-01
-4.526865379785728116e+00 3.320686501765588439e-01 3.320686501765588439e-01 -3.625915678204805759e-01
-1.688159139029284717e+00 -7.398959070439918850e-01 -7.398959070439918850e-01 2.325761426123039710e-01
-4.047944071595743765e-01 -1.137081009869445047e-02 -1.137081009869445047e-02 -7.240036012665901355e-01
-4.323528768318927185e+00 -4.825581192900846306e-01 -4.825581192900846306e-01 -7.016570119750812351e-01
2.507250053494672670e+00 -7.254572141975623722e-02 -7.254572141975623722e-02 -9.547104801209623792e-01
3.024749420427847113e+00 9.560255153035572828e-01 9.560255153035572828e-01 -2.315653546717130473e-01
4.099776256974724475e+00 -7.241938205941775841e-01 -7.241938205941775841e-01 9.408822295562617732e-01
5.455523281405248781e+00 -1.701507604711947064e-01 -1.701507604711947064e-01 -9.964296584555276670e-01
3.673529877579332137e+00 9.930335672568160188e-01 9.930335672568160188e-01 8.742430394484281830e-01
-4.076542302602193857e+00 -3.160661661135152345e-01 -3.160661661135152345e-01 -9.556011948567771919e-01
5.355300672990802369e+00 2.385601869723821267e-01 2.385601869723821267e-01 -9.596692599817403524e-01
-2.043690287516095161e+00 7.699623582740200423e-01 7.699623582740200423e-01 8.109582015277451150e-01
-5.075673956161747213e+00 -4.786477474957673284e-01 -4.786477474957673284e-01 6.643097327807242491e-01
-5.957386669396509404e+00 7.653972993414928094e-01 7.653972993414928094e-01 6.064571983927681265e-01
2.112398551493699372e+00 3.778511370275365877e-01 3.778511370275365877e-01 -8.834636240065605328e-01
-9.032414703087008334e-01 -9.534017388309724561e-01 -9.534017388309724561e-01 -9.723542388925162649e-01
5.680134041730795502e+00 -6.860474344317849527e-01 -6.860474344317849527e-01 -9.342330167092182114e-01
4.285346017012754416e-01 -3.149379797741113096e-01 -3.149379797741113096e-01 7.559271493529252650e-01
1.498803166695202194e+00 5.024686403611777763e-01 5.024686403611777763e-01 1.434893134965808392e-01
-1.076549065577088626e+00 -7.719497160976444006e-01 -7.719497160976444006e-01 -8.351989912269733862e-01
-4.254136636056042420e+00 1.213090579555673454e-01 1.213090579555673454e-01 -7.934792342752652328e-01
-1.873998957258319109e+00 2.020272002975200820e-01 2.020272002975200820e-01 5.699173443548215534e-01
5.400905742739057658e+00 8.106571525210848339e-01 8.106571525210848339e-01 -9.812866462167790793e-01
6.057979721161887099e+00 3.489453861911786525e-01 3.489453861911786525e-01 -4.353357360004738719e-01
-4.042477927142198446e+00 1.087555960262462706e+00 1.087555960262462706e+00 -9.734438326509869954e-01
3.032434252569879973e-01 -2.926820133712126903e-02 -2.926820133712126903e-02 5.699843847869162650e-01
4.616652552781838281e+00 -1.023213606897787065e+00 -1.023213606897787065e+00 1.903050396572917857e-01
6.071485257963267657e+00 -1.186626438560482111e+00 -1.186626438560482111e+00 -4.108626823629119018e-01
5.555361245999952402e-01 -4.713940854022591331e-01 -4.713940854022591331e-01 8.961749586437217641e-01
-5.131648190806236798e+00 -8.137092729305801520e-01 -8.137092729305801520e-01 7.436534040475997198e-01
-1.446767540374055194e+00 -4.894983785325024428e-02 -4.894983785325024428e-02 -2.455214519057586642e-01
-5.736533280989004169e+00 -3.284192314087487352e-01 -3.284192314087487352e-01 8.881501480037311547e-01
-4.808031029407180412e-01 1.061422302339480206e+00 1.061422302339480206e+00 -8.201117023648083482e-01
-2.643015733624350272e+00 6.769567843950108355e-02 6.769567843950108355e-02 8.399297918168091570e-01
-5.457440598502323326e+00 -7.647947548344404822e-01 -7.647947548344404822e-01 9.967460787680251233e-01
4.958827392692670699e-01 9.611797807169148999e-01 9.611797807169148999e-01 8.369933753600661275e-01
-9.903430727655848642e-02 -6.163620564654516132e-01 -6.163620564654516132e-01 -1.967760751034700883e-01
4.567055523381888804e-01 -7.687062975141596421e-01 -7.687062975141596421e-01 7.915926934419109662e-01
-2.214815503934274510e+00 -5.795221324962894771e-01 -5.795221324962894771e-01 9.602896029039100778e-01
3.491883387645700054e-02 7.589302099041157490e-01 7.589302099041157490e-01 6.978091172123146446e-02
2.936381284269087288e+00 1.166785221204658107e-02 1.166785221204658107e-02 -3.989969947661942129e-01
-2.505586220171720946e+00 -1.423329016697245653e-01 -1.423329016697245653e-01 9.556952942669014739e-01
1.790109890844432172e+00 -7.197698601255919648e-02 -7.197698601255919648e-02 -4.246969559199839095e-01
-2.217445201980496883e+00 -6.174741111754108447e-01 -6.174741111754108447e-01 9.617437134066377791e-01
-5.929111330294061233e-01 -5.487457463709104477e-01 -5.487457463709104477e-01 -9.268081740889516640e-01
-3.929673175372792482e+00 -6.344399277162739992e-01 -6.344399277162739992e-01 -9.999856099414954347e-01
3.037983416498232003e+00 -9.369296005738432243e-01 -9.369296005738432243e-01 -2.057386787003093465e-01
-2.039275389645210268e+00 -8.851639280925425179e-01 -8.851639280925425179e-01 8.057603059720649386e-01
5.468300951233825202e+00 -1.109876586453147906e+00 -1.109876586453147906e+00 -9.982616327850430960e-01
-2.694182938010366790e+00 -1.203986995499799484e-01 -1.203986995499799484e-01 7.800961192437726455e-01
-6.224581752122459122e+00 -5.735605699114214584e-01 -5.735605699114214584e-01 1.169389388048098499e-01
-2.947524266159914585e+00 5.374642965596081456e-01 5.374642965596081456e-01 3.784644423751423181e-01
-2.557096188811155635e+00 1.157435194565124670e+00 1.157435194565124670e+00 9.203572206647154808e-01
-3.019136479023974307e+00 1.174146316229458753e+00 1.174146316229458753e+00 2.424712904779758871e-01
4.724202278869405802e+00 -4.649898888332901770e-01 -4.649898888332901770e-01 -2.362439890637467108e-02
-1.074685445682092677e+00 1.174404442959617212e+00 1.174404442959617212e+00 -8.372429725970929049e-01
1.005362162476004073e+00 -9.726704954093134958e-02 -9.726704954093134958e-02 9.047823293011442169e-01
