-2.899871248305450511e+00 3.907344690109246343e+00 7.718412923410911120e-04 -1.464830188284543366e+00
2.401344477820311241e+00 4.334914632104888810e+00 3.147486950800925110e-01 -4.074273138879758172e-03
-1.501406864015653042e-02 -2.833937270362032468e+00 4.227876797897436312e-01 -9.699763751898953235e-01
-4.374843736904169944e+00 4.738232802605324423e-02 9.053771167469892855e-01 -3.750320420312212022e-01
-4.077779568995657300e+00 -1.624854724080897483e+00 8.920937162375635054e-01 -4.513088368032469599e-02
-3.382411242712822563e+00 -1.448459784189576993e+00 1.242239159593581999e+00 -5.367692751806698581e-01
7.497444337467218389e-02 -5.050430261125420373e+00 3.742578863346206486e-01 -1.149387592974465244e+00
2.835848130742885331e+00 -3.024661382397215714e+00 7.682633587193988811e-01 -4.259126820962237936e-01
-2.676011579431882836e+00 3.075626987322380046e+00 1.131548935404251166e+00 -1.802314171153681865e+00
-5.509841863047078903e+00 1.076321735562409287e+00 1.645510557973710597e-01 -1.999709381564490407e+00
4.253786533284634075e+00 3.325836395274286872e+00 6.397951417480618463e-01 -1.793905182944611321e+00
-3.260089503039908188e+00 3.708328835689638225e+00 9.411174774086417116e-02 -7.652185777553851542e-01
-7.125665528257840720e-02 4.982621336866349893e+00 1.514534524465823928e+00 -8.579686083786469686e-01
2.484728876092795247e+00 3.054075122845935297e+00 1.174142663464019964e+00 -3.286061283754426743e-02
5.521706957570890140e+00 3.810590577204896690e+00 2.697586863327794404e-02 -1.144096757228929562e-03
-3.025322976660901553e+00 -1.047545568043881659e-01 1.207979772682914010e+00 -1.230449269358922404e+00
-1.174705375877347358e+00 6.036075597605741194e+00 1.474344619895254116e+00 -2.881126983022466170e-01
5.372491328342457351e+00 1.992708666816795926e-01 6.119252237902460534e-01 -3.123411967558376023e-02
-5.500558274730885877e+00 -6.109315968072816183e+00 6.592272914319832200e-01 -1.999984641705842892e+00
-4.941537556804466824e+00 -4.927114599348808355e+00 5.836280662419032206e-01 -1.442421623596463975e+00
-3.903083460360656787e-01 -1.556770575693117387e+00 1.028047823455611409e+00 -2.962822998162969457e-01
-5.321904672976620176e+00 5.961378172662842090e+00 1.600090524350398447e+00 -1.938766055471373484e+00
3.293844796343197601e+00 -5.284783425969088455e+00 8.937711593926700449e-02 -1.299820302574003161e+00
1.556031919169862832e+00 6.202900559962012395e-01 5.402774148364264395e-02 -1.029524524157499510e+00
-5.366882085104287547e+00 9.354799223438128308e-01 4.471184648757264846e-02 -1.965923049219886920e+00
-5.580899325488172913e+00 1.832258664876038168e+00 1.499416099205438613e+00 -1.986216511499280024e+00
-8.694040742623103668e-01 -5.658333047266520310e+00 5.110859357675023862e-02 -1.408081657703796896e-02
-4.658430686341947791e+00 -2.033522751514572846e+00 2.011067782403804793e-01 -8.922927558937581161e-01
1.083885964107559552e+00 2.444475783985563311e+00 1.984453277607859611e+00 -1.827039541536808809e+00
2.589378370297056975e+00 5.658155453225170106e+00 1.949003444902860593e+00 -1.067926051331176129e-01
3.075648404876000441e+00 3.658840200129819920e+00 1.403955211950085324e-01 -8.684935275727856396e-01
-1.713627356111118161e+00 3.782409557663768851e+00 4.151698090304478672e-02 -1.281792741911551348e+00
6.695077233874062728e-01 -3.686111779403884459e+00 1.886181709922321925e+00 -1.973258850595832392e+00
7.208998528820806939e-01 4.810231166794272539e+00 1.194437891892515147e+00 -1.991691466728342963e+00
-4.457417837680708317e+00 1.274750313660756973e+00 4.419018461042831802e-01 -5.118731240233286295e-01
4.516763460899165139e+00 -2.697523046668024449e-01 1.513711027707711487e+00 -1.381345214583769465e+00
6.387812390757190428e-01 -5.997949019702961237e+00 4.599701502240862716e-01 -1.957314140363172861e+00
-6.118781868643245581e+00 6.187236630654721736e+00 1.190721762647883653e+00 -1.322914053207938645e+00
-4.049325104226618066e+00 1.252794757336572751e+00 4.060151854837982244e-01 -2.978233895379800433e-02
-5.470477932417858291e+00 1.787943422539346017e+00 1.420770219859384564e+00 -1.998508784717275999e+00
-5.154839962967185940e+00 2.702992662734040152e+00 1.768951825039947634e+00 -1.773852898979408232e+00
-1.012938144252556683e+00 5.820955064384913058e+00 1.798295948549560652e+00 -1.017741148512735228e-01
-4.106375667226345172e+00 3.587604047173620359e+00 2.216566765301151154e-01 -6.367048191456303741e-02
1.046928403520002604e+00 -3.832067566563162053e+00 1.982033213228366009e+00 -1.866294425977460980e+00
4.919163568746558468e+00 2.693314351768433923e+00 1.781181820416401163e+00 -5.981381655416528886e-01
2.712852953831500713e+00 2.048099639721783660e+00 1.816086460940059544e+00 -2.438043770083201389e-01
5.202166630374909673e+00 2.682956505966755500e+00 1.793946163779606140e+00 -1.697504195561003737e-01
1.899064741637861431e+00 -9.570669059319696359e-01 1.941636408827805527e+00 -3.896226969219372949e-01
2.498320121488548651e+00 7.803124757137567258e-01 5.172799246178083621e-05 -4.012810325790594490e-02
-4.311927168066827853e+00 -1.337797658773855147e+00 1.449314018742028143e+00 -2.820007196932727833e-01
-2.783610902039332480e+00 2.006396287182873550e+00 1.765102127366644513e+00 -1.656344646946635191e+00
2.112844269476283898e+00 4.073132741328869599e+00 4.241169461442950706e-02 -1.161190895388057864e-01
5.770906421337720360e+00 -1.145510427893720262e+00 1.751657659215550389e+00 -1.455154543215916307e-01
-3.455066990931168203e+00 -4.681931259328039552e+00 1.060877776037644660e+00 -4.133235356643157887e-01
-6.575050296305589015e-01 3.930330640122218000e+00 2.230875419861888531e-05 -3.253533577910072694e-02
5.478587947394800040e+00 -3.141569480108288737e+00 9.999536530370075615e-01 -7.371277064911474497e-04
1.502690952749883735e+00 1.000995337244543926e+00 9.153278719288138188e-02 -1.135789943959699011e+00
4.760249239661202836e+00 3.094691487872108127e+00 1.093664832738935555e+00 -9.044255863923110761e-01
6.640644911661128802e-01 -1.953423519394252850e-01 1.380821614774697670e+00 -1.970700485419539350e+00
-4.115257012717908225e+00 1.668018739118736882e+00 1.193221851643488263e+00 -7.005474328387317762e-02
5.921553186757057219e+00 6.999417198748378866e-01 1.457008811852211760e-02 -3.381647703752269640e-01
-1.351237785853086848e+00 -2.430925382021159376e+00 1.114863523480280616e-02 -5.748595224838481954e-01
4.856706303273634617e+00 2.039419833637188262e+00 1.805931363881465579e+00 -7.153563833448125520e-01
-1.404616187975095798e+00 1.619253880489841535e-01 6.817804876268693803e-01 -6.737249536957614637e-01
-4.551415118534393400e+00 2.339765230695691756e+00 1.999460207434443859e+00 -6.835851889056210329e-01
3.821635626373375061e+00 -2.536639386386951855e-01 1.485843426377984722e+00 -1.977882581959539365e+00
-8.102725881102799121e-01 2.169243081972012988e+00 1.930908929950881037e+00 -1.237218806989126563e-03
-3.923034610315149884e+00 3.005091063309873078e+00 1.269624607521185222e+00 -3.130297915054924829e-05
-9.348785366146339371e-01 -2.068142399796411013e+00 1.614087009651089533e-01 -4.435690640576306354e-02
4.279616817048509603e+00 2.390980841825800951e+00 1.997580795534864784e+00 -1.761448222976626177e+00
-3.493980276908877691e+00 6.126232258505082129e+00 1.308776207388845592e+00 -3.521373615870339036e-01
4.262425674132183318e+00 -3.294580399446368713e+00 1.301223501982444075e+00 -1.783281289119702517e+00
-6.093423394115975888e+00 -2.749702534113287467e+00 2.940381891497009237e-01 -1.370478221542116959e+00
-3.130457512863422664e-01 -4.030178602010304978e+00 1.978780037434272554e+00 -4.140179074399429338e-01
6.133805753432918451e+00 5.325292568472624666e+00 1.941079121775721728e+00 -7.056654904482031476e-01
-2.329139109791697138e+00 -2.666516390645400136e+00 1.864957829424667146e-01 -1.998536369957653047e+00
5.846229335463300814e+00 4.430861608551849073e+00 4.662281372898783305e-01 -2.331543928022887791e-01
-3.385578737436594210e+00 -2.938124304048229440e+00 6.042019549152918279e-01 -5.311643013092179899e-01
-4.694327270194648349e+00 2.740329758850093000e+00 1.719113535279425786e+00 -9.638844353582575186e-01
-2.483120351867498243e-01 -2.975843149449028058e+00 6.745392108950571952e-01 -5.235398447187359361e-01
-2.613403132764454018e+00 3.947932784421482211e+00 8.770037807738217950e-04 -1.870579581898530463e+00
5.061096433192847854e+00 8.232308556935024058e-01 2.861259702837015695e-03 -3.577616523626477862e-01
-1.485030343288891608e+00 5.379967380998817106e+00 1.972365233424796971e+00 -8.293079667020835100e-01
1.912892205657625411e+00 3.448805029943832423e+00 4.235114198626437343e-01 -3.679531132761112433e-01
-3.185129235888843446e+00 2.928136413153323403e+00 1.414062370784049172e+00 -9.130368213237529673e-01
2.700345561846084763e+00 2.581722560808183076e+00 1.899987215208400748e+00 -2.276743482491353499e-01
2.377311192222062886e+00 -3.678350647417190089e-01 1.671084127688809096e+00 -8.916976569178780565e-04
-3.652122200311803901e+00 -4.712449593791660618e+00 9.998787731863554296e-01 -1.473381626022252089e-01
1.874199377252715237e+00 3.299959354955896984e+00 6.885358820070981434e-01 -4.297533304079226291e-01
4.264489431586651946e+00 -2.958046724802911864e+00 6.410974340648101233e-01 -1.780708682595672165e+00
4.668275238292492801e+00 4.457046132389930193e+00 5.112244305205582151e-01 -1.088113066960817221e+00
-4.669549259931944363e+00 3.451872167421772275e+00 4.185099497042259475e-01 -9.144253489430856918e-01
2.239820310905932033e+00 -2.194323077119202381e-01 1.424911949664171562e+00 -2.696384546705210550e-02
2.399720675405017545e+00 3.609997264607551770e-01 3.391134469161061205e-01 -3.786665376443898445e-03
-1.662493342982779509e+00 3.354990390737288664e+00 5.860441371135165500e-01 -1.182367733200251347e+00
-1.930173127089650720e+00 -1.488590814462188661e+00 1.163671326454285726e+00 -1.658447109815721188e+00
-5.711449299839884475e+00 -2.404729706020019897e+00 4.707636067409648462e-03 -1.910077910719541361e+00
-3.117335756290607662e+00 4.027088136374750604e+00 1.997210947823868654e-02 -1.048494766588093929e+00
-5.568503463890840166e+00 -5.632718319825683828e+00 3.619239773891658185e-02 -1.990015065014728135e+00
2.316003067838112273e+00 2.293594836832985706e+00 1.992172799010858419e+00 -3.228961664995311232e-03
-4.359408417157099258e+00 2.526613751629646742e+00 1.942474697570871989e+00 -3.512344648812812942e-01
-1.360843974759727182e+00 -1.388340566371910612e+00 1.356866642599674266e+00 -5.923265624512288330e-01
6.208631941827130518e+00 -5.107238036307953699e+00 2.898592425113771798e-01 -8.514451658733147577e-01
-5.927631514102731813e+00 -4.191168314620352220e+00 1.863637507483859590e+00 -1.652673322145600920e+00
5.362393098998355256e+00 -3.127863426653273660e+00 9.725449964568123606e-01 -3.643961116683458457e-02
3.073878100577811523e+00 4.665355097819945840e+00 9.060709037728972293e-01 -8.649844996665173591e-01
5.776850889108587239e+00 -2.147220038529449759e+00 8.607662484577338624e-02 -1.517517238083407882e-01
-2.830191637520425907e+00 -4.807080607048256127e+00 8.117467887485917410e-01 -1.583313390182080393e+00
4.956993417652197920e-01 2.731869922272299078e+00 1.730767400177699145e+00 -1.836792604056401768e+00
2.041341716300122400e-01 3.722669771876514488e+00 8.233874739355995231e-02 -1.397020592682123752e+00
-4.319533778228351828e+00 -9.649456679189389874e-01 1.936215245376159633e+00 -2.926724656179902073e-01
2.214884420879878135e+00 3.697455973307370414e+00 1.035348797569722867e-01 -3.967194985140587438e-02
-9.535877207110825537e-01 -3.957811361026155161e+00 1.998100789601630733e+00 -5.604399870862775135e-02
2.939638285775076909e+00 -3.759396481615286500e+00 1.944348263700234725e+00 -6.069844577392398133e-01
-2.641665061057443253e-01 2.128477217682801736e+00 1.898069977215998350e+00 -4.959056493794783416e-01
-2.001967547408876058e+00 -4.248624321768170731e+00 1.800140437616592815e+00 -1.759368778769903496e+00
-5.619761177419686504e-01 2.447842092771191247e+00 1.983248413213974048e+00 -9.818467253207163736e-02
-3.752585790370384977e+00 -5.111401669594393127e+00 2.840210388420837395e-01 -6.021992217503047140e-02
3.032983638804344295e+00 1.542610592732519770e+00 9.436583827994999840e-01 -7.844861357412569181e-01
-3.543895352691781575e+00 -5.405665256572058652e-01 1.882491279862242406e+00 -2.794429160524642963e-01
-7.438054414079671162e-01 -2.630864785163614439e+00 1.471309980978507959e-01 -3.457914343370394050e-03
-1.066869823086929792e+00 4.315503375995042745e+00 2.869974375621250351e-01 -1.543120072968650058e-01
-5.981820085198156889e+00 6.825247488442283128e-01 2.109131838393207836e-02 -1.566893898446912958e+00
-1.941286375198211012e+00 1.978022699142892193e+00 1.727350144529441245e+00 -1.675011358331474742e+00
6.383452701842253774e-01 5.027126589052533845e+00 1.588720638008781272e+00 -1.957061743268678100e+00
4.388846976008249356e-01 -5.865064273187670096e-02 1.117032467508548788e+00 -1.769315730235498263e+00
5.478224646865230696e-01 -5.071428365248760173e-01 1.849103441934689007e+00 -1.889223471569797752e+00
-4.147027740277341223e+00 -7.111900072898995617e-01 1.989006501230315083e+00 -9.527979341982395489e-02
-1.724257817743482413e+00 -2.301363893020560880e+00 6.006765582485917854e-03 -1.302126849280471621e+00
4.626525872818273655e+00 -1.509241904833966252e+00 1.122798110906876090e+00 -1.170883427495081452e+00
7.289008087461645857e-01 -4.090232341758220258e+00 1.947176133691454369e+00 -1.993622887312494818e+00
1.218978692283793741e+00 2.060776654002909325e-01 5.994149006484121855e-01 -1.646993831502137517e+00
4.441096400189612936e+00 -2.995527890511953562e+00 7.120078194205614608e-01 -1.516351585694324600e+00
2.406177366879166613e+00 -6.266565851572702073e+00 9.667672089793593049e-01 -4.992416347743167115e-03
6.629673121358283794e-01 2.516440052281119222e-01 5.176915574907692275e-01 -1.970170860622702413e+00
4.127197256505887424e+00 5.354752095530560752e+00 1.959360237651996295e+00 -1.920900132830959173e+00
-3.139218333500331859e+00 5.482111645320401294e+00 1.999508597747255756e+00 -1.004748622332299890e+00
-1.739628493442268109e+00 6.024121344070721307e+00 1.495254646560890244e+00 -1.331284223817237766e+00
-2.339617999288630124e+00 6.103444672019902484e+00 1.351788708441352016e+00 -1.999450490232844713e+00
-5.760227732347197538e+00 -1.430345506873980987e+00 1.277222061987832280e+00 -1.865383491081738399e+00
-5.195966224231653996e+00 6.172311411560166050e+00 1.219934953903385244e+00 -1.823273809213732832e+00
-2.199486599176996293e-01 -5.278725082760528764e+00 9.445091866824384397e-02 -5.741534372289252008e-01
-5.125425579322497427e+00 1.739919917635408098e+00 1.331834103040865358e+00 -1.735275584991765374e+00
-4.216332482430724227e+00 -4.716237308478187451e+00 9.923034198025287855e-01 -1.628165091555836552e-01
-2.786176713672539051e-02 1.929512762368002399e+00 1.657452519190626861e+00 -9.443052992213077923e-01
-6.229571714233295587e+00 -5.721838779199989844e+00 9.872950604342811687e-02 -1.107021826863402447e+00
3.050326541343720166e+00 -3.942156023988190761e+00 1.999540068253763181e+00 -8.184796901242101796e-01
5.999112784991918801e+00 -2.635770751345172691e+00 1.522950248432937137e-01 -4.619305677187256487e-01
-1.990785113512615112e+00 -4.745355520016171447e+00 9.341146807491794712e-01 -1.744628150885443985e+00
4.290405467758724001e+00 -2.594227377465021966e+00 1.111952030229790278e-01 -1.747285095586290860e+00
-2.878750243202121695e-01 -4.322135774435599487e+00 1.703639344080189133e+00 -4.555359273032569822e-01
1.511087300523220378e+00 4.383456269237894887e+00 3.885708433605971068e-01 -1.119134424589919963e+00
-4.927888449229151036e+00 4.880991027578911456e+00 1.330849939067101584e+00 -1.417778594430715966e+00
-4.766737690479049050e+00 6.054250876733686226e+00 1.442037487739399992e+00 -1.108483500925614873e+00
2.178501493403430800e+00 -1.773887117131850211e+00 6.048955213033283540e-01 -6.248774867647799436e-02
-2.449042541051787314e+00 4.114847206137694613e+00 6.975368555007055438e-02 -1.982807966997793381e+00
4.631394117965745849e+00 1.051926807213696691e+00 1.387425202384033884e-01 -1.161282200593821479e+00
5.275621426725274787e+00 2.848802811475735552e+00 1.552682579271311702e+00 -9.710174689566608563e-02
3.519236614716891864e-01 1.069153235202971786e+00 1.567580295544840352e-01 -1.647155507058546187e+00
-5.082257291372577868e+00 5.145352384678130164e+00 1.761696101893757804e+00 -1.674093391853447521e+00
-2.622825165795324320e+00 2.372669655025827495e-01 5.430760742425180254e-01 -1.861153763083978063e+00
1.499510737917624681e+00 -3.638672316517453265e+00 1.838300920333147292e+00 -1.142088671924246013e+00
-1.608742842710732646e+00 -5.896112399121649084e+00 3.008944267799003036e-01 -1.075820198632699842e+00
3.629574271861560675e+00 -1.008082686729510513e+00 1.902451744889239293e+00 -1.828242041678840302e+00
-7.612514722256902289e-01 -1.081912041174213357e+00 1.829252347757161612e+00 -1.165898765303374773e-03
-3.869533645946526601e+00 2.883972249443539582e+00 1.492744408457809868e+00 -6.595390367712949953e-03
5.338299587612301167e+00 5.644009834146235249e+00 1.957541749055585090e+00 -5.044268512356320233e-02
-5.187028730623382877e+00 2.211191767552042720e+00 1.958242318408385696e+00 -1.812996191307421956e+00
-5.701410062332593398e+00 1.776495186486771516e+00 1.399890815752921069e+00 -1.918215178083015893e+00
-2.223136145762094174e+00 5.683477213476495038e+00 1.931827378121947048e+00 -1.964799428047688590e+00
-6.057273990641066419e+00 -1.443557365807865978e-01 1.284717265111739115e+00 -1.436605995399768965e+00
4.776788993978442477e+00 -4.323655523838721315e+00 1.701476359045039022e+00 -8.715557977414605251e-01
-2.281250078398535663e-01 -2.797069823222779750e+00 3.641991378895172993e-01 -5.594151894553687221e-01
-1.075444333478577263e+00 -2.035574667755038369e+00 1.986451684921094474e-01 -1.635879582701210699e-01
-3.707836217463311268e+00 -5.307715574443066409e+00 7.138846700255330191e-02 -9.452945152536607054e-02
5.076970451061814771e+00 2.369281789629374302e+00 1.999657464743744395e+00 -3.337543532263543833e-01
-5.317283881354581965e-01 -6.911404257572186793e-01 1.982283518635422404e+00 -1.259598116229329046e-01
-9.880138161065046276e-01 4.333068338516563145e+00 3.120640369750162790e-01 -8.098876609452287934e-02
-4.056256286200309091e+00 2.737711404094971712e+00 1.722742609178250062e+00 -3.323339764432531318e-02
-1.318705007663416140e+00 4.460737443067854358e+00 5.176783613039854792e-01 -5.169080553360979602e-01
-4.307190652783663865e+00 -5.215650217351743834e+00 1.550228316191407663e-01 -2.754393894747791949e-01
5.377606742820889352e+00 3.339948313805667368e-01 3.805910126288978290e-01 -2.874785193413742501e-02
4.169032818117488048e+00 -5.819168271378255319e+00 1.995569062415518680e-01 -1.885101623708149265e+00
-5.025237013061635061e+00 -5.111901582454139614e+00 2.833233966351180744e-01 -1.585661614483800275e+00
-2.238836523916390320e+00 -3.260718510355858246e+00 1.236004086985444950e+00 -1.972580445206264743e+00
2.282200920427143842e+00 1.467701089866882747e+00 7.952674381155249161e-01 -1.093012721293795675e-02
-5.636429356016788184e+00 -4.798316949938360665e+00 8.289887580456645200e-01 -1.961802358447787276e+00
5.062162703998499325e+00 2.630644256534951708e+00 1.853099205939089167e+00 -3.561285101719660062e-01
-3.815394198904078937e+00 -3.952941128237240864e+00 1.998653464993367601e+00 -2.480438370054771635e-02
5.852865745623342164e+00 3.681254810284091405e+00 1.183608646860341285e-01 -2.417406040488899732e-01
-5.255372517627019846e+00 -2.382068625989961497e+00 1.338643039023423853e-03 -1.884754540212216778e+00
2.255686192161077130e+00 6.010159248293517109e+00 1.519317498026707236e+00 -2.013589501686452454e-02
-1.407794697016307772e+00 3.295384916544367826e+00 6.972425883177468808e-01 -6.797406353512291943e-01
4.556629913143087407e+00 5.926622519623846230e+00 1.654200900216180603e+00 -1.306504054780868174e+00
-2.614669829431888193e+00 4.779409862652276075e+00 1.133640732563522935e+00 -1.869330289982026105e+00
-1.731944794609210803e+00 -2.987625622817831950e+00 6.969094757124536521e-01 -1.316746061538077273e+00
-3.311897534129918608e+00 -5.841283974406437984e+00 2.268438267740304770e-01 -6.659381147882226237e-01
4.353054796375008806e-01 -1.353120387501093091e+00 1.421729483420480111e+00 -1.764722757109800533e+00
-5.601262241018645227e-01 -6.715368026215013941e-01 1.974183038143165980e+00 -9.978959925544783616e-02
-2.790016936491930277e+00 -4.785493833028171551e-01 1.817524207670436986e+00 -1.646624834037879959e+00
-4.462358983217221464e+00 2.068050014633461942e+00 1.838490629038577850e+00 -5.205218122764788680e-01
4.024897991726373192e+00 1.559629218880477453e+00 9.776676409066741291e-01 -1.980889550592109583e+00
4.344833588907688338e+00 2.238385392411121444e+00 1.972370213010588458e+00 -1.670669333724955852e+00
-5.124352196749851984e+00 -4.484533932430690761e+00 1.440100054436273869e+00 -1.733818882537343953e+00
9.147547472257171464e-01 3.706949004737200681e+00 9.528395891831620279e-02 -1.966719997471678250e+00
4.693628664164466002e+00 -2.684865520114724902e+00 2.083809330267448745e-01 -1.037511829482441916e+00
-8.554516723163816394e-01 3.228813979200385376e+00 8.264407255541869057e-01 -9.798943060134179817e-03
-2.961572776582999111e+00 -2.465123590532347198e+00 2.363738533687154142e-02 -1.352311438651762066e+00
4.061645326269394118e-01 -9.758354246874265669e-01 1.928339902175415954e+00 -1.725891095297785727e+00
4.530602769136185870e+00 -3.154890729912546821e+00 1.026593017267987351e+00 -1.355615397136155975e+00
9.672950633647978691e-01 6.264921438524867270e+00 1.036519614839945147e+00 -1.934553633785643267e+00
4.364912540764152027e-01 3.947401442761542256e+00 8.330715952471479113e-04 -1.766248735122502023e+00
-5.902281517028816538e+00 -4.434509525094558313e+00 1.527588146832435267e+00 -1.690230518219688616e+00
-1.101030622934395353e+00 5.508027169991333238e+00 1.999790291056520175e+00 -1.927183583608331752e-01
1.370079265431455084e+00 -1.646779201095044165e+00 8.486184821426155933e-01 -1.390738855900365945e+00
2.427042661206940011e+00 -2.568742375546880119e+00 8.900075947757468686e-02 -1.002214123478128993e-02
-2.579957586088634347e+00 -4.522022229140968186e+00 1.371601547389691866e+00 -1.901520367319575966e+00
4.395160835207816419e-01 4.346330778245150128e+00 3.315547693895584125e-01 -1.770121862142608027e+00
-6.809693778188492530e-01 -1.838401682357798883e+00 4.899777037195384155e-01 -2.173157296085825863e-02
4.970883347475837155e+00 -5.908119705318997106e-01 1.925223392422545921e+00 -5.057353452223636303e-01
5.610761081553663487e-01 5.200253188420619566e+00 1.828110432375177563e+00 -1.901036039672192368e+00
2.519705327034651887e+00 -5.456367047526704539e+00 3.429286951765697644e-03 -5.299674791661868056e-02
-7.997604673420530830e-01 -2.016058992541953643e+00 2.225977097535289939e-01 -4.125231835111486944e-04
-4.146480773422716481e+00 3.281385366195028297e+00 7.240428045294713399e-01 -9.481431222150726867e-02
3.654981458996802601e+00 -1.522111772944310104e+00 1.097215325367924876e+00 -1.855635594377488040e+00
1.761511319420616672e+00 -5.037881137175568291e+00 3.940302914697955128e-01 -6.277519335469425865e-01
-2.821043697482722656e+00 -5.301258043748134696e+00 7.625795571046656285e-02 -1.598075711981953972e+00
-4.112447834117089585e+00 -3.869996470700589164e+00 1.993510320479002118e+00 -6.800357270202772586e-02
7.033350759792611484e-02 -2.782124412172179095e+00 3.414152590799824916e-01 -1.140203572669898469e+00
9.155946968940327224e-01 -1.245519117176926649e+00 1.605627676873459420e+00 -1.966288853603153530e+00
-4.596550043560584164e+00 9.438138931220141359e-02 8.123562058888712523e-01 -7.703891089529500968e-01
-2.575188024804315745e-01 3.566566483393838638e+00 2.487541396652731551e-01 -5.074324239883925003e-01
2.609867061379976150e+00 4.711808346798090241e+00 9.988387330878035764e-01 -1.259625284578378412e-01
1.316055836037115512e-01 5.931607396592522008e+00 1.646628180454681845e+00 -1.260182460912194102e+00
2.889935273864370657e+00 -4.116066674146368953e+00 1.929348615945837064e+00 -5.176681255048505292e-01
2.486944390009606209e+00 5.034007718057161185e+00 1.599789072392991285e+00 -3.399667793680194450e-02
1.298109392601603851e+00 4.812074014473189720e+00 1.198051916292455887e+00 -1.518737759325988312e+00
3.154502178087390973e+00 -2.576878522022563622e+00 9.583189556762294892e-02 -1.025816180494238949e+00
-1.684640295086346384e+00 5.552493862616707077e+00 1.994020318781061007e+00 -1.225725737746200750e+00
-5.358002993780151435e+00 2.313670143392579703e+00 1.996385539347271587e+00 -1.961174651485959819e+00
7.106966650798796081e-03 -2.068000886033110497e+00 1.615629169313277380e-01 -1.014213454685631621e+00
-1.079112952642758749e+00 -1.814793184420581795e+00 5.311452687750011226e-01 -1.676319851730845301e-01
4.203918233586001918e+00 1.006338608395275891e+00 9.605108197710787721e-02 -1.850503320829486320e+00
4.376915857126560283e+00 5.186197480177401786e+00 1.812027045491399146e+00 -1.621727397436622864e+00
1.553678636133007274e+00 2.341985936965910398e+00 1.999596261200851544e+00 -1.034228694054565523e+00
-2.062702839073722316e-01 1.674074051488559256e+00 1.205089792841757212e+00 -5.990619532856329421e-01
4.233762799551675116e+00 -4.655305532699518523e-01 1.802253855022338147e+00 -1.817612652536602980e+00
-2.885339263187229886e+00 -2.586022054667163506e+00 1.037944509140217297e-01 -1.490363489931235241e+00
4.134349484637265704e+00 4.082762654558683479e+00 4.813847603475607251e-02 -1.915230251495218639e+00
4.828520228440256190e+00 1.179236835650172566e-01 7.663330214941115326e-01 -7.698201454075150885e-01
-3.814358931088430715e+00 -3.791922312297142383e+00 1.963734342611437977e+00 -2.526477600749787999e-02
-1.915514606396204300e+00 4.021267975266754391e+00 1.772376099523420567e-02 -1.636102529735985911e+00
-1.971740651717511561e+00 7.701820370498646540e-01 4.630252655725142219e-04 -1.718670645732462754e+00
-1.992063408110733569e+00 1.944106192588787252e+00 1.679161565690743485e+00 -1.746332186471295511e+00
5.526432630286688408e-01 -1.989293278485393834e+00 2.573666992760449412e-01 -1.893592843191031605e+00
5.932563004482723557e+00 3.021947177510291738e+00 1.237013841638539224e+00 -3.548308852566798288e-01
-4.832001772008123197e-01 -4.194993392869546867e+00 1.859755727163000971e+00 -1.771545044374633893e-01
-5.241797371779954418e+00 -5.023192903579803748e+00 4.176569995250630773e-01 -1.871776429969409516e+00
2.842110837612677798e+00 5.311336168134934255e+00 1.931274030996721791e+00 -4.362131811397367276e-01
9.226390152565722147e-01 7.082565886412153233e-01 1.187805564281074755e-02 -1.962565810121046361e+00
-6.003811181245569450e+00 -2.535867214895528576e-01 1.485708437925822079e+00 -1.530125232044627914e+00
-1.588387685553555251e+00 -4.485031664387280514e+00 1.439205960957804509e+00 -1.035175459633451922e+00
2.014714758900590041e+00 4.912329130656903686e+00 1.389308089019597459e+00 -2.242915731112871125e-01
3.457068465452639572e-02 -6.045375021670211346e+00 5.421097716286746859e-01 -1.069086293755611816e+00
4.575662713792089775e+00 -7.725290753892233298e-01 1.999668791432474002e+00 -1.270057291365104923e+00
2.848667431702805786e+00 -1.154320812969178434e+00 1.739919732089560966e+00 -4.470917921928729832e-01
4.874829175839208162e-01 9.807746703868440719e-01 7.537748953239764571e-02 -1.827682715471837582e+00
4.740186281572373872e+00 1.875726756613110169e+00 1.572753408432275624e+00 -9.444340314597345909e-01
3.099760349257032033e+00 3.246048655642574943e-01 3.954429034205404481e-01 -9.164329626369511761e-01
3.388176878769764144e-01 -5.619799968457589223e+00 2.962680065661327244e-02 -1.626952600497239221e+00
-5.907749768726764827e+00 3.148798447740325912e+00 9.855889105601962630e-01 -1.682275858613324182e+00
-3.514357305135169973e+00 -6.014879505518505809e+00 4.887732114866288891e-01 -3.216392002346332157e-01
1.679691012931931127e+00 -1.926905425119858073e+00 3.464856382248286959e-01 -7.839282543513945711e-01
1.492087907216578024e+00 8.648311255307712386e-01 1.259267260124352639e-02 -1.156767511045829533e+00
8.427831286716704895e-01 -4.258415962540825106e+00 1.788241463343542170e+00 -1.993421157730487003e+00
3.100704487193143066e+00 -3.197749773049728628e+00 1.112078256700676393e+00 -9.183147814823864330e-01
-5.226596307262273200e+00 -3.156597942722055183e+00 1.030006073705479031e+00 -1.856481746073555872e+00
6.115697566357010118e-01 -1.494555778400933121e+00 1.151890906743630483e+00 -1.940173606794884931e+00
6.269845366619982485e+00 -5.447939973207551745e-01 1.886436292753746580e+00 -9.733232839627699029e-01
1.927818257394084966e+00 5.775988652208619456e+00 1.849160293685844003e+00 -3.451048568227805813e-01
4.059505885936033565e+00 5.034312249444884202e+00 1.600276307659762143e+00 -1.965084607048338317e+00
-2.720304051174704973e+00 -3.482502796934383582e-01 1.641537228319563724e+00 -1.746360833532587531e+00
5.353393795263295729e+00 -1.977445091195178861e+00 2.734431266455091825e-01 -4.140988320789817934e-02
6.230234461135406576e+00 5.271084500189404665e+00 1.898960701877256962e+00 -8.942961478235273987e-01
-5.441622706209555460e+00 -1.179951005966178634e+00 1.704480313589332940e+00 -1.993697742793031136e+00
-5.421761628717317372e+00 -2.282698918689527012e+00 1.078376055016105894e-02 -1.988462496295640758e+00
-3.782778817358023016e+00 -6.978411660332790589e-01 1.984706685096968570e+00 -4.130665378748665795e-02
-4.980240681293208738e-01 1.965836462603457235e+00 1.710409768930645669e+00 -1.606707814395401668e-01
2.847927475726814706e+00 -5.334100678083474989e+00 5.310963873373408806e-02 -4.458592730697369388e-01
-4.530589736183935123e+00 -1.601025256194803958e+00 9.395789649206022220e-01 -6.443602409462440006e-01
3.839608444856354552e+00 8.446159000673025830e-01 7.005286352954942508e-03 -1.984767471593022137e+00
-2.627568544526135419e+00 3.539334594692169489e-01 3.497853580398410100e-01 -1.856292542817878477e+00
1.763697632606753274e-01 7.876105640654325057e-01 9.789417459327154347e-06 -1.345469953972617372e+00
2.156015318169703932e+00 4.541747778400193170e+00 6.653041900854201884e-01 -7.907861087514822529e-02
1.667001622557762630e+00 4.509982917990319251e+00 6.061539231390984384e-01 -8.087744449533911251e-01
3.608546085108891077e+00 -5.533842402693431417e+00 2.598836950644778376e-03 -1.803949472643628038e+00
4.611276089626962005e+00 9.339388072885856928e-02 8.142965058186015792e-01 -1.200850250952782305e+00
-5.666725251938867558e+00 7.651605573528952320e-01 8.190095762917737332e-04 -1.943460793315421320e+00
-1.322587002997065220e+00 6.175590772887749935e+00 1.213532140029558892e+00 -5.237204616683244218e-01
-1.669921262724463062e-01 -4.104414104560252241e+00 1.937699806784453305e+00 -6.721902819323405387e-01
5.636364642485240495e+00 -2.187282800687551543e+00 5.652169327360712092e-02 -3.816221962072730012e-02
-1.010552883307217265e+00 -6.226405818024081995e+00 8.866849336790585401e-01 -9.968753641181204994e-02
3.571996696999473642e+00 5.229868675708969405e+00 1.859841623637013219e+00 -1.758369541519161583e+00
1.648860033933337021e+00 5.901373368871819736e+00 1.691543632011565101e+00 -8.445061007527132624e-01
2.109185617132114388e-01 1.938777693928161128e+00 1.671301030644579022e+00 -1.409437221098494897e+00
1.214712816629887726e+00 -3.204719469758330774e+00 1.125918486170811139e+00 -1.653475624840466729e+00
5.599666716977216296e+00 -6.160350753960591952e+00 7.567946044266379291e-01 -2.068717223876048728e-02
-1.039654862557470416e+00 3.044893530866580988e+00 1.192194889497012467e+00 -1.265307318819868243e-01
3.580759307578391670e-01 5.504007942970467582e+00 1.999922604313286278e+00 -1.656486744418496304e+00
-2.967087599800853681e+00 -5.724264549951194603e+00 1.008420681650724626e-01 -1.341967761676779780e+00
2.538659816739802011e+00 1.438671871505361466e+00 7.388156764260825904e-01 -6.585148775259963561e-02
-4.297275832658947969e+00 6.170998177742671231e+00 1.222496349730345599e+00 -2.619159264711166113e-01
-1.832623070313252889e+00 5.965566273239836903e+00 1.593369159256068812e+00 -1.500047380747184800e+00
1.025092741718403033e-01 -4.213659192642730034e+00 1.840095673737323523e+00 -1.203585319829384215e+00
7.646965914810177622e-02 -2.476254258839853506e+00 2.869044641668860862e-02 -1.152343795667056803e+00
2.412460563816679837e+00 4.471673614165792898e+00 5.369522451131178986e-01 -6.325063075767745069e-03
4.676945637617189178e+00 -6.103814828065239340e-01 1.939361272848524997e+00 -1.070827333769056589e+00
5.681271775142629821e+00 -6.061356008884939861e+00 5.707532716360499414e-01 -6.658097658325956569e-02
-1.497394794015463049e+00 5.134615503065084852e+00 1.747607969407672268e+00 -8.537236621126830238e-01
2.092058563652141601e+00 -1.380989272146041280e+00 1.370562078756276669e+00 -1.363205824165245605e-01
3.756896435798205758e+00 1.780379994750942885e+00 1.407000015421598693e+00 -1.942691698916394705e+00
-4.456414591783923740e-01 4.131932383347290738e+00 8.283259905859619021e-02 -2.221214079349531634e-01
5.092708946478856191e+00 3.512068283618818398e+00 3.250099179138462580e-01 -3.106148500877813357e-01
-1.035947586545409749e+00 -4.987520698489653626e+00 4.770882033798673483e-01 -1.229447828051380975e-01
5.735913725957333398e+00 4.415371235560762386e+00 4.402902638927385093e-01 -1.112810967467346979e-01
-5.352798919654728316e+00 -6.050215053059683434e+00 5.507367504583980944e-01 -1.958250609920874297e+00
-4.857604905336645018e+00 1.381082039887183477e+00 6.296102544055304229e-01 -1.286366015953300579e+00
-1.511467349209311806e+00 5.325673688381547421e+00 1.941336627553910787e+00 -8.816202938127613020e-01
4.410436901590324865e+00 -2.636420584866355110e+00 1.529851723402438912e-01 -1.567860402252562402e+00
-4.351228867945724943e+00 1.088407511827336194e-01 7.840335773587698842e-01 -3.388727461167744259e-01
2.121047260060908712e+00 2.505476718971381800e+00 1.955759736409006688e+00 -1.085651074699249818e-01
2.758198959407812012e+00 9.423870205367874675e-01 4.888739700978361746e-02 -3.061747179349709747e-01
-1.370261986813201993e+00 -3.729524449024098409e+00 1.923022446041446898e+00 -6.095975608221790853e-01
-2.160589584686844589e+00 -2.673478889081579712e+00 1.946725989181565808e-01 -1.924448426970537973e+00
3.522539219526654719e+00 5.960180121374877515e+00 1.602005519227358121e+00 -1.690292419917002853e+00
-2.649562416668107545e-01 -4.109615284831448889e+00 1.934034874803894244e+00 -4.945421707295780678e-01
-2.188971810125273088e+00 1.256790593054552652e+00 4.124631947914210173e-01 -1.944592512849283583e+00
1.141815838718714282e+00 -4.411345086746228716e+00 1.566364366742137193e+00 -1.756510652850947540e+00
-1.105447334958453709e-01 -2.569507449651208031e+00 8.963287112614215513e-02 -7.807072985836758239e-01
2.014980484804857142e+00 -3.543573371496233637e+00 1.720110413872577126e+00 -2.239562879729017908e-01
3.614316890395379289e+00 -3.592185980111466836e+00 1.784063993295945227e+00 -1.810759542496128249e+00
-5.788554768059130495e+00 3.350401934651861424e+00 5.944151657260470234e-01 -1.835620311523116222e+00
-6.030398138588308754e-01 -1.861517950996565141e+00 4.507694110007881561e-01 -6.577515225828600709e-02
-2.433307616616286140e+00 3.121273390871113662e+00 1.040627340676274493e+00 -1.988130686170834327e+00
-5.371342590735191713e+00 2.347397376796562796e+00 1.999845225584488517e+00 -1.968193602697458244e+00
-2.616409163670769367e+00 -6.191549791616019149e+00 8.177532067452840669e-01 -1.867605765722726296e+00
-2.632844445728279137e+00 -6.052515645160207569e+00 5.548521869178737465e-01 -1.850795062074384045e+00
1.360636997797950443e-01 2.576791970943704158e+00 1.904242036115554537e+00 -1.268781157332542708e+00
4.599490428868078240e+00 -2.560489458449887401e+00 8.231802465741400177e-02 -1.223883302511073357e+00
-5.702358167016177148e-01 2.596662833532283443e+00 1.886561991323127963e+00 -9.116965343168148550e-02
-5.535193320093378944e-01 2.106697079508572656e+00 1.878064026768790251e+00 -1.056220319611628211e-01
3.577593529237956815e+00 5.765145887950922088e+00 1.860412630982223980e+00 -1.765618187204652134e+00
-7.957561019424277404e-01 5.329253936274460202e+00 1.943728920218097400e+00 -2.145661082617600357e-04
-5.282742227651905154e+00 -1.077419977596608902e+00 1.834239812338307241e+00 -1.908928297560829046e+00
5.981534889533355326e+00 -8.157831241095481190e-01 1.998154076510352040e+00 -4.326363106583333007e-01
-5.402043801114289501e+00 -3.668875743603217998e+00 1.869686173808219332e+00 -1.981722376241997541e+00
2.899163791549074887e+00 -4.448228280227957576e+00 1.504084321987189998e+00 -5.339175132105136168e-01
1.322115638676174321e+00 -2.272747160042244197e+00 1.389461732923280568e-02 -1.477108262130081284e+00
4.930958221769165206e+00 -1.813934608027174988e+00 5.326626778939463902e-01 -5.766512377297298153e-01
8.272986472004291159e-01 2.247908890394224812e+00 1.976639977036562357e+00 -1.996490753305746768e+00
-3.229831449942986765e+00 -3.508274454143337717e+00 1.669372327306696047e+00 -8.244370282475774747e-01
3.518624265624129777e+00 1.654104297068000662e+00 1.165846109259645935e+00 -1.684606140816891529e+00
-1.598297833374782151e+00 2.322088895756975191e+00 1.997674518726292092e+00 -1.054975283630333882e+00
-3.647936510156201795e+00 1.915852271641748317e+00 1.636623472717674721e+00 -1.517417267282704652e-01
-2.610578346007940365e+00 -3.177477129671280931e+00 1.071707356984541448e+00 -1.873345419990457783e+00
2.615662681590997352e+00 -4.304666000484053789e+00 1.728031395956771910e+00 -1.316528210335758953e-01
-4.999728837398230041e+00 -2.660555485125100539e+00 1.796205213036140558e-01 -1.543565981271060039e+00
-7.482806524567537920e-01 -2.831768771422430220e+00 4.192515525209069560e-01 -2.754154080092385826e-03
-3.560841178500543602e+00 -3.058544553322888326e+00 8.346664555857470358e-01 -2.563608840465504413e-01
8.822627450497124713e-01 -1.918599889881235754e+00 3.591483730168534283e-01 -1.981293122897685333e+00
-3.678894493308657143e+00 -4.285100856674884717e+00 1.754292774108373365e+00 -1.205984611100141546e-01
5.039297461077257623e+00 -2.103666506561771676e+00 1.248526043218113335e-01 -3.917793890577266902e-01
-2.627974351381278328e+00 -2.133398784232332979e+00 9.764407036269118212e-02 -1.855873069559332400e+00
2.603508213857644193e+00 5.834587391946843837e-02 8.835729031314866200e-01 -1.198543769260026481e-01
-3.861055476018401045e+00 -2.287374458040041247e-01 1.441684064344758820e+00 -8.682345353459353099e-03
1.189818427230397546e+00 5.083419294504748720e+00 1.675808188141428179e+00 -1.690337760231654940e+00
1.402329495756386102e+00 2.647537531733075156e+00 1.834987596305575064e+00 -1.330594724494933212e+00
1.612446542071919175e+00 -1.933392376535048029e-01 1.377114215273510744e+00 -9.167958724443656671e-01
-3.476826063196933436e+00 1.867058517864769840e+00 1.558456859788642346e+00 -3.786481776252148546e-01
5.926333131874722326e+00 -4.584310606587244763e+00 1.253364581814346623e+00 -3.453614694215190184e-01
-3.701922788850079638e+00 6.010012692696664161e+00 1.519567963083370721e+00 -9.961208577139868403e-02
-3.648632284712589158e+00 -3.484440184397703089e+00 1.633211127601710277e+00 -1.510056078307971950e-01
1.537025912920937820e+00 4.070439238426178719e+00 4.087338496882642058e-02 -1.067489488579691059e+00
5.926605707818536573e+00 3.868659946819061446e+00 6.797266368994026031e-03 -3.457736699168854066e-01
2.961810446467346480e+00 1.534862084853500619e+00 9.281933678741052240e-01 -6.481334634560287355e-01
-1.180396595953210337e-01 1.092993351056079199e+00 1.833364065613031224e-01 -7.661074969224701547e-01
-1.248986503366920076e-01 5.122588789670471598e+00 1.731418399603819491e+00 -7.527924437221080733e-01
3.083358145405783901e+00 -2.170178231362435817e+00 6.840956942059694956e-02 -8.837941227453186555e-01
-6.199063278023996482e+00 1.993258375635283741e+00 1.747920731276773498e+00 -1.167451459753721998e+00
-4.311135788783460043e-01 -4.922262648296101162e+00 5.924702648193166388e-01 -2.407062366745794657e-01
2.957170954586926470e+00 3.951820240236212811e+00 1.232747156867386451e-03 -6.394631413334046499e-01
3.455347470824809974e+00 -2.151171524639673649e+00 8.289748671783214728e-02 -1.587130649254783865e+00
5.035481268790782394e+00 -2.217131395056418874e+00 3.842841130016150242e-02 -3.978553884602520352e-01
5.196644278029561193e+00 -3.358135593569331778e+00 1.419673772310979798e+00 -1.759571610673807962e-01
-2.820490933160026970e+00 1.937108448945737749e+00 1.668822856188025172e+00 -1.598961360761809170e+00
1.890947969198228051e+00 1.927722068014579904e+00 1.654749746630364671e+00 -4.025613226500001085e-01
-4.099169645061258471e+00 1.551754476696866725e+00 9.619255050344475144e-01 -5.870750299854599064e-02
-5.557710035077812805e+00 -3.286353736570691630e+00 1.285494310936567075e+00 -1.992827085754196759e+00
2.449982782228822487e+00 3.165256305795749014e+00 9.526903614739170578e-01 -1.754096530357129868e-02
5.426929652468103882e+00 2.954938540020034310e+00 1.364697798142409102e+00 -1.002477388169753514e-02
3.026150073304625820e+00 -4.923826923388731736e+00 5.896152970877561739e-01 -7.711607147870792600e-01
4.240677997350960737e+00 -1.049418921027298168e+00 1.863795494498464711e+00 -1.809571602886684172e+00
-5.333589862172275708e+00 5.357587298672576992e+00 1.960944904898588081e+00 -1.946561354723689075e+00
-5.224824852292666577e+00 6.218787998994184107e+00 1.128438836259175293e+00 -1.854647604802033722e+00
4.487029126517938948e+00 7.497463557639623133e-01 2.541025909831629015e-03 -1.435613480146906262e+00
2.814102221232056777e+00 -5.208604780565098125e+00 1.626422998272454290e-01 -3.908559319798567966e-01
-2.716042773787056053e+00 1.604402441163882642e+00 1.067161635142574339e+00 -1.752005773472163686e+00
-1.126949541756375517e+00 1.824039401904245850e+00 1.485107546303020776e+00 -2.243820127799543984e-01
7.268484567903605864e-01 -3.517035069093111588e+00 1.682285914100938307e+00 -1.993151694566527077e+00
